run,type,module,name,attrname,attrvalue,value
General-317-20260718-15:48:02-5193,runattr,,,configname,General,
General-317-20260718-15:48:02-5193,runattr,,,datetime,20260718-15:48:02,
General-317-20260718-15:48:02-5193,runattr,,,datetimef,20260718-154802,
General-317-20260718-15:48:02-5193,runattr,,,experiment,General,
General-317-20260718-15:48:02-5193,runattr,,,inifile,Test_MLModel_1.ini,
General-317-20260718-15:48:02-5193,runattr,,,iterationvars,"$myraan=195, $threshold=0.20, $0=51904",
General-317-20260718-15:48:02-5193,runattr,,,iterationvarsd,myraan=195/threshold=0.20/51904,
General-317-20260718-15:48:02-5193,runattr,,,iterationvarsf,"myraan=195,threshold=0.20,51904-",
General-317-20260718-15:48:02-5193,runattr,,,measurement,"$myraan=195, $threshold=0.20, $0=51904",
General-317-20260718-15:48:02-5193,runattr,,,network,Florasat.Test_Individual.Florasat_Individual_Sats,
General-317-20260718-15:48:02-5193,runattr,,,processid,5193,
General-317-20260718-15:48:02-5193,runattr,,,repetition,7,
General-317-20260718-15:48:02-5193,runattr,,,replication,#7,
General-317-20260718-15:48:02-5193,runattr,,,resultdir,results,
General-317-20260718-15:48:02-5193,runattr,,,runnumber,317,
General-317-20260718-15:48:02-5193,runattr,,,seedset,317,
General-317-20260718-15:48:02-5193,itervar,,,myraan,195,
General-317-20260718-15:48:02-5193,itervar,,,threshold,0.20,
General-317-20260718-15:48:02-5193,config,,,*.stats_altitude,670,
General-317-20260718-15:48:02-5193,config,,,*.stats_raan,185,
General-317-20260718-15:48:02-5193,config,,,image-path,../../images:../../../../samples/inet4.5_2/images,
General-317-20260718-15:48:02-5193,config,,,network,Florasat.Test_Individual.Florasat_Individual_Sats,
General-317-20260718-15:48:02-5193,config,,,rng-class,cMersenneTwister,
General-317-20260718-15:48:02-5193,config,,,*.**.result-recording-modes,-,
General-317-20260718-15:48:02-5193,config,,,**.result-recording-modes,-,
General-317-20260718-15:48:02-5193,config,,,**.statistic-recording,true,
General-317-20260718-15:48:02-5193,config,,,**.scalar-recording,true,
General-317-20260718-15:48:02-5193,config,,,**.vector-recording,true,
General-317-20260718-15:48:02-5193,config,,,**.vector-record-eventnumbers,true,
General-317-20260718-15:48:02-5193,config,,,repeat,10,
General-317-20260718-15:48:02-5193,config,,,seed-0-mt,51904,
General-317-20260718-15:48:02-5193,config,,,sim-time-limit,749s,
General-317-20260718-15:48:02-5193,config,,,simtime-resolution,-11,
General-317-20260718-15:48:02-5193,config,,,**.stats_altitude,670,
General-317-20260718-15:48:02-5193,config,,,**.stats_raan,185,
General-317-20260718-15:48:02-5193,config,,,*.radioMedium.backgroundNoise.power,-110dBm,
General-317-20260718-15:48:02-5193,config,,,*.radioMedium.mediumLimitCache.centerFrequency,868MHz,
General-317-20260718-15:48:02-5193,config,,,*.radioMedium.mediumLimitCache.maxTransmissionDuration,4s,
General-317-20260718-15:48:02-5193,config,,,*.radioMedium.mediumLimitCache.minInterferenceTime,0s,
General-317-20260718-15:48:02-5193,config,,,**.numSatellites,1,
General-317-20260718-15:48:02-5193,config,,,*.satellite[*].mobilityType,"""Sat_Mob_SatelliteMobility_Standalone""",
General-317-20260718-15:48:02-5193,config,,,*.satellite[*].noradModuleType,"""Sat_Mob_NoradA""",
General-317-20260718-15:48:02-5193,config,,,**.satellite[*].**.initFromDisplayString,false,
General-317-20260718-15:48:02-5193,config,,,*.satellite[*].mobility.faceForward,true,
General-317-20260718-15:48:02-5193,config,,,*.satellite[*].mobility.updateInterval,20s,
General-317-20260718-15:48:02-5193,config,,,*.satellite[*].NoradModule.satName,"""FLoRaSat""",
General-317-20260718-15:48:02-5193,config,,,*.satellite[*].NoradModule.satIndex,-1,
General-317-20260718-15:48:02-5193,config,,,*.satellite[*].NoradModule.baseYear,20,
General-317-20260718-15:48:02-5193,config,,,*.satellite[*].NoradModule.baseDay,1.5,
General-317-20260718-15:48:02-5193,config,,,*.satellite[*].NoradModule.planes,1,
General-317-20260718-15:48:02-5193,config,,,*.satellite[*].NoradModule.satPerPlane,1,
General-317-20260718-15:48:02-5193,config,,,*.satellite[*].NoradModule.eccentricity,0.000001,
General-317-20260718-15:48:02-5193,config,,,*.satellite[*].NoradModule.inclination,98,
General-317-20260718-15:48:02-5193,config,,,*.satellite[*].NoradModule.altitude,670,
General-317-20260718-15:48:02-5193,config,,,*.satellite[0].NoradModule.raan,195,
General-317-20260718-15:48:02-5193,config,,,*.satellite[0].NoradModule.meanAnomaly,195,
General-317-20260718-15:48:02-5193,config,,,*.satellite[*].phyDSL.radio.receiver.enableCollisionOverlap,true,
General-317-20260718-15:48:02-5193,config,,,*.satellite[*].phyDSL.radio.receiver.minCollisionOverlap,0s,
General-317-20260718-15:48:02-5193,config,,,*.satellite[*].phyDSL.radio.antenna.typename,ConstantGainAntenna,
General-317-20260718-15:48:02-5193,config,,,*.satellite[*].phyDSL.radio.antenna.mobilityModule,"""^.^.^.mobility""",
General-317-20260718-15:48:02-5193,config,,,*.satellite[*].phyISL.radio.antenna.mobilityModule,"""^.^.^.mobility""",
General-317-20260718-15:48:02-5193,config,,,*.satellite[*].phyGSL.radio.antenna.mobilityModule,"""^.^.^.mobility""",
General-317-20260718-15:48:02-5193,config,,,*.satellite[*].phyDSL.radio.antenna.gain,12dB,
General-317-20260718-15:48:02-5193,config,,,*.satellite[*].net.routingType,"""Null_Routing""",
General-317-20260718-15:48:02-5193,config,,,*.terminal[*].net.routingType,"""Ter_Null_Routing""",
General-317-20260718-15:48:02-5193,config,,,*.**.numGroundLinks,40,
General-317-20260718-15:48:02-5193,config,,,*.satellite[*].**.interfaceTableModule,"""""",
General-317-20260718-15:48:02-5193,config,,,**.radioMedium.typename,LoRaMedium,
General-317-20260718-15:48:02-5193,config,,,**.radioMedium.analogModel.typename,LoRaAnalogModel,
General-317-20260718-15:48:02-5193,config,,,**.intraPlaneIslDisabled,false,
General-317-20260718-15:48:02-5193,config,,,**.interPlaneIslDisabled,false,
General-317-20260718-15:48:02-5193,config,,,**.numTerminals,60,
General-317-20260718-15:48:02-5193,config,,,*.terminal[*].phy.radio.antenna.mobilityModule,"""^.^.^.mob""",
General-317-20260718-15:48:02-5193,config,,,*.terminal[*].dlk.mac.interfaceTableModule,"""""",
General-317-20260718-15:48:02-5193,config,,,*.terminal[*].dlk.energySourceModule,"""""",
General-317-20260718-15:48:02-5193,config,,,*.terminal[*].dlk.mac.LoRaTP,"intuniform(12, 14)",
General-317-20260718-15:48:02-5193,config,,,*.terminal[*].dlk.mac.LoRaSF,"intuniform(10, 12)",
General-317-20260718-15:48:02-5193,config,,,*.terminal[*].dlk.mac.useMLBox,true,
General-317-20260718-15:48:02-5193,config,,,*.terminal[*].dlk.mac.mlBox.modelPath,"""/home/ylnner/Documents/omnet++/omnetpp-6.3.0/projects/florasat_v4_ult_routing/simulations/Test_Individual/mlmodels/transformer_scripted.pt""",
General-317-20260718-15:48:02-5193,config,,,*.terminal[*].dlk.mac.mlBox.threshold,0.20,
General-317-20260718-15:48:02-5193,config,,,**.numberOfPacketsToSend,0,
General-317-20260718-15:48:02-5193,config,,,**.timeToFirstPacket,1s,
General-317-20260718-15:48:02-5193,config,,,**.timeToNextPacket,115s,
General-317-20260718-15:48:02-5193,config,,,*.terminal[0].mob.radius,0.0,
General-317-20260718-15:48:02-5193,config,,,*.terminal[0].mob.centerLatitude,54.978,
General-317-20260718-15:48:02-5193,config,,,*.terminal[0].mob.centerLongitude,-1.617,
General-317-20260718-15:48:02-5193,config,,,*.terminal[1].mob.radius,0.0,
General-317-20260718-15:48:02-5193,config,,,*.terminal[1].mob.centerLatitude,52.630,
General-317-20260718-15:48:02-5193,config,,,*.terminal[1].mob.centerLongitude,-1.139,
General-317-20260718-15:48:02-5193,config,,,*.terminal[2].mob.radius,0.0,
General-317-20260718-15:48:02-5193,config,,,*.terminal[2].mob.centerLatitude,52.612,
General-317-20260718-15:48:02-5193,config,,,*.terminal[2].mob.centerLongitude,-6.295,
General-317-20260718-15:48:02-5193,config,,,*.terminal[3].mob.radius,0.0,
General-317-20260718-15:48:02-5193,config,,,*.terminal[3].mob.centerLatitude,47.243,
General-317-20260718-15:48:02-5193,config,,,*.terminal[3].mob.centerLongitude,6.024,
General-317-20260718-15:48:02-5193,config,,,*.terminal[4].mob.radius,0.0,
General-317-20260718-15:48:02-5193,config,,,*.terminal[4].mob.centerLatitude,43.610,
General-317-20260718-15:48:02-5193,config,,,*.terminal[4].mob.centerLongitude,3.876,
General-317-20260718-15:48:02-5193,config,,,*.terminal[5].mob.radius,0.0,
General-317-20260718-15:48:02-5193,config,,,*.terminal[5].mob.centerLatitude,49.443,
General-317-20260718-15:48:02-5193,config,,,*.terminal[5].mob.centerLongitude,1.099,
General-317-20260718-15:48:02-5193,config,,,*.terminal[6].mob.radius,0.0,
General-317-20260718-15:48:02-5193,config,,,*.terminal[6].mob.centerLatitude,37.992,
General-317-20260718-15:48:02-5193,config,,,*.terminal[6].mob.centerLongitude,-1.130,
General-317-20260718-15:48:02-5193,config,,,*.terminal[7].mob.radius,0.0,
General-317-20260718-15:48:02-5193,config,,,*.terminal[7].mob.centerLatitude,40.965,
General-317-20260718-15:48:02-5193,config,,,*.terminal[7].mob.centerLongitude,-5.664,
General-317-20260718-15:48:02-5193,config,,,*.terminal[8].mob.radius,0.0,
General-317-20260718-15:48:02-5193,config,,,*.terminal[8].mob.centerLatitude,40.657,
General-317-20260718-15:48:02-5193,config,,,*.terminal[8].mob.centerLongitude,-7.914,
General-317-20260718-15:48:02-5193,config,,,*.terminal[9].mob.radius,0.0,
General-317-20260718-15:48:02-5193,config,,,*.terminal[9].mob.centerLatitude,51.340,
General-317-20260718-15:48:02-5193,config,,,*.terminal[9].mob.centerLongitude,12.373,
General-317-20260718-15:48:02-5193,config,,,*.terminal[10].mob.radius,0.0,
General-317-20260718-15:48:02-5193,config,,,*.terminal[10].mob.centerLatitude,51.455,
General-317-20260718-15:48:02-5193,config,,,*.terminal[10].mob.centerLongitude,7.011,
General-317-20260718-15:48:02-5193,config,,,*.terminal[11].mob.radius,0.0,
General-317-20260718-15:48:02-5193,config,,,*.terminal[11].mob.centerLatitude,49.452,
General-317-20260718-15:48:02-5193,config,,,*.terminal[11].mob.centerLongitude,11.076,
General-317-20260718-15:48:02-5193,config,,,*.terminal[12].mob.radius,0.0,
General-317-20260718-15:48:02-5193,config,,,*.terminal[12].mob.centerLatitude,43.769,
General-317-20260718-15:48:02-5193,config,,,*.terminal[12].mob.centerLongitude,11.255,
General-317-20260718-15:48:02-5193,config,,,*.terminal[13].mob.radius,0.0,
General-317-20260718-15:48:02-5193,config,,,*.terminal[13].mob.centerLatitude,41.117,
General-317-20260718-15:48:02-5193,config,,,*.terminal[13].mob.centerLongitude,16.871,
General-317-20260718-15:48:02-5193,config,,,*.terminal[14].mob.radius,0.0,
General-317-20260718-15:48:02-5193,config,,,*.terminal[14].mob.centerLatitude,52.132,
General-317-20260718-15:48:02-5193,config,,,*.terminal[14].mob.centerLongitude,5.291,
General-317-20260718-15:48:02-5193,config,,,*.terminal[15].mob.radius,0.0,
General-317-20260718-15:48:02-5193,config,,,*.terminal[15].mob.centerLatitude,50.411,
General-317-20260718-15:48:02-5193,config,,,*.terminal[15].mob.centerLongitude,4.444,
General-317-20260718-15:48:02-5193,config,,,*.terminal[16].mob.radius,0.0,
General-317-20260718-15:48:02-5193,config,,,*.terminal[16].mob.centerLatitude,47.559,
General-317-20260718-15:48:02-5193,config,,,*.terminal[16].mob.centerLongitude,7.588,
General-317-20260718-15:48:02-5193,config,,,*.terminal[17].mob.radius,0.0,
General-317-20260718-15:48:02-5193,config,,,*.terminal[17].mob.centerLatitude,55.403,
General-317-20260718-15:48:02-5193,config,,,*.terminal[17].mob.centerLongitude,10.402,
General-317-20260718-15:48:02-5193,config,,,*.terminal[18].mob.radius,0.0,
General-317-20260718-15:48:02-5193,config,,,*.terminal[18].mob.centerLatitude,59.858,
General-317-20260718-15:48:02-5193,config,,,*.terminal[18].mob.centerLongitude,17.638,
General-317-20260718-15:48:02-5193,config,,,*.terminal[19].mob.radius,0.0,
General-317-20260718-15:48:02-5193,config,,,*.terminal[19].mob.centerLatitude,60.451,
General-317-20260718-15:48:02-5193,config,,,*.terminal[19].mob.centerLongitude,22.266,
General-317-20260718-15:48:02-5193,config,,,*.terminal[20].mob.radius,0.0,
General-317-20260718-15:48:02-5193,config,,,*.terminal[20].mob.centerLatitude,56.325,
General-317-20260718-15:48:02-5193,config,,,*.terminal[20].mob.centerLongitude,22.349,
General-317-20260718-15:48:02-5193,config,,,*.terminal[21].mob.radius,0.0,
General-317-20260718-15:48:02-5193,config,,,*.terminal[21].mob.centerLatitude,49.883,
General-317-20260718-15:48:02-5193,config,,,*.terminal[21].mob.centerLongitude,18.568,
General-317-20260718-15:48:02-5193,config,,,*.terminal[22].mob.radius,0.0,
General-317-20260718-15:48:02-5193,config,,,*.terminal[22].mob.centerLatitude,47.531,
General-317-20260718-15:48:02-5193,config,,,*.terminal[22].mob.centerLongitude,21.627,
General-317-20260718-15:48:02-5193,config,,,*.terminal[23].mob.radius,0.0,
General-317-20260718-15:48:02-5193,config,,,*.terminal[23].mob.centerLatitude,44.179,
General-317-20260718-15:48:02-5193,config,,,*.terminal[23].mob.centerLongitude,28.649,
General-317-20260718-15:48:02-5193,config,,,*.terminal[24].mob.radius,0.0,
General-317-20260718-15:48:02-5193,config,,,*.terminal[24].mob.centerLatitude,45.327,
General-317-20260718-15:48:02-5193,config,,,*.terminal[24].mob.centerLongitude,14.442,
General-317-20260718-15:48:02-5193,config,,,*.terminal[25].mob.radius,0.0,
General-317-20260718-15:48:02-5193,config,,,*.terminal[25].mob.centerLatitude,40.694,
General-317-20260718-15:48:02-5193,config,,,*.terminal[25].mob.centerLongitude,30.400,
General-317-20260718-15:48:02-5193,config,,,*.terminal[26].mob.radius,0.0,
General-317-20260718-15:48:02-5193,config,,,*.terminal[26].mob.centerLatitude,37.066,
General-317-20260718-15:48:02-5193,config,,,*.terminal[26].mob.centerLongitude,37.383,
General-317-20260718-15:48:02-5193,config,,,*.terminal[27].mob.radius,0.0,
General-317-20260718-15:48:02-5193,config,,,*.terminal[27].mob.centerLatitude,64.836,
General-317-20260718-15:48:02-5193,config,,,*.terminal[27].mob.centerLongitude,-23.708,
General-317-20260718-15:48:02-5193,config,,,*.terminal[28].mob.radius,0.0,
General-317-20260718-15:48:02-5193,config,,,*.terminal[28].mob.centerLatitude,28.099,
General-317-20260718-15:48:02-5193,config,,,*.terminal[28].mob.centerLongitude,-17.113,
General-317-20260718-15:48:02-5193,config,,,*.terminal[29].mob.radius,0.0,
General-317-20260718-15:48:02-5193,config,,,*.terminal[29].mob.centerLatitude,34.921,
General-317-20260718-15:48:02-5193,config,,,*.terminal[29].mob.centerLongitude,33.623,
General-317-20260718-15:48:02-5193,config,,,*.terminal[30].mob.radius,0.0,
General-317-20260718-15:48:02-5193,config,,,*.terminal[30].mob.centerLatitude,55.953,
General-317-20260718-15:48:02-5193,config,,,*.terminal[30].mob.centerLongitude,-3.188,
General-317-20260718-15:48:02-5193,config,,,*.terminal[31].mob.radius,0.0,
General-317-20260718-15:48:02-5193,config,,,*.terminal[31].mob.centerLatitude,51.481,
General-317-20260718-15:48:02-5193,config,,,*.terminal[31].mob.centerLongitude,-3.179,
General-317-20260718-15:48:02-5193,config,,,*.terminal[32].mob.radius,0.0,
General-317-20260718-15:48:02-5193,config,,,*.terminal[32].mob.centerLatitude,53.349,
General-317-20260718-15:48:02-5193,config,,,*.terminal[32].mob.centerLongitude,-6.260,
General-317-20260718-15:48:02-5193,config,,,*.terminal[33].mob.radius,0.0,
General-317-20260718-15:48:02-5193,config,,,*.terminal[33].mob.centerLatitude,45.764,
General-317-20260718-15:48:02-5193,config,,,*.terminal[33].mob.centerLongitude,4.835,
General-317-20260718-15:48:02-5193,config,,,*.terminal[34].mob.radius,0.0,
General-317-20260718-15:48:02-5193,config,,,*.terminal[34].mob.centerLatitude,48.573,
General-317-20260718-15:48:02-5193,config,,,*.terminal[34].mob.centerLongitude,7.752,
General-317-20260718-15:48:02-5193,config,,,*.terminal[35].mob.radius,0.0,
General-317-20260718-15:48:02-5193,config,,,*.terminal[35].mob.centerLatitude,44.837,
General-317-20260718-15:48:02-5193,config,,,*.terminal[35].mob.centerLongitude,-0.579,
General-317-20260718-15:48:02-5193,config,,,*.terminal[36].mob.radius,0.0,
General-317-20260718-15:48:02-5193,config,,,*.terminal[36].mob.centerLatitude,41.385,
General-317-20260718-15:48:02-5193,config,,,*.terminal[36].mob.centerLongitude,2.173,
General-317-20260718-15:48:02-5193,config,,,*.terminal[37].mob.radius,0.0,
General-317-20260718-15:48:02-5193,config,,,*.terminal[37].mob.centerLatitude,41.157,
General-317-20260718-15:48:02-5193,config,,,*.terminal[37].mob.centerLongitude,-8.629,
General-317-20260718-15:48:02-5193,config,,,*.terminal[38].mob.radius,0.0,
General-317-20260718-15:48:02-5193,config,,,*.terminal[38].mob.centerLatitude,37.389,
General-317-20260718-15:48:02-5193,config,,,*.terminal[38].mob.centerLongitude,-5.984,
General-317-20260718-15:48:02-5193,config,,,*.terminal[39].mob.radius,0.0,
General-317-20260718-15:48:02-5193,config,,,*.terminal[39].mob.centerLatitude,53.551,
General-317-20260718-15:48:02-5193,config,,,*.terminal[39].mob.centerLongitude,9.993,
General-317-20260718-15:48:02-5193,config,,,*.terminal[40].mob.radius,0.0,
General-317-20260718-15:48:02-5193,config,,,*.terminal[40].mob.centerLatitude,48.135,
General-317-20260718-15:48:02-5193,config,,,*.terminal[40].mob.centerLongitude,11.582,
General-317-20260718-15:48:02-5193,config,,,*.terminal[41].mob.radius,0.0,
General-317-20260718-15:48:02-5193,config,,,*.terminal[41].mob.centerLatitude,50.110,
General-317-20260718-15:48:02-5193,config,,,*.terminal[41].mob.centerLongitude,8.682,
General-317-20260718-15:48:02-5193,config,,,*.terminal[42].mob.radius,0.0,
General-317-20260718-15:48:02-5193,config,,,*.terminal[42].mob.centerLatitude,45.464,
General-317-20260718-15:48:02-5193,config,,,*.terminal[42].mob.centerLongitude,9.190,
General-317-20260718-15:48:02-5193,config,,,*.terminal[43].mob.radius,0.0,
General-317-20260718-15:48:02-5193,config,,,*.terminal[43].mob.centerLatitude,40.851,
General-317-20260718-15:48:02-5193,config,,,*.terminal[43].mob.centerLongitude,14.268,
General-317-20260718-15:48:02-5193,config,,,*.terminal[44].mob.radius,0.0,
General-317-20260718-15:48:02-5193,config,,,*.terminal[44].mob.centerLatitude,51.209,
General-317-20260718-15:48:02-5193,config,,,*.terminal[44].mob.centerLongitude,3.224,
General-317-20260718-15:48:02-5193,config,,,*.terminal[45].mob.radius,0.0,
General-317-20260718-15:48:02-5193,config,,,*.terminal[45].mob.centerLatitude,48.208,
General-317-20260718-15:48:02-5193,config,,,*.terminal[45].mob.centerLongitude,16.373,
General-317-20260718-15:48:02-5193,config,,,*.terminal[46].mob.radius,0.0,
General-317-20260718-15:48:02-5193,config,,,*.terminal[46].mob.centerLatitude,52.229,
General-317-20260718-15:48:02-5193,config,,,*.terminal[46].mob.centerLongitude,21.012,
General-317-20260718-15:48:02-5193,config,,,*.terminal[47].mob.radius,0.0,
General-317-20260718-15:48:02-5193,config,,,*.terminal[47].mob.centerLatitude,59.913,
General-317-20260718-15:48:02-5193,config,,,*.terminal[47].mob.centerLongitude,10.752,
General-317-20260718-15:48:02-5193,config,,,*.terminal[48].mob.radius,0.0,
General-317-20260718-15:48:02-5193,config,,,*.terminal[48].mob.centerLatitude,56.949,
General-317-20260718-15:48:02-5193,config,,,*.terminal[48].mob.centerLongitude,24.105,
General-317-20260718-15:48:02-5193,config,,,*.terminal[49].mob.radius,0.0,
General-317-20260718-15:48:02-5193,config,,,*.terminal[49].mob.centerLatitude,59.437,
General-317-20260718-15:48:02-5193,config,,,*.terminal[49].mob.centerLongitude,24.753,
General-317-20260718-15:48:02-5193,config,,,*.terminal[50].mob.radius,0.0,
General-317-20260718-15:48:02-5193,config,,,*.terminal[50].mob.centerLatitude,50.075,
General-317-20260718-15:48:02-5193,config,,,*.terminal[50].mob.centerLongitude,14.437,
General-317-20260718-15:48:02-5193,config,,,*.terminal[51].mob.radius,0.0,
General-317-20260718-15:48:02-5193,config,,,*.terminal[51].mob.centerLatitude,42.697,
General-317-20260718-15:48:02-5193,config,,,*.terminal[51].mob.centerLongitude,23.321,
General-317-20260718-15:48:02-5193,config,,,*.terminal[52].mob.radius,0.0,
General-317-20260718-15:48:02-5193,config,,,*.terminal[52].mob.centerLatitude,45.815,
General-317-20260718-15:48:02-5193,config,,,*.terminal[52].mob.centerLongitude,15.981,
General-317-20260718-15:48:02-5193,config,,,*.terminal[53].mob.radius,0.0,
General-317-20260718-15:48:02-5193,config,,,*.terminal[53].mob.centerLatitude,40.640,
General-317-20260718-15:48:02-5193,config,,,*.terminal[53].mob.centerLongitude,22.944,
General-317-20260718-15:48:02-5193,config,,,*.terminal[54].mob.radius,0.0,
General-317-20260718-15:48:02-5193,config,,,*.terminal[54].mob.centerLatitude,39.933,
General-317-20260718-15:48:02-5193,config,,,*.terminal[54].mob.centerLongitude,32.859,
General-317-20260718-15:48:02-5193,config,,,*.terminal[55].mob.radius,0.0,
General-317-20260718-15:48:02-5193,config,,,*.terminal[55].mob.centerLatitude,38.419,
General-317-20260718-15:48:02-5193,config,,,*.terminal[55].mob.centerLongitude,27.128,
General-317-20260718-15:48:02-5193,config,,,*.terminal[56].mob.radius,0.0,
General-317-20260718-15:48:02-5193,config,,,*.terminal[56].mob.centerLatitude,35.898,
General-317-20260718-15:48:02-5193,config,,,*.terminal[56].mob.centerLongitude,14.514,
General-317-20260718-15:48:02-5193,config,,,*.terminal[57].mob.radius,0.0,
General-317-20260718-15:48:02-5193,config,,,*.terminal[57].mob.centerLatitude,65.683,
General-317-20260718-15:48:02-5193,config,,,*.terminal[57].mob.centerLongitude,-18.087,
General-317-20260718-15:48:02-5193,config,,,*.terminal[58].mob.radius,0.0,
General-317-20260718-15:48:02-5193,config,,,*.terminal[58].mob.centerLatitude,28.463,
General-317-20260718-15:48:02-5193,config,,,*.terminal[58].mob.centerLongitude,-16.251,
General-317-20260718-15:48:02-5193,config,,,*.terminal[59].mob.radius,0.0,
General-317-20260718-15:48:02-5193,config,,,*.terminal[59].mob.centerLatitude,35.185,
General-317-20260718-15:48:02-5193,config,,,*.terminal[59].mob.centerLongitude,33.382,
General-317-20260718-15:48:02-5193,config,,,**.numStations,3,
General-317-20260718-15:48:02-5193,config,,,**.numStations,3,
General-317-20260718-15:48:02-5193,config,,,*.station[0].mobility.latitude,55.752,
General-317-20260718-15:48:02-5193,config,,,*.station[0].mobility.longitude,37.616,
General-317-20260718-15:48:02-5193,config,,,*.station[0].cityName,"""Moscow""",
General-317-20260718-15:48:02-5193,config,,,*.station[0].groundStationId,7,
General-317-20260718-15:48:02-5193,config,,,*.station[0].routerAddr,"""10.0.0.29""",
General-317-20260718-15:48:02-5193,config,,,*.station[0].serving,"""10.0.0.29""",
General-317-20260718-15:48:02-5193,config,,,*.station[1].mobility.latitude,28.652,
General-317-20260718-15:48:02-5193,config,,,*.station[1].mobility.longitude,77.231,
General-317-20260718-15:48:02-5193,config,,,*.station[1].cityName,"""Delhi""",
General-317-20260718-15:48:02-5193,config,,,*.station[1].groundStationId,11,
General-317-20260718-15:48:02-5193,config,,,*.station[1].routerAddr,"""10.0.0.45""",
General-317-20260718-15:48:02-5193,config,,,*.station[1].serving,"""10.0.0.45""",
General-317-20260718-15:48:02-5193,config,,,*.station[2].mobility.latitude,25.35,
General-317-20260718-15:48:02-5193,config,,,*.station[2].mobility.longitude,51.24,
General-317-20260718-15:48:02-5193,config,,,*.station[2].cityName,"""Katar""",
General-317-20260718-15:48:02-5193,config,,,*.station[2].groundStationId,19,
General-317-20260718-15:48:02-5193,config,,,*.station[2].routerAddr,"""10.0.0.77""",
General-317-20260718-15:48:02-5193,config,,,*.station[2].serving,"""10.0.0.77""",
General-317-20260718-15:48:02-5193,config,,,*.visualizer.canvasVisualizer.mediumVisualizer.typename,,
General-317-20260718-15:48:02-5193,config,,,*.visualizer.*.radioVisualizer.displayAntennaLobes,true,
General-317-20260718-15:48:02-5193,config,,,*.visualizer.*.dataLinkVisualizer.displayLinks,true,
General-317-20260718-15:48:02-5193,config,,,*.visualizer.*.mobilityVisualizer.displayMovementTrails,true,
General-317-20260718-15:48:02-5193,config,,,*.visualizer.*.mobilityVisualizer.movementTrailLineWidth,1,
General-317-20260718-15:48:02-5193,config,,,*.visualizer.*.mobilityVisualizer.trailLength,3000,
General-317-20260718-15:48:02-5193,config,,,**.ttxStart_max,1s,
General-317-20260718-15:48:02-5193,config,,,**.ttxIdle_min,10s,
General-317-20260718-15:48:02-5193,config,,,**.ttxIdle_max,15s,
General-317-20260718-15:48:02-5193,config,,,**.Ntw,1,
General-317-20260718-15:48:02-5193,config,,,**.Ntx,5,
General-317-20260718-15:48:02-5193,config,,,**.ttwDuration,100s,
General-317-20260718-15:48:02-5193,config,,,output-scalar-file,results/results_florasat_ml_trf/transformer-raan-195-th-0.20-General-7.sca,
General-317-20260718-15:48:02-5193,config,,,output-vector-file,results/results_florasat_ml_trf/transformer-raan-195-th-0.20-General-7.vec,
General-317-20260718-15:48:02-5193,scalar,Florasat_Individual_Sats.radioMedium.propagation,Arrival computation count,,,75240
General-317-20260718-15:48:02-5193,scalar,Florasat_Individual_Sats.radioMedium,transmission count,,,1254
General-317-20260718-15:48:02-5193,scalar,Florasat_Individual_Sats.radioMedium,signal send count,,,1254
General-317-20260718-15:48:02-5193,scalar,Florasat_Individual_Sats.radioMedium,reception computation count,,,1254
General-317-20260718-15:48:02-5193,scalar,Florasat_Individual_Sats.radioMedium,interference computation count,,,2571
General-317-20260718-15:48:02-5193,scalar,Florasat_Individual_Sats.radioMedium,reception decision computation count,,,1254
General-317-20260718-15:48:02-5193,scalar,Florasat_Individual_Sats.radioMedium,listening decision computation count,,,63
General-317-20260718-15:48:02-5193,scalar,Florasat_Individual_Sats.radioMedium,reception cache hit,,,96.962430055955
General-317-20260718-15:48:02-5193,attr,Florasat_Individual_Sats.radioMedium,reception cache hit,unit,%,
General-317-20260718-15:48:02-5193,scalar,Florasat_Individual_Sats.radioMedium,interference cache hit,,,66.666666666667
General-317-20260718-15:48:02-5193,attr,Florasat_Individual_Sats.radioMedium,interference cache hit,unit,%,
General-317-20260718-15:48:02-5193,scalar,Florasat_Individual_Sats.radioMedium,noise cache hit,,,0
General-317-20260718-15:48:02-5193,attr,Florasat_Individual_Sats.radioMedium,noise cache hit,unit,%,
General-317-20260718-15:48:02-5193,scalar,Florasat_Individual_Sats.radioMedium,snir cache hit,,,50
General-317-20260718-15:48:02-5193,attr,Florasat_Individual_Sats.radioMedium,snir cache hit,unit,%,
General-317-20260718-15:48:02-5193,scalar,Florasat_Individual_Sats.radioMedium,reception decision cache hit,,,30.255839822024
General-317-20260718-15:48:02-5193,attr,Florasat_Individual_Sats.radioMedium,reception decision cache hit,unit,%,
General-317-20260718-15:48:02-5193,scalar,Florasat_Individual_Sats.radioMedium,reception result cache hit,,,0
General-317-20260718-15:48:02-5193,attr,Florasat_Individual_Sats.radioMedium,reception result cache hit,unit,%,
General-317-20260718-15:48:02-5193,scalar,Florasat_Individual_Sats.terminal[0].phy.radio.receiver,numCollisions,,,0
General-317-20260718-15:48:02-5193,scalar,Florasat_Individual_Sats.terminal[0].phy.radio.receiver,rcvBelowSensitivity,,,0
General-317-20260718-15:48:02-5193,scalar,Florasat_Individual_Sats.terminal[0].dlk.mac,transmittedRepetitions,,,35
General-317-20260718-15:48:02-5193,scalar,Florasat_Individual_Sats.terminal[0].dlk.mac,transmittedMessages,,,7
General-317-20260718-15:48:02-5193,scalar,Florasat_Individual_Sats.terminal[0].dlk.mac,detectionAttempts,,,0
General-317-20260718-15:48:02-5193,scalar,Florasat_Individual_Sats.terminal[0].dlk.mac,successfulDetections,,,0
General-317-20260718-15:48:02-5193,scalar,Florasat_Individual_Sats.terminal[0].dlk.mac,numTransmissionsApproved,,,12
General-317-20260718-15:48:02-5193,scalar,Florasat_Individual_Sats.terminal[1].phy.radio.receiver,numCollisions,,,0
General-317-20260718-15:48:02-5193,scalar,Florasat_Individual_Sats.terminal[1].phy.radio.receiver,rcvBelowSensitivity,,,0
General-317-20260718-15:48:02-5193,scalar,Florasat_Individual_Sats.terminal[1].dlk.mac,transmittedRepetitions,,,35
General-317-20260718-15:48:02-5193,scalar,Florasat_Individual_Sats.terminal[1].dlk.mac,transmittedMessages,,,7
General-317-20260718-15:48:02-5193,scalar,Florasat_Individual_Sats.terminal[1].dlk.mac,detectionAttempts,,,0
General-317-20260718-15:48:02-5193,scalar,Florasat_Individual_Sats.terminal[1].dlk.mac,successfulDetections,,,0
General-317-20260718-15:48:02-5193,scalar,Florasat_Individual_Sats.terminal[1].dlk.mac,numTransmissionsApproved,,,9
General-317-20260718-15:48:02-5193,scalar,Florasat_Individual_Sats.terminal[2].phy.radio.receiver,numCollisions,,,0
General-317-20260718-15:48:02-5193,scalar,Florasat_Individual_Sats.terminal[2].phy.radio.receiver,rcvBelowSensitivity,,,0
General-317-20260718-15:48:02-5193,scalar,Florasat_Individual_Sats.terminal[2].dlk.mac,transmittedRepetitions,,,35
General-317-20260718-15:48:02-5193,scalar,Florasat_Individual_Sats.terminal[2].dlk.mac,transmittedMessages,,,7
General-317-20260718-15:48:02-5193,scalar,Florasat_Individual_Sats.terminal[2].dlk.mac,detectionAttempts,,,0
General-317-20260718-15:48:02-5193,scalar,Florasat_Individual_Sats.terminal[2].dlk.mac,successfulDetections,,,0
General-317-20260718-15:48:02-5193,scalar,Florasat_Individual_Sats.terminal[2].dlk.mac,numTransmissionsApproved,,,7
General-317-20260718-15:48:02-5193,scalar,Florasat_Individual_Sats.terminal[3].phy.radio.receiver,numCollisions,,,0
General-317-20260718-15:48:02-5193,scalar,Florasat_Individual_Sats.terminal[3].phy.radio.receiver,rcvBelowSensitivity,,,0
General-317-20260718-15:48:02-5193,scalar,Florasat_Individual_Sats.terminal[3].dlk.mac,transmittedRepetitions,,,35
General-317-20260718-15:48:02-5193,scalar,Florasat_Individual_Sats.terminal[3].dlk.mac,transmittedMessages,,,7
General-317-20260718-15:48:02-5193,scalar,Florasat_Individual_Sats.terminal[3].dlk.mac,detectionAttempts,,,0
General-317-20260718-15:48:02-5193,scalar,Florasat_Individual_Sats.terminal[3].dlk.mac,successfulDetections,,,0
General-317-20260718-15:48:02-5193,scalar,Florasat_Individual_Sats.terminal[3].dlk.mac,numTransmissionsApproved,,,28
General-317-20260718-15:48:02-5193,scalar,Florasat_Individual_Sats.terminal[4].phy.radio.receiver,numCollisions,,,0
General-317-20260718-15:48:02-5193,scalar,Florasat_Individual_Sats.terminal[4].phy.radio.receiver,rcvBelowSensitivity,,,0
General-317-20260718-15:48:02-5193,scalar,Florasat_Individual_Sats.terminal[4].dlk.mac,transmittedRepetitions,,,35
General-317-20260718-15:48:02-5193,scalar,Florasat_Individual_Sats.terminal[4].dlk.mac,transmittedMessages,,,7
General-317-20260718-15:48:02-5193,scalar,Florasat_Individual_Sats.terminal[4].dlk.mac,detectionAttempts,,,0
General-317-20260718-15:48:02-5193,scalar,Florasat_Individual_Sats.terminal[4].dlk.mac,successfulDetections,,,0
General-317-20260718-15:48:02-5193,scalar,Florasat_Individual_Sats.terminal[4].dlk.mac,numTransmissionsApproved,,,21
General-317-20260718-15:48:02-5193,scalar,Florasat_Individual_Sats.terminal[5].phy.radio.receiver,numCollisions,,,0
General-317-20260718-15:48:02-5193,scalar,Florasat_Individual_Sats.terminal[5].phy.radio.receiver,rcvBelowSensitivity,,,0
General-317-20260718-15:48:02-5193,scalar,Florasat_Individual_Sats.terminal[5].dlk.mac,transmittedRepetitions,,,35
General-317-20260718-15:48:02-5193,scalar,Florasat_Individual_Sats.terminal[5].dlk.mac,transmittedMessages,,,7
General-317-20260718-15:48:02-5193,scalar,Florasat_Individual_Sats.terminal[5].dlk.mac,detectionAttempts,,,0
General-317-20260718-15:48:02-5193,scalar,Florasat_Individual_Sats.terminal[5].dlk.mac,successfulDetections,,,0
General-317-20260718-15:48:02-5193,scalar,Florasat_Individual_Sats.terminal[5].dlk.mac,numTransmissionsApproved,,,17
General-317-20260718-15:48:02-5193,scalar,Florasat_Individual_Sats.terminal[6].phy.radio.receiver,numCollisions,,,0
General-317-20260718-15:48:02-5193,scalar,Florasat_Individual_Sats.terminal[6].phy.radio.receiver,rcvBelowSensitivity,,,0
General-317-20260718-15:48:02-5193,scalar,Florasat_Individual_Sats.terminal[6].dlk.mac,transmittedRepetitions,,,35
General-317-20260718-15:48:02-5193,scalar,Florasat_Individual_Sats.terminal[6].dlk.mac,transmittedMessages,,,7
General-317-20260718-15:48:02-5193,scalar,Florasat_Individual_Sats.terminal[6].dlk.mac,detectionAttempts,,,0
General-317-20260718-15:48:02-5193,scalar,Florasat_Individual_Sats.terminal[6].dlk.mac,successfulDetections,,,0
General-317-20260718-15:48:02-5193,scalar,Florasat_Individual_Sats.terminal[6].dlk.mac,numTransmissionsApproved,,,17
General-317-20260718-15:48:02-5193,scalar,Florasat_Individual_Sats.terminal[7].phy.radio.receiver,numCollisions,,,0
General-317-20260718-15:48:02-5193,scalar,Florasat_Individual_Sats.terminal[7].phy.radio.receiver,rcvBelowSensitivity,,,0
General-317-20260718-15:48:02-5193,scalar,Florasat_Individual_Sats.terminal[7].dlk.mac,transmittedRepetitions,,,35
General-317-20260718-15:48:02-5193,scalar,Florasat_Individual_Sats.terminal[7].dlk.mac,transmittedMessages,,,7
General-317-20260718-15:48:02-5193,scalar,Florasat_Individual_Sats.terminal[7].dlk.mac,detectionAttempts,,,0
General-317-20260718-15:48:02-5193,scalar,Florasat_Individual_Sats.terminal[7].dlk.mac,successfulDetections,,,0
General-317-20260718-15:48:02-5193,scalar,Florasat_Individual_Sats.terminal[7].dlk.mac,numTransmissionsApproved,,,7
General-317-20260718-15:48:02-5193,scalar,Florasat_Individual_Sats.terminal[8].phy.radio.receiver,numCollisions,,,0
General-317-20260718-15:48:02-5193,scalar,Florasat_Individual_Sats.terminal[8].phy.radio.receiver,rcvBelowSensitivity,,,0
General-317-20260718-15:48:02-5193,scalar,Florasat_Individual_Sats.terminal[8].dlk.mac,transmittedRepetitions,,,35
General-317-20260718-15:48:02-5193,scalar,Florasat_Individual_Sats.terminal[8].dlk.mac,transmittedMessages,,,7
General-317-20260718-15:48:02-5193,scalar,Florasat_Individual_Sats.terminal[8].dlk.mac,detectionAttempts,,,0
General-317-20260718-15:48:02-5193,scalar,Florasat_Individual_Sats.terminal[8].dlk.mac,successfulDetections,,,0
General-317-20260718-15:48:02-5193,scalar,Florasat_Individual_Sats.terminal[8].dlk.mac,numTransmissionsApproved,,,11
General-317-20260718-15:48:02-5193,scalar,Florasat_Individual_Sats.terminal[9].phy.radio.receiver,numCollisions,,,0
General-317-20260718-15:48:02-5193,scalar,Florasat_Individual_Sats.terminal[9].phy.radio.receiver,rcvBelowSensitivity,,,0
General-317-20260718-15:48:02-5193,scalar,Florasat_Individual_Sats.terminal[9].dlk.mac,transmittedRepetitions,,,35
General-317-20260718-15:48:02-5193,scalar,Florasat_Individual_Sats.terminal[9].dlk.mac,transmittedMessages,,,7
General-317-20260718-15:48:02-5193,scalar,Florasat_Individual_Sats.terminal[9].dlk.mac,detectionAttempts,,,0
General-317-20260718-15:48:02-5193,scalar,Florasat_Individual_Sats.terminal[9].dlk.mac,successfulDetections,,,0
General-317-20260718-15:48:02-5193,scalar,Florasat_Individual_Sats.terminal[9].dlk.mac,numTransmissionsApproved,,,25
General-317-20260718-15:48:02-5193,scalar,Florasat_Individual_Sats.terminal[10].phy.radio.receiver,numCollisions,,,0
General-317-20260718-15:48:02-5193,scalar,Florasat_Individual_Sats.terminal[10].phy.radio.receiver,rcvBelowSensitivity,,,0
General-317-20260718-15:48:02-5193,scalar,Florasat_Individual_Sats.terminal[10].dlk.mac,transmittedRepetitions,,,35
General-317-20260718-15:48:02-5193,scalar,Florasat_Individual_Sats.terminal[10].dlk.mac,transmittedMessages,,,7
General-317-20260718-15:48:02-5193,scalar,Florasat_Individual_Sats.terminal[10].dlk.mac,detectionAttempts,,,0
General-317-20260718-15:48:02-5193,scalar,Florasat_Individual_Sats.terminal[10].dlk.mac,successfulDetections,,,0
General-317-20260718-15:48:02-5193,scalar,Florasat_Individual_Sats.terminal[10].dlk.mac,numTransmissionsApproved,,,25
General-317-20260718-15:48:02-5193,scalar,Florasat_Individual_Sats.terminal[11].phy.radio.receiver,numCollisions,,,0
General-317-20260718-15:48:02-5193,scalar,Florasat_Individual_Sats.terminal[11].phy.radio.receiver,rcvBelowSensitivity,,,0
General-317-20260718-15:48:02-5193,scalar,Florasat_Individual_Sats.terminal[11].dlk.mac,transmittedRepetitions,,,35
General-317-20260718-15:48:02-5193,scalar,Florasat_Individual_Sats.terminal[11].dlk.mac,transmittedMessages,,,7
General-317-20260718-15:48:02-5193,scalar,Florasat_Individual_Sats.terminal[11].dlk.mac,detectionAttempts,,,0
General-317-20260718-15:48:02-5193,scalar,Florasat_Individual_Sats.terminal[11].dlk.mac,successfulDetections,,,0
General-317-20260718-15:48:02-5193,scalar,Florasat_Individual_Sats.terminal[11].dlk.mac,numTransmissionsApproved,,,26
General-317-20260718-15:48:02-5193,scalar,Florasat_Individual_Sats.terminal[12].phy.radio.receiver,numCollisions,,,0
General-317-20260718-15:48:02-5193,scalar,Florasat_Individual_Sats.terminal[12].phy.radio.receiver,rcvBelowSensitivity,,,0
General-317-20260718-15:48:02-5193,scalar,Florasat_Individual_Sats.terminal[12].dlk.mac,transmittedRepetitions,,,35
General-317-20260718-15:48:02-5193,scalar,Florasat_Individual_Sats.terminal[12].dlk.mac,transmittedMessages,,,7
General-317-20260718-15:48:02-5193,scalar,Florasat_Individual_Sats.terminal[12].dlk.mac,detectionAttempts,,,0
General-317-20260718-15:48:02-5193,scalar,Florasat_Individual_Sats.terminal[12].dlk.mac,successfulDetections,,,0
General-317-20260718-15:48:02-5193,scalar,Florasat_Individual_Sats.terminal[12].dlk.mac,numTransmissionsApproved,,,28
General-317-20260718-15:48:02-5193,scalar,Florasat_Individual_Sats.terminal[13].phy.radio.receiver,numCollisions,,,0
General-317-20260718-15:48:02-5193,scalar,Florasat_Individual_Sats.terminal[13].phy.radio.receiver,rcvBelowSensitivity,,,0
General-317-20260718-15:48:02-5193,scalar,Florasat_Individual_Sats.terminal[13].dlk.mac,transmittedRepetitions,,,35
General-317-20260718-15:48:02-5193,scalar,Florasat_Individual_Sats.terminal[13].dlk.mac,transmittedMessages,,,7
General-317-20260718-15:48:02-5193,scalar,Florasat_Individual_Sats.terminal[13].dlk.mac,detectionAttempts,,,0
General-317-20260718-15:48:02-5193,scalar,Florasat_Individual_Sats.terminal[13].dlk.mac,successfulDetections,,,0
General-317-20260718-15:48:02-5193,scalar,Florasat_Individual_Sats.terminal[13].dlk.mac,numTransmissionsApproved,,,30
General-317-20260718-15:48:02-5193,scalar,Florasat_Individual_Sats.terminal[14].phy.radio.receiver,numCollisions,,,0
General-317-20260718-15:48:02-5193,scalar,Florasat_Individual_Sats.terminal[14].phy.radio.receiver,rcvBelowSensitivity,,,0
General-317-20260718-15:48:02-5193,scalar,Florasat_Individual_Sats.terminal[14].dlk.mac,transmittedRepetitions,,,35
General-317-20260718-15:48:02-5193,scalar,Florasat_Individual_Sats.terminal[14].dlk.mac,transmittedMessages,,,7
General-317-20260718-15:48:02-5193,scalar,Florasat_Individual_Sats.terminal[14].dlk.mac,detectionAttempts,,,0
General-317-20260718-15:48:02-5193,scalar,Florasat_Individual_Sats.terminal[14].dlk.mac,successfulDetections,,,0
General-317-20260718-15:48:02-5193,scalar,Florasat_Individual_Sats.terminal[14].dlk.mac,numTransmissionsApproved,,,23
General-317-20260718-15:48:02-5193,scalar,Florasat_Individual_Sats.terminal[15].phy.radio.receiver,numCollisions,,,0
General-317-20260718-15:48:02-5193,scalar,Florasat_Individual_Sats.terminal[15].phy.radio.receiver,rcvBelowSensitivity,,,0
General-317-20260718-15:48:02-5193,scalar,Florasat_Individual_Sats.terminal[15].dlk.mac,transmittedRepetitions,,,35
General-317-20260718-15:48:02-5193,scalar,Florasat_Individual_Sats.terminal[15].dlk.mac,transmittedMessages,,,7
General-317-20260718-15:48:02-5193,scalar,Florasat_Individual_Sats.terminal[15].dlk.mac,detectionAttempts,,,0
General-317-20260718-15:48:02-5193,scalar,Florasat_Individual_Sats.terminal[15].dlk.mac,successfulDetections,,,0
General-317-20260718-15:48:02-5193,scalar,Florasat_Individual_Sats.terminal[15].dlk.mac,numTransmissionsApproved,,,24
General-317-20260718-15:48:02-5193,scalar,Florasat_Individual_Sats.terminal[16].phy.radio.receiver,numCollisions,,,0
General-317-20260718-15:48:02-5193,scalar,Florasat_Individual_Sats.terminal[16].phy.radio.receiver,rcvBelowSensitivity,,,0
General-317-20260718-15:48:02-5193,scalar,Florasat_Individual_Sats.terminal[16].dlk.mac,transmittedRepetitions,,,35
General-317-20260718-15:48:02-5193,scalar,Florasat_Individual_Sats.terminal[16].dlk.mac,transmittedMessages,,,7
General-317-20260718-15:48:02-5193,scalar,Florasat_Individual_Sats.terminal[16].dlk.mac,detectionAttempts,,,0
General-317-20260718-15:48:02-5193,scalar,Florasat_Individual_Sats.terminal[16].dlk.mac,successfulDetections,,,0
General-317-20260718-15:48:02-5193,scalar,Florasat_Individual_Sats.terminal[16].dlk.mac,numTransmissionsApproved,,,22
General-317-20260718-15:48:02-5193,scalar,Florasat_Individual_Sats.terminal[17].phy.radio.receiver,numCollisions,,,0
General-317-20260718-15:48:02-5193,scalar,Florasat_Individual_Sats.terminal[17].phy.radio.receiver,rcvBelowSensitivity,,,0
General-317-20260718-15:48:02-5193,scalar,Florasat_Individual_Sats.terminal[17].dlk.mac,transmittedRepetitions,,,35
General-317-20260718-15:48:02-5193,scalar,Florasat_Individual_Sats.terminal[17].dlk.mac,transmittedMessages,,,7
General-317-20260718-15:48:02-5193,scalar,Florasat_Individual_Sats.terminal[17].dlk.mac,detectionAttempts,,,0
General-317-20260718-15:48:02-5193,scalar,Florasat_Individual_Sats.terminal[17].dlk.mac,successfulDetections,,,0
General-317-20260718-15:48:02-5193,scalar,Florasat_Individual_Sats.terminal[17].dlk.mac,numTransmissionsApproved,,,22
General-317-20260718-15:48:02-5193,scalar,Florasat_Individual_Sats.terminal[18].phy.radio.receiver,numCollisions,,,0
General-317-20260718-15:48:02-5193,scalar,Florasat_Individual_Sats.terminal[18].phy.radio.receiver,rcvBelowSensitivity,,,0
General-317-20260718-15:48:02-5193,scalar,Florasat_Individual_Sats.terminal[18].dlk.mac,transmittedRepetitions,,,35
General-317-20260718-15:48:02-5193,scalar,Florasat_Individual_Sats.terminal[18].dlk.mac,transmittedMessages,,,7
General-317-20260718-15:48:02-5193,scalar,Florasat_Individual_Sats.terminal[18].dlk.mac,detectionAttempts,,,0
General-317-20260718-15:48:02-5193,scalar,Florasat_Individual_Sats.terminal[18].dlk.mac,successfulDetections,,,0
General-317-20260718-15:48:02-5193,scalar,Florasat_Individual_Sats.terminal[18].dlk.mac,numTransmissionsApproved,,,20
General-317-20260718-15:48:02-5193,scalar,Florasat_Individual_Sats.terminal[19].phy.radio.receiver,numCollisions,,,0
General-317-20260718-15:48:02-5193,scalar,Florasat_Individual_Sats.terminal[19].phy.radio.receiver,rcvBelowSensitivity,,,0
General-317-20260718-15:48:02-5193,scalar,Florasat_Individual_Sats.terminal[19].dlk.mac,transmittedRepetitions,,,35
General-317-20260718-15:48:02-5193,scalar,Florasat_Individual_Sats.terminal[19].dlk.mac,transmittedMessages,,,7
General-317-20260718-15:48:02-5193,scalar,Florasat_Individual_Sats.terminal[19].dlk.mac,detectionAttempts,,,0
General-317-20260718-15:48:02-5193,scalar,Florasat_Individual_Sats.terminal[19].dlk.mac,successfulDetections,,,0
General-317-20260718-15:48:02-5193,scalar,Florasat_Individual_Sats.terminal[19].dlk.mac,numTransmissionsApproved,,,20
General-317-20260718-15:48:02-5193,scalar,Florasat_Individual_Sats.terminal[20].phy.radio.receiver,numCollisions,,,0
General-317-20260718-15:48:02-5193,scalar,Florasat_Individual_Sats.terminal[20].phy.radio.receiver,rcvBelowSensitivity,,,0
General-317-20260718-15:48:02-5193,scalar,Florasat_Individual_Sats.terminal[20].dlk.mac,transmittedRepetitions,,,35
General-317-20260718-15:48:02-5193,scalar,Florasat_Individual_Sats.terminal[20].dlk.mac,transmittedMessages,,,7
General-317-20260718-15:48:02-5193,scalar,Florasat_Individual_Sats.terminal[20].dlk.mac,detectionAttempts,,,0
General-317-20260718-15:48:02-5193,scalar,Florasat_Individual_Sats.terminal[20].dlk.mac,successfulDetections,,,0
General-317-20260718-15:48:02-5193,scalar,Florasat_Individual_Sats.terminal[20].dlk.mac,numTransmissionsApproved,,,20
General-317-20260718-15:48:02-5193,scalar,Florasat_Individual_Sats.terminal[21].phy.radio.receiver,numCollisions,,,0
General-317-20260718-15:48:02-5193,scalar,Florasat_Individual_Sats.terminal[21].phy.radio.receiver,rcvBelowSensitivity,,,0
General-317-20260718-15:48:02-5193,scalar,Florasat_Individual_Sats.terminal[21].dlk.mac,transmittedRepetitions,,,35
General-317-20260718-15:48:02-5193,scalar,Florasat_Individual_Sats.terminal[21].dlk.mac,transmittedMessages,,,7
General-317-20260718-15:48:02-5193,scalar,Florasat_Individual_Sats.terminal[21].dlk.mac,detectionAttempts,,,0
General-317-20260718-15:48:02-5193,scalar,Florasat_Individual_Sats.terminal[21].dlk.mac,successfulDetections,,,0
General-317-20260718-15:48:02-5193,scalar,Florasat_Individual_Sats.terminal[21].dlk.mac,numTransmissionsApproved,,,26
General-317-20260718-15:48:02-5193,scalar,Florasat_Individual_Sats.terminal[22].phy.radio.receiver,numCollisions,,,0
General-317-20260718-15:48:02-5193,scalar,Florasat_Individual_Sats.terminal[22].phy.radio.receiver,rcvBelowSensitivity,,,0
General-317-20260718-15:48:02-5193,scalar,Florasat_Individual_Sats.terminal[22].dlk.mac,transmittedRepetitions,,,35
General-317-20260718-15:48:02-5193,scalar,Florasat_Individual_Sats.terminal[22].dlk.mac,transmittedMessages,,,7
General-317-20260718-15:48:02-5193,scalar,Florasat_Individual_Sats.terminal[22].dlk.mac,detectionAttempts,,,0
General-317-20260718-15:48:02-5193,scalar,Florasat_Individual_Sats.terminal[22].dlk.mac,successfulDetections,,,0
General-317-20260718-15:48:02-5193,scalar,Florasat_Individual_Sats.terminal[22].dlk.mac,numTransmissionsApproved,,,30
General-317-20260718-15:48:02-5193,scalar,Florasat_Individual_Sats.terminal[23].phy.radio.receiver,numCollisions,,,0
General-317-20260718-15:48:02-5193,scalar,Florasat_Individual_Sats.terminal[23].phy.radio.receiver,rcvBelowSensitivity,,,0
General-317-20260718-15:48:02-5193,scalar,Florasat_Individual_Sats.terminal[23].dlk.mac,transmittedRepetitions,,,35
General-317-20260718-15:48:02-5193,scalar,Florasat_Individual_Sats.terminal[23].dlk.mac,transmittedMessages,,,7
General-317-20260718-15:48:02-5193,scalar,Florasat_Individual_Sats.terminal[23].dlk.mac,detectionAttempts,,,0
General-317-20260718-15:48:02-5193,scalar,Florasat_Individual_Sats.terminal[23].dlk.mac,successfulDetections,,,0
General-317-20260718-15:48:02-5193,scalar,Florasat_Individual_Sats.terminal[23].dlk.mac,numTransmissionsApproved,,,30
General-317-20260718-15:48:02-5193,scalar,Florasat_Individual_Sats.terminal[24].phy.radio.receiver,numCollisions,,,0
General-317-20260718-15:48:02-5193,scalar,Florasat_Individual_Sats.terminal[24].phy.radio.receiver,rcvBelowSensitivity,,,0
General-317-20260718-15:48:02-5193,scalar,Florasat_Individual_Sats.terminal[24].dlk.mac,transmittedRepetitions,,,35
General-317-20260718-15:48:02-5193,scalar,Florasat_Individual_Sats.terminal[24].dlk.mac,transmittedMessages,,,7
General-317-20260718-15:48:02-5193,scalar,Florasat_Individual_Sats.terminal[24].dlk.mac,detectionAttempts,,,0
General-317-20260718-15:48:02-5193,scalar,Florasat_Individual_Sats.terminal[24].dlk.mac,successfulDetections,,,0
General-317-20260718-15:48:02-5193,scalar,Florasat_Individual_Sats.terminal[24].dlk.mac,numTransmissionsApproved,,,28
General-317-20260718-15:48:02-5193,scalar,Florasat_Individual_Sats.terminal[25].phy.radio.receiver,numCollisions,,,0
General-317-20260718-15:48:02-5193,scalar,Florasat_Individual_Sats.terminal[25].phy.radio.receiver,rcvBelowSensitivity,,,0
General-317-20260718-15:48:02-5193,scalar,Florasat_Individual_Sats.terminal[25].dlk.mac,transmittedRepetitions,,,35
General-317-20260718-15:48:02-5193,scalar,Florasat_Individual_Sats.terminal[25].dlk.mac,transmittedMessages,,,7
General-317-20260718-15:48:02-5193,scalar,Florasat_Individual_Sats.terminal[25].dlk.mac,detectionAttempts,,,0
General-317-20260718-15:48:02-5193,scalar,Florasat_Individual_Sats.terminal[25].dlk.mac,successfulDetections,,,0
General-317-20260718-15:48:02-5193,scalar,Florasat_Individual_Sats.terminal[25].dlk.mac,numTransmissionsApproved,,,29
General-317-20260718-15:48:02-5193,scalar,Florasat_Individual_Sats.terminal[26].phy.radio.receiver,numCollisions,,,0
General-317-20260718-15:48:02-5193,scalar,Florasat_Individual_Sats.terminal[26].phy.radio.receiver,rcvBelowSensitivity,,,0
General-317-20260718-15:48:02-5193,scalar,Florasat_Individual_Sats.terminal[26].dlk.mac,transmittedRepetitions,,,35
General-317-20260718-15:48:02-5193,scalar,Florasat_Individual_Sats.terminal[26].dlk.mac,transmittedMessages,,,7
General-317-20260718-15:48:02-5193,scalar,Florasat_Individual_Sats.terminal[26].dlk.mac,detectionAttempts,,,0
General-317-20260718-15:48:02-5193,scalar,Florasat_Individual_Sats.terminal[26].dlk.mac,successfulDetections,,,0
General-317-20260718-15:48:02-5193,scalar,Florasat_Individual_Sats.terminal[26].dlk.mac,numTransmissionsApproved,,,22
General-317-20260718-15:48:02-5193,scalar,Florasat_Individual_Sats.terminal[27].phy.radio.receiver,numCollisions,,,0
General-317-20260718-15:48:02-5193,scalar,Florasat_Individual_Sats.terminal[27].phy.radio.receiver,rcvBelowSensitivity,,,0
General-317-20260718-15:48:02-5193,scalar,Florasat_Individual_Sats.terminal[27].dlk.mac,transmittedRepetitions,,,35
General-317-20260718-15:48:02-5193,scalar,Florasat_Individual_Sats.terminal[27].dlk.mac,transmittedMessages,,,7
General-317-20260718-15:48:02-5193,scalar,Florasat_Individual_Sats.terminal[27].dlk.mac,detectionAttempts,,,0
General-317-20260718-15:48:02-5193,scalar,Florasat_Individual_Sats.terminal[27].dlk.mac,successfulDetections,,,0
General-317-20260718-15:48:02-5193,scalar,Florasat_Individual_Sats.terminal[27].dlk.mac,numTransmissionsApproved,,,7
General-317-20260718-15:48:02-5193,scalar,Florasat_Individual_Sats.terminal[28].phy.radio.receiver,numCollisions,,,0
General-317-20260718-15:48:02-5193,scalar,Florasat_Individual_Sats.terminal[28].phy.radio.receiver,rcvBelowSensitivity,,,0
General-317-20260718-15:48:02-5193,scalar,Florasat_Individual_Sats.terminal[28].dlk.mac,transmittedRepetitions,,,35
General-317-20260718-15:48:02-5193,scalar,Florasat_Individual_Sats.terminal[28].dlk.mac,transmittedMessages,,,7
General-317-20260718-15:48:02-5193,scalar,Florasat_Individual_Sats.terminal[28].dlk.mac,detectionAttempts,,,0
General-317-20260718-15:48:02-5193,scalar,Florasat_Individual_Sats.terminal[28].dlk.mac,successfulDetections,,,0
General-317-20260718-15:48:02-5193,scalar,Florasat_Individual_Sats.terminal[28].dlk.mac,numTransmissionsApproved,,,7
General-317-20260718-15:48:02-5193,scalar,Florasat_Individual_Sats.terminal[29].phy.radio.receiver,numCollisions,,,0
General-317-20260718-15:48:02-5193,scalar,Florasat_Individual_Sats.terminal[29].phy.radio.receiver,rcvBelowSensitivity,,,0
General-317-20260718-15:48:02-5193,scalar,Florasat_Individual_Sats.terminal[29].dlk.mac,transmittedRepetitions,,,35
General-317-20260718-15:48:02-5193,scalar,Florasat_Individual_Sats.terminal[29].dlk.mac,transmittedMessages,,,7
General-317-20260718-15:48:02-5193,scalar,Florasat_Individual_Sats.terminal[29].dlk.mac,detectionAttempts,,,0
General-317-20260718-15:48:02-5193,scalar,Florasat_Individual_Sats.terminal[29].dlk.mac,successfulDetections,,,0
General-317-20260718-15:48:02-5193,scalar,Florasat_Individual_Sats.terminal[29].dlk.mac,numTransmissionsApproved,,,26
General-317-20260718-15:48:02-5193,scalar,Florasat_Individual_Sats.terminal[30].phy.radio.receiver,numCollisions,,,0
General-317-20260718-15:48:02-5193,scalar,Florasat_Individual_Sats.terminal[30].phy.radio.receiver,rcvBelowSensitivity,,,0
General-317-20260718-15:48:02-5193,scalar,Florasat_Individual_Sats.terminal[30].dlk.mac,transmittedRepetitions,,,35
General-317-20260718-15:48:02-5193,scalar,Florasat_Individual_Sats.terminal[30].dlk.mac,transmittedMessages,,,7
General-317-20260718-15:48:02-5193,scalar,Florasat_Individual_Sats.terminal[30].dlk.mac,detectionAttempts,,,0
General-317-20260718-15:48:02-5193,scalar,Florasat_Individual_Sats.terminal[30].dlk.mac,successfulDetections,,,0
General-317-20260718-15:48:02-5193,scalar,Florasat_Individual_Sats.terminal[30].dlk.mac,numTransmissionsApproved,,,12
General-317-20260718-15:48:02-5193,scalar,Florasat_Individual_Sats.terminal[31].phy.radio.receiver,numCollisions,,,0
General-317-20260718-15:48:02-5193,scalar,Florasat_Individual_Sats.terminal[31].phy.radio.receiver,rcvBelowSensitivity,,,0
General-317-20260718-15:48:02-5193,scalar,Florasat_Individual_Sats.terminal[31].dlk.mac,transmittedRepetitions,,,35
General-317-20260718-15:48:02-5193,scalar,Florasat_Individual_Sats.terminal[31].dlk.mac,transmittedMessages,,,7
General-317-20260718-15:48:02-5193,scalar,Florasat_Individual_Sats.terminal[31].dlk.mac,detectionAttempts,,,0
General-317-20260718-15:48:02-5193,scalar,Florasat_Individual_Sats.terminal[31].dlk.mac,successfulDetections,,,0
General-317-20260718-15:48:02-5193,scalar,Florasat_Individual_Sats.terminal[31].dlk.mac,numTransmissionsApproved,,,7
General-317-20260718-15:48:02-5193,scalar,Florasat_Individual_Sats.terminal[32].phy.radio.receiver,numCollisions,,,0
General-317-20260718-15:48:02-5193,scalar,Florasat_Individual_Sats.terminal[32].phy.radio.receiver,rcvBelowSensitivity,,,0
General-317-20260718-15:48:02-5193,scalar,Florasat_Individual_Sats.terminal[32].dlk.mac,transmittedRepetitions,,,35
General-317-20260718-15:48:02-5193,scalar,Florasat_Individual_Sats.terminal[32].dlk.mac,transmittedMessages,,,7
General-317-20260718-15:48:02-5193,scalar,Florasat_Individual_Sats.terminal[32].dlk.mac,detectionAttempts,,,0
General-317-20260718-15:48:02-5193,scalar,Florasat_Individual_Sats.terminal[32].dlk.mac,successfulDetections,,,0
General-317-20260718-15:48:02-5193,scalar,Florasat_Individual_Sats.terminal[32].dlk.mac,numTransmissionsApproved,,,7
General-317-20260718-15:48:02-5193,scalar,Florasat_Individual_Sats.terminal[33].phy.radio.receiver,numCollisions,,,0
General-317-20260718-15:48:02-5193,scalar,Florasat_Individual_Sats.terminal[33].phy.radio.receiver,rcvBelowSensitivity,,,0
General-317-20260718-15:48:02-5193,scalar,Florasat_Individual_Sats.terminal[33].dlk.mac,transmittedRepetitions,,,35
General-317-20260718-15:48:02-5193,scalar,Florasat_Individual_Sats.terminal[33].dlk.mac,transmittedMessages,,,7
General-317-20260718-15:48:02-5193,scalar,Florasat_Individual_Sats.terminal[33].dlk.mac,detectionAttempts,,,0
General-317-20260718-15:48:02-5193,scalar,Florasat_Individual_Sats.terminal[33].dlk.mac,successfulDetections,,,0
General-317-20260718-15:48:02-5193,scalar,Florasat_Individual_Sats.terminal[33].dlk.mac,numTransmissionsApproved,,,21
General-317-20260718-15:48:02-5193,scalar,Florasat_Individual_Sats.terminal[34].phy.radio.receiver,numCollisions,,,0
General-317-20260718-15:48:02-5193,scalar,Florasat_Individual_Sats.terminal[34].phy.radio.receiver,rcvBelowSensitivity,,,0
General-317-20260718-15:48:02-5193,scalar,Florasat_Individual_Sats.terminal[34].dlk.mac,transmittedRepetitions,,,35
General-317-20260718-15:48:02-5193,scalar,Florasat_Individual_Sats.terminal[34].dlk.mac,transmittedMessages,,,7
General-317-20260718-15:48:02-5193,scalar,Florasat_Individual_Sats.terminal[34].dlk.mac,detectionAttempts,,,0
General-317-20260718-15:48:02-5193,scalar,Florasat_Individual_Sats.terminal[34].dlk.mac,successfulDetections,,,0
General-317-20260718-15:48:02-5193,scalar,Florasat_Individual_Sats.terminal[34].dlk.mac,numTransmissionsApproved,,,29
General-317-20260718-15:48:02-5193,scalar,Florasat_Individual_Sats.terminal[35].phy.radio.receiver,numCollisions,,,0
General-317-20260718-15:48:02-5193,scalar,Florasat_Individual_Sats.terminal[35].phy.radio.receiver,rcvBelowSensitivity,,,0
General-317-20260718-15:48:02-5193,scalar,Florasat_Individual_Sats.terminal[35].dlk.mac,transmittedRepetitions,,,35
General-317-20260718-15:48:02-5193,scalar,Florasat_Individual_Sats.terminal[35].dlk.mac,transmittedMessages,,,7
General-317-20260718-15:48:02-5193,scalar,Florasat_Individual_Sats.terminal[35].dlk.mac,detectionAttempts,,,0
General-317-20260718-15:48:02-5193,scalar,Florasat_Individual_Sats.terminal[35].dlk.mac,successfulDetections,,,0
General-317-20260718-15:48:02-5193,scalar,Florasat_Individual_Sats.terminal[35].dlk.mac,numTransmissionsApproved,,,7
General-317-20260718-15:48:02-5193,scalar,Florasat_Individual_Sats.terminal[36].phy.radio.receiver,numCollisions,,,0
General-317-20260718-15:48:02-5193,scalar,Florasat_Individual_Sats.terminal[36].phy.radio.receiver,rcvBelowSensitivity,,,0
General-317-20260718-15:48:02-5193,scalar,Florasat_Individual_Sats.terminal[36].dlk.mac,transmittedRepetitions,,,35
General-317-20260718-15:48:02-5193,scalar,Florasat_Individual_Sats.terminal[36].dlk.mac,transmittedMessages,,,7
General-317-20260718-15:48:02-5193,scalar,Florasat_Individual_Sats.terminal[36].dlk.mac,detectionAttempts,,,0
General-317-20260718-15:48:02-5193,scalar,Florasat_Individual_Sats.terminal[36].dlk.mac,successfulDetections,,,0
General-317-20260718-15:48:02-5193,scalar,Florasat_Individual_Sats.terminal[36].dlk.mac,numTransmissionsApproved,,,22
General-317-20260718-15:48:02-5193,scalar,Florasat_Individual_Sats.terminal[37].phy.radio.receiver,numCollisions,,,0
General-317-20260718-15:48:02-5193,scalar,Florasat_Individual_Sats.terminal[37].phy.radio.receiver,rcvBelowSensitivity,,,0
General-317-20260718-15:48:02-5193,scalar,Florasat_Individual_Sats.terminal[37].dlk.mac,transmittedRepetitions,,,35
General-317-20260718-15:48:02-5193,scalar,Florasat_Individual_Sats.terminal[37].dlk.mac,transmittedMessages,,,7
General-317-20260718-15:48:02-5193,scalar,Florasat_Individual_Sats.terminal[37].dlk.mac,detectionAttempts,,,0
General-317-20260718-15:48:02-5193,scalar,Florasat_Individual_Sats.terminal[37].dlk.mac,successfulDetections,,,0
General-317-20260718-15:48:02-5193,scalar,Florasat_Individual_Sats.terminal[37].dlk.mac,numTransmissionsApproved,,,7
General-317-20260718-15:48:02-5193,scalar,Florasat_Individual_Sats.terminal[38].phy.radio.receiver,numCollisions,,,0
General-317-20260718-15:48:02-5193,scalar,Florasat_Individual_Sats.terminal[38].phy.radio.receiver,rcvBelowSensitivity,,,0
General-317-20260718-15:48:02-5193,scalar,Florasat_Individual_Sats.terminal[38].dlk.mac,transmittedRepetitions,,,35
General-317-20260718-15:48:02-5193,scalar,Florasat_Individual_Sats.terminal[38].dlk.mac,transmittedMessages,,,7
General-317-20260718-15:48:02-5193,scalar,Florasat_Individual_Sats.terminal[38].dlk.mac,detectionAttempts,,,0
General-317-20260718-15:48:02-5193,scalar,Florasat_Individual_Sats.terminal[38].dlk.mac,successfulDetections,,,0
General-317-20260718-15:48:02-5193,scalar,Florasat_Individual_Sats.terminal[38].dlk.mac,numTransmissionsApproved,,,15
General-317-20260718-15:48:02-5193,scalar,Florasat_Individual_Sats.terminal[39].phy.radio.receiver,numCollisions,,,0
General-317-20260718-15:48:02-5193,scalar,Florasat_Individual_Sats.terminal[39].phy.radio.receiver,rcvBelowSensitivity,,,0
General-317-20260718-15:48:02-5193,scalar,Florasat_Individual_Sats.terminal[39].dlk.mac,transmittedRepetitions,,,35
General-317-20260718-15:48:02-5193,scalar,Florasat_Individual_Sats.terminal[39].dlk.mac,transmittedMessages,,,7
General-317-20260718-15:48:02-5193,scalar,Florasat_Individual_Sats.terminal[39].dlk.mac,detectionAttempts,,,0
General-317-20260718-15:48:02-5193,scalar,Florasat_Individual_Sats.terminal[39].dlk.mac,successfulDetections,,,0
General-317-20260718-15:48:02-5193,scalar,Florasat_Individual_Sats.terminal[39].dlk.mac,numTransmissionsApproved,,,23
General-317-20260718-15:48:02-5193,scalar,Florasat_Individual_Sats.terminal[40].phy.radio.receiver,numCollisions,,,0
General-317-20260718-15:48:02-5193,scalar,Florasat_Individual_Sats.terminal[40].phy.radio.receiver,rcvBelowSensitivity,,,0
General-317-20260718-15:48:02-5193,scalar,Florasat_Individual_Sats.terminal[40].dlk.mac,transmittedRepetitions,,,35
General-317-20260718-15:48:02-5193,scalar,Florasat_Individual_Sats.terminal[40].dlk.mac,transmittedMessages,,,7
General-317-20260718-15:48:02-5193,scalar,Florasat_Individual_Sats.terminal[40].dlk.mac,detectionAttempts,,,0
General-317-20260718-15:48:02-5193,scalar,Florasat_Individual_Sats.terminal[40].dlk.mac,successfulDetections,,,0
General-317-20260718-15:48:02-5193,scalar,Florasat_Individual_Sats.terminal[40].dlk.mac,numTransmissionsApproved,,,30
General-317-20260718-15:48:02-5193,scalar,Florasat_Individual_Sats.terminal[41].phy.radio.receiver,numCollisions,,,0
General-317-20260718-15:48:02-5193,scalar,Florasat_Individual_Sats.terminal[41].phy.radio.receiver,rcvBelowSensitivity,,,0
General-317-20260718-15:48:02-5193,scalar,Florasat_Individual_Sats.terminal[41].dlk.mac,transmittedRepetitions,,,35
General-317-20260718-15:48:02-5193,scalar,Florasat_Individual_Sats.terminal[41].dlk.mac,transmittedMessages,,,7
General-317-20260718-15:48:02-5193,scalar,Florasat_Individual_Sats.terminal[41].dlk.mac,detectionAttempts,,,0
General-317-20260718-15:48:02-5193,scalar,Florasat_Individual_Sats.terminal[41].dlk.mac,successfulDetections,,,0
General-317-20260718-15:48:02-5193,scalar,Florasat_Individual_Sats.terminal[41].dlk.mac,numTransmissionsApproved,,,26
General-317-20260718-15:48:02-5193,scalar,Florasat_Individual_Sats.terminal[42].phy.radio.receiver,numCollisions,,,0
General-317-20260718-15:48:02-5193,scalar,Florasat_Individual_Sats.terminal[42].phy.radio.receiver,rcvBelowSensitivity,,,0
General-317-20260718-15:48:02-5193,scalar,Florasat_Individual_Sats.terminal[42].dlk.mac,transmittedRepetitions,,,35
General-317-20260718-15:48:02-5193,scalar,Florasat_Individual_Sats.terminal[42].dlk.mac,transmittedMessages,,,7
General-317-20260718-15:48:02-5193,scalar,Florasat_Individual_Sats.terminal[42].dlk.mac,detectionAttempts,,,0
General-317-20260718-15:48:02-5193,scalar,Florasat_Individual_Sats.terminal[42].dlk.mac,successfulDetections,,,0
General-317-20260718-15:48:02-5193,scalar,Florasat_Individual_Sats.terminal[42].dlk.mac,numTransmissionsApproved,,,23
General-317-20260718-15:48:02-5193,scalar,Florasat_Individual_Sats.terminal[43].phy.radio.receiver,numCollisions,,,0
General-317-20260718-15:48:02-5193,scalar,Florasat_Individual_Sats.terminal[43].phy.radio.receiver,rcvBelowSensitivity,,,0
General-317-20260718-15:48:02-5193,scalar,Florasat_Individual_Sats.terminal[43].dlk.mac,transmittedRepetitions,,,35
General-317-20260718-15:48:02-5193,scalar,Florasat_Individual_Sats.terminal[43].dlk.mac,transmittedMessages,,,7
General-317-20260718-15:48:02-5193,scalar,Florasat_Individual_Sats.terminal[43].dlk.mac,detectionAttempts,,,0
General-317-20260718-15:48:02-5193,scalar,Florasat_Individual_Sats.terminal[43].dlk.mac,successfulDetections,,,0
General-317-20260718-15:48:02-5193,scalar,Florasat_Individual_Sats.terminal[43].dlk.mac,numTransmissionsApproved,,,28
General-317-20260718-15:48:02-5193,scalar,Florasat_Individual_Sats.terminal[44].phy.radio.receiver,numCollisions,,,0
General-317-20260718-15:48:02-5193,scalar,Florasat_Individual_Sats.terminal[44].phy.radio.receiver,rcvBelowSensitivity,,,0
General-317-20260718-15:48:02-5193,scalar,Florasat_Individual_Sats.terminal[44].dlk.mac,transmittedRepetitions,,,35
General-317-20260718-15:48:02-5193,scalar,Florasat_Individual_Sats.terminal[44].dlk.mac,transmittedMessages,,,7
General-317-20260718-15:48:02-5193,scalar,Florasat_Individual_Sats.terminal[44].dlk.mac,detectionAttempts,,,0
General-317-20260718-15:48:02-5193,scalar,Florasat_Individual_Sats.terminal[44].dlk.mac,successfulDetections,,,0
General-317-20260718-15:48:02-5193,scalar,Florasat_Individual_Sats.terminal[44].dlk.mac,numTransmissionsApproved,,,25
General-317-20260718-15:48:02-5193,scalar,Florasat_Individual_Sats.terminal[45].phy.radio.receiver,numCollisions,,,0
General-317-20260718-15:48:02-5193,scalar,Florasat_Individual_Sats.terminal[45].phy.radio.receiver,rcvBelowSensitivity,,,0
General-317-20260718-15:48:02-5193,scalar,Florasat_Individual_Sats.terminal[45].dlk.mac,transmittedRepetitions,,,35
General-317-20260718-15:48:02-5193,scalar,Florasat_Individual_Sats.terminal[45].dlk.mac,transmittedMessages,,,7
General-317-20260718-15:48:02-5193,scalar,Florasat_Individual_Sats.terminal[45].dlk.mac,detectionAttempts,,,0
General-317-20260718-15:48:02-5193,scalar,Florasat_Individual_Sats.terminal[45].dlk.mac,successfulDetections,,,0
General-317-20260718-15:48:02-5193,scalar,Florasat_Individual_Sats.terminal[45].dlk.mac,numTransmissionsApproved,,,30
General-317-20260718-15:48:02-5193,scalar,Florasat_Individual_Sats.terminal[46].phy.radio.receiver,numCollisions,,,0
General-317-20260718-15:48:02-5193,scalar,Florasat_Individual_Sats.terminal[46].phy.radio.receiver,rcvBelowSensitivity,,,0
General-317-20260718-15:48:02-5193,scalar,Florasat_Individual_Sats.terminal[46].dlk.mac,transmittedRepetitions,,,35
General-317-20260718-15:48:02-5193,scalar,Florasat_Individual_Sats.terminal[46].dlk.mac,transmittedMessages,,,7
General-317-20260718-15:48:02-5193,scalar,Florasat_Individual_Sats.terminal[46].dlk.mac,detectionAttempts,,,0
General-317-20260718-15:48:02-5193,scalar,Florasat_Individual_Sats.terminal[46].dlk.mac,successfulDetections,,,0
General-317-20260718-15:48:02-5193,scalar,Florasat_Individual_Sats.terminal[46].dlk.mac,numTransmissionsApproved,,,25
General-317-20260718-15:48:02-5193,scalar,Florasat_Individual_Sats.terminal[47].phy.radio.receiver,numCollisions,,,0
General-317-20260718-15:48:02-5193,scalar,Florasat_Individual_Sats.terminal[47].phy.radio.receiver,rcvBelowSensitivity,,,0
General-317-20260718-15:48:02-5193,scalar,Florasat_Individual_Sats.terminal[47].dlk.mac,transmittedRepetitions,,,35
General-317-20260718-15:48:02-5193,scalar,Florasat_Individual_Sats.terminal[47].dlk.mac,transmittedMessages,,,7
General-317-20260718-15:48:02-5193,scalar,Florasat_Individual_Sats.terminal[47].dlk.mac,detectionAttempts,,,0
General-317-20260718-15:48:02-5193,scalar,Florasat_Individual_Sats.terminal[47].dlk.mac,successfulDetections,,,0
General-317-20260718-15:48:02-5193,scalar,Florasat_Individual_Sats.terminal[47].dlk.mac,numTransmissionsApproved,,,20
General-317-20260718-15:48:02-5193,scalar,Florasat_Individual_Sats.terminal[48].phy.radio.receiver,numCollisions,,,0
General-317-20260718-15:48:02-5193,scalar,Florasat_Individual_Sats.terminal[48].phy.radio.receiver,rcvBelowSensitivity,,,0
General-317-20260718-15:48:02-5193,scalar,Florasat_Individual_Sats.terminal[48].dlk.mac,transmittedRepetitions,,,35
General-317-20260718-15:48:02-5193,scalar,Florasat_Individual_Sats.terminal[48].dlk.mac,transmittedMessages,,,7
General-317-20260718-15:48:02-5193,scalar,Florasat_Individual_Sats.terminal[48].dlk.mac,detectionAttempts,,,0
General-317-20260718-15:48:02-5193,scalar,Florasat_Individual_Sats.terminal[48].dlk.mac,successfulDetections,,,0
General-317-20260718-15:48:02-5193,scalar,Florasat_Individual_Sats.terminal[48].dlk.mac,numTransmissionsApproved,,,21
General-317-20260718-15:48:02-5193,scalar,Florasat_Individual_Sats.terminal[49].phy.radio.receiver,numCollisions,,,0
General-317-20260718-15:48:02-5193,scalar,Florasat_Individual_Sats.terminal[49].phy.radio.receiver,rcvBelowSensitivity,,,0
General-317-20260718-15:48:02-5193,scalar,Florasat_Individual_Sats.terminal[49].dlk.mac,transmittedRepetitions,,,35
General-317-20260718-15:48:02-5193,scalar,Florasat_Individual_Sats.terminal[49].dlk.mac,transmittedMessages,,,7
General-317-20260718-15:48:02-5193,scalar,Florasat_Individual_Sats.terminal[49].dlk.mac,detectionAttempts,,,0
General-317-20260718-15:48:02-5193,scalar,Florasat_Individual_Sats.terminal[49].dlk.mac,successfulDetections,,,0
General-317-20260718-15:48:02-5193,scalar,Florasat_Individual_Sats.terminal[49].dlk.mac,numTransmissionsApproved,,,20
General-317-20260718-15:48:02-5193,scalar,Florasat_Individual_Sats.terminal[50].phy.radio.receiver,numCollisions,,,0
General-317-20260718-15:48:02-5193,scalar,Florasat_Individual_Sats.terminal[50].phy.radio.receiver,rcvBelowSensitivity,,,0
General-317-20260718-15:48:02-5193,scalar,Florasat_Individual_Sats.terminal[50].dlk.mac,transmittedRepetitions,,,35
General-317-20260718-15:48:02-5193,scalar,Florasat_Individual_Sats.terminal[50].dlk.mac,transmittedMessages,,,7
General-317-20260718-15:48:02-5193,scalar,Florasat_Individual_Sats.terminal[50].dlk.mac,detectionAttempts,,,0
General-317-20260718-15:48:02-5193,scalar,Florasat_Individual_Sats.terminal[50].dlk.mac,successfulDetections,,,0
General-317-20260718-15:48:02-5193,scalar,Florasat_Individual_Sats.terminal[50].dlk.mac,numTransmissionsApproved,,,29
General-317-20260718-15:48:02-5193,scalar,Florasat_Individual_Sats.terminal[51].phy.radio.receiver,numCollisions,,,0
General-317-20260718-15:48:02-5193,scalar,Florasat_Individual_Sats.terminal[51].phy.radio.receiver,rcvBelowSensitivity,,,0
General-317-20260718-15:48:02-5193,scalar,Florasat_Individual_Sats.terminal[51].dlk.mac,transmittedRepetitions,,,35
General-317-20260718-15:48:02-5193,scalar,Florasat_Individual_Sats.terminal[51].dlk.mac,transmittedMessages,,,7
General-317-20260718-15:48:02-5193,scalar,Florasat_Individual_Sats.terminal[51].dlk.mac,detectionAttempts,,,0
General-317-20260718-15:48:02-5193,scalar,Florasat_Individual_Sats.terminal[51].dlk.mac,successfulDetections,,,0
General-317-20260718-15:48:02-5193,scalar,Florasat_Individual_Sats.terminal[51].dlk.mac,numTransmissionsApproved,,,29
General-317-20260718-15:48:02-5193,scalar,Florasat_Individual_Sats.terminal[52].phy.radio.receiver,numCollisions,,,0
General-317-20260718-15:48:02-5193,scalar,Florasat_Individual_Sats.terminal[52].phy.radio.receiver,rcvBelowSensitivity,,,0
General-317-20260718-15:48:02-5193,scalar,Florasat_Individual_Sats.terminal[52].dlk.mac,transmittedRepetitions,,,35
General-317-20260718-15:48:02-5193,scalar,Florasat_Individual_Sats.terminal[52].dlk.mac,transmittedMessages,,,7
General-317-20260718-15:48:02-5193,scalar,Florasat_Individual_Sats.terminal[52].dlk.mac,detectionAttempts,,,0
General-317-20260718-15:48:02-5193,scalar,Florasat_Individual_Sats.terminal[52].dlk.mac,successfulDetections,,,0
General-317-20260718-15:48:02-5193,scalar,Florasat_Individual_Sats.terminal[52].dlk.mac,numTransmissionsApproved,,,29
General-317-20260718-15:48:02-5193,scalar,Florasat_Individual_Sats.terminal[53].phy.radio.receiver,numCollisions,,,0
General-317-20260718-15:48:02-5193,scalar,Florasat_Individual_Sats.terminal[53].phy.radio.receiver,rcvBelowSensitivity,,,0
General-317-20260718-15:48:02-5193,scalar,Florasat_Individual_Sats.terminal[53].dlk.mac,transmittedRepetitions,,,35
General-317-20260718-15:48:02-5193,scalar,Florasat_Individual_Sats.terminal[53].dlk.mac,transmittedMessages,,,7
General-317-20260718-15:48:02-5193,scalar,Florasat_Individual_Sats.terminal[53].dlk.mac,detectionAttempts,,,0
General-317-20260718-15:48:02-5193,scalar,Florasat_Individual_Sats.terminal[53].dlk.mac,successfulDetections,,,0
General-317-20260718-15:48:02-5193,scalar,Florasat_Individual_Sats.terminal[53].dlk.mac,numTransmissionsApproved,,,30
General-317-20260718-15:48:02-5193,scalar,Florasat_Individual_Sats.terminal[54].phy.radio.receiver,numCollisions,,,0
General-317-20260718-15:48:02-5193,scalar,Florasat_Individual_Sats.terminal[54].phy.radio.receiver,rcvBelowSensitivity,,,0
General-317-20260718-15:48:02-5193,scalar,Florasat_Individual_Sats.terminal[54].dlk.mac,transmittedRepetitions,,,35
General-317-20260718-15:48:02-5193,scalar,Florasat_Individual_Sats.terminal[54].dlk.mac,transmittedMessages,,,7
General-317-20260718-15:48:02-5193,scalar,Florasat_Individual_Sats.terminal[54].dlk.mac,detectionAttempts,,,0
General-317-20260718-15:48:02-5193,scalar,Florasat_Individual_Sats.terminal[54].dlk.mac,successfulDetections,,,0
General-317-20260718-15:48:02-5193,scalar,Florasat_Individual_Sats.terminal[54].dlk.mac,numTransmissionsApproved,,,28
General-317-20260718-15:48:02-5193,scalar,Florasat_Individual_Sats.terminal[55].phy.radio.receiver,numCollisions,,,0
General-317-20260718-15:48:02-5193,scalar,Florasat_Individual_Sats.terminal[55].phy.radio.receiver,rcvBelowSensitivity,,,0
General-317-20260718-15:48:02-5193,scalar,Florasat_Individual_Sats.terminal[55].dlk.mac,transmittedRepetitions,,,35
General-317-20260718-15:48:02-5193,scalar,Florasat_Individual_Sats.terminal[55].dlk.mac,transmittedMessages,,,7
General-317-20260718-15:48:02-5193,scalar,Florasat_Individual_Sats.terminal[55].dlk.mac,detectionAttempts,,,0
General-317-20260718-15:48:02-5193,scalar,Florasat_Individual_Sats.terminal[55].dlk.mac,successfulDetections,,,0
General-317-20260718-15:48:02-5193,scalar,Florasat_Individual_Sats.terminal[55].dlk.mac,numTransmissionsApproved,,,28
General-317-20260718-15:48:02-5193,scalar,Florasat_Individual_Sats.terminal[56].phy.radio.receiver,numCollisions,,,0
General-317-20260718-15:48:02-5193,scalar,Florasat_Individual_Sats.terminal[56].phy.radio.receiver,rcvBelowSensitivity,,,0
General-317-20260718-15:48:02-5193,scalar,Florasat_Individual_Sats.terminal[56].dlk.mac,transmittedRepetitions,,,35
General-317-20260718-15:48:02-5193,scalar,Florasat_Individual_Sats.terminal[56].dlk.mac,transmittedMessages,,,7
General-317-20260718-15:48:02-5193,scalar,Florasat_Individual_Sats.terminal[56].dlk.mac,detectionAttempts,,,0
General-317-20260718-15:48:02-5193,scalar,Florasat_Individual_Sats.terminal[56].dlk.mac,successfulDetections,,,0
General-317-20260718-15:48:02-5193,scalar,Florasat_Individual_Sats.terminal[56].dlk.mac,numTransmissionsApproved,,,23
General-317-20260718-15:48:02-5193,scalar,Florasat_Individual_Sats.terminal[57].phy.radio.receiver,numCollisions,,,0
General-317-20260718-15:48:02-5193,scalar,Florasat_Individual_Sats.terminal[57].phy.radio.receiver,rcvBelowSensitivity,,,0
General-317-20260718-15:48:02-5193,scalar,Florasat_Individual_Sats.terminal[57].dlk.mac,transmittedRepetitions,,,35
General-317-20260718-15:48:02-5193,scalar,Florasat_Individual_Sats.terminal[57].dlk.mac,transmittedMessages,,,7
General-317-20260718-15:48:02-5193,scalar,Florasat_Individual_Sats.terminal[57].dlk.mac,detectionAttempts,,,0
General-317-20260718-15:48:02-5193,scalar,Florasat_Individual_Sats.terminal[57].dlk.mac,successfulDetections,,,0
General-317-20260718-15:48:02-5193,scalar,Florasat_Individual_Sats.terminal[57].dlk.mac,numTransmissionsApproved,,,11
General-317-20260718-15:48:02-5193,scalar,Florasat_Individual_Sats.terminal[58].phy.radio.receiver,numCollisions,,,0
General-317-20260718-15:48:02-5193,scalar,Florasat_Individual_Sats.terminal[58].phy.radio.receiver,rcvBelowSensitivity,,,0
General-317-20260718-15:48:02-5193,scalar,Florasat_Individual_Sats.terminal[58].dlk.mac,transmittedRepetitions,,,35
General-317-20260718-15:48:02-5193,scalar,Florasat_Individual_Sats.terminal[58].dlk.mac,transmittedMessages,,,7
General-317-20260718-15:48:02-5193,scalar,Florasat_Individual_Sats.terminal[58].dlk.mac,detectionAttempts,,,0
General-317-20260718-15:48:02-5193,scalar,Florasat_Individual_Sats.terminal[58].dlk.mac,successfulDetections,,,0
General-317-20260718-15:48:02-5193,scalar,Florasat_Individual_Sats.terminal[58].dlk.mac,numTransmissionsApproved,,,7
General-317-20260718-15:48:02-5193,scalar,Florasat_Individual_Sats.terminal[59].phy.radio.receiver,numCollisions,,,0
General-317-20260718-15:48:02-5193,scalar,Florasat_Individual_Sats.terminal[59].phy.radio.receiver,rcvBelowSensitivity,,,0
General-317-20260718-15:48:02-5193,scalar,Florasat_Individual_Sats.terminal[59].dlk.mac,transmittedRepetitions,,,35
General-317-20260718-15:48:02-5193,scalar,Florasat_Individual_Sats.terminal[59].dlk.mac,transmittedMessages,,,7
General-317-20260718-15:48:02-5193,scalar,Florasat_Individual_Sats.terminal[59].dlk.mac,detectionAttempts,,,0
General-317-20260718-15:48:02-5193,scalar,Florasat_Individual_Sats.terminal[59].dlk.mac,successfulDetections,,,0
General-317-20260718-15:48:02-5193,scalar,Florasat_Individual_Sats.terminal[59].dlk.mac,numTransmissionsApproved,,,23
General-317-20260718-15:48:02-5193,scalar,Florasat_Individual_Sats.satellite[0].phyDSL.radio.receiver,numCollisions,,,1437
General-317-20260718-15:48:02-5193,scalar,Florasat_Individual_Sats.satellite[0].phyDSL.radio.receiver,rcvBelowSensitivity,,,234
General-317-20260718-15:48:02-5193,scalar,Florasat_Individual_Sats.satellite[0].phyDSL.radio,DER - Data Extraction Rate,,,0.14593301435407
General-317-20260718-15:48:02-5193,scalar,Florasat_Individual_Sats.satellite[0].phyDSL.radio,Number of receptions finished with error,,,710
General-317-20260718-15:48:02-5193,scalar,Florasat_Individual_Sats.satellite[0].dlkDSL.mac,Number of duplicate transmissions,,,0
General-317-20260718-15:48:02-5193,scalar,Florasat_Individual_Sats.satellite[0].dlkDSL.mac,Number of packets dropped due to fixed loss,,,0
General-317-20260718-15:48:02-5193,scalar,Florasat_Individual_Sats.satellite[0].dlkDSL.mac,Number of successful receptions,,,183
General-317-20260718-15:48:02-5193,scalar,Florasat_Individual_Sats.satellite[0].net.packetHandler,packetsReceived,,,183
General-317-20260718-15:48:02-5193,scalar,Florasat_Individual_Sats.satellite[0].net.packetHandler,packetsSent,,,0
General-317-20260718-15:48:02-5193,scalar,Florasat_Individual_Sats.satellite[0].net.packetHandler,packetsDropped,,,183
General-317-20260718-15:48:02-5193,scalar,Florasat_Individual_Sats.satellite[0].net,packetsSent,,,0
General-317-20260718-15:48:02-5193,scalar,Florasat_Individual_Sats.satellite[0].net,bytesSent,,,0
General-317-20260718-15:48:02-5193,scalar,Florasat_Individual_Sats.satellite[0].net,packetsReceived,,,183
General-317-20260718-15:48:02-5193,scalar,Florasat_Individual_Sats.satellite[0].net,controlPacketsSent,,,0
General-317-20260718-15:48:02-5193,scalar,Florasat_Individual_Sats.satellite[0].net,controlBytesSent,,,0
General-317-20260718-15:48:02-5193,scalar,Florasat_Individual_Sats.satellite[0].net,controlPacketsReceived,,,0
General-317-20260718-15:48:02-5193,scalar,Florasat_Individual_Sats.satellite[0].net,droppedMaxHop,,,0
General-317-20260718-15:48:02-5193,scalar,Florasat_Individual_Sats.satellite[0].net,droppedFullQueue,,,0
General-317-20260718-15:48:02-5193,scalar,Florasat_Individual_Sats.satellite[0].net,droppedIfDown,,,0
General-317-20260718-15:48:02-5193,scalar,Florasat_Individual_Sats.satellite[0].net,droppedNoRoute,,,183
General-317-20260718-15:48:02-5193,scalar,Florasat_Individual_Sats.station[0].dlk.mac,TotalPacketsReceived,,,0
General-317-20260718-15:48:02-5193,scalar,Florasat_Individual_Sats.station[0].dlk.mac,DuplicatePacketsReceived,,,0
General-317-20260718-15:48:02-5193,scalar,Florasat_Individual_Sats.station[0].dlk.mac,UniqueFramesReceived,,,0
General-317-20260718-15:48:02-5193,scalar,Florasat_Individual_Sats.station[1].dlk.mac,TotalPacketsReceived,,,0
General-317-20260718-15:48:02-5193,scalar,Florasat_Individual_Sats.station[1].dlk.mac,DuplicatePacketsReceived,,,0
General-317-20260718-15:48:02-5193,scalar,Florasat_Individual_Sats.station[1].dlk.mac,UniqueFramesReceived,,,0
General-317-20260718-15:48:02-5193,scalar,Florasat_Individual_Sats.station[2].dlk.mac,TotalPacketsReceived,,,0
General-317-20260718-15:48:02-5193,scalar,Florasat_Individual_Sats.station[2].dlk.mac,DuplicatePacketsReceived,,,0
General-317-20260718-15:48:02-5193,scalar,Florasat_Individual_Sats.station[2].dlk.mac,UniqueFramesReceived,,,0
General-317-20260718-15:48:02-5193,param,Florasat_Individual_Sats.radioMedium.propagation,typename,,,"""Global.Channel.Propagation.DtSIoTPropagation"""
General-317-20260718-15:48:02-5193,param,Florasat_Individual_Sats.radioMedium.propagation,propagationSpeed,,,2.99792e+08mps
General-317-20260718-15:48:02-5193,attr,Florasat_Individual_Sats.radioMedium.propagation,propagationSpeed,unit,mps,
General-317-20260718-15:48:02-5193,param,Florasat_Individual_Sats.radioMedium.propagation,ignoreMovementDuringTransmission,,,true
General-317-20260718-15:48:02-5193,param,Florasat_Individual_Sats.radioMedium.propagation,ignoreMovementDuringPropagation,,,true
General-317-20260718-15:48:02-5193,param,Florasat_Individual_Sats.radioMedium.propagation,ignoreMovementDuringReception,,,true
General-317-20260718-15:48:02-5193,param,Florasat_Individual_Sats.radioMedium.analogModel,typename,,,"""Global.Channel.LoRaAnalogModel"""
General-317-20260718-15:48:02-5193,param,Florasat_Individual_Sats.radioMedium.analogModel,ignorePartialInterference,,,false
General-317-20260718-15:48:02-5193,param,Florasat_Individual_Sats.radioMedium.analogModel,enableDoppler,,,true
General-317-20260718-15:48:02-5193,param,Florasat_Individual_Sats.radioMedium.backgroundNoise,typename,,,"""inet.physicallayer.wireless.common.backgroundnoise.DimensionalBackgroundNoise"""
General-317-20260718-15:48:02-5193,param,Florasat_Individual_Sats.radioMedium.backgroundNoise,gainFunctionCacheLimit,,,0
General-317-20260718-15:48:02-5193,param,Florasat_Individual_Sats.radioMedium.backgroundNoise,timeGains,,,"""left 0s 0dB left"""
General-317-20260718-15:48:02-5193,param,Florasat_Individual_Sats.radioMedium.backgroundNoise,timeGainsNormalization,,,""""""
General-317-20260718-15:48:02-5193,attr,Florasat_Individual_Sats.radioMedium.backgroundNoise,timeGainsNormalization,enum,",maximum,integral",
General-317-20260718-15:48:02-5193,param,Florasat_Individual_Sats.radioMedium.backgroundNoise,frequencyGains,,,"""left 0Hz 0dB left"""
General-317-20260718-15:48:02-5193,param,Florasat_Individual_Sats.radioMedium.backgroundNoise,frequencyGainsNormalization,,,"""integral"""
General-317-20260718-15:48:02-5193,attr,Florasat_Individual_Sats.radioMedium.backgroundNoise,frequencyGainsNormalization,enum,",maximum,integral",
General-317-20260718-15:48:02-5193,param,Florasat_Individual_Sats.radioMedium.backgroundNoise,power,,,-110dBm
General-317-20260718-15:48:02-5193,attr,Florasat_Individual_Sats.radioMedium.backgroundNoise,power,unit,dBm,
General-317-20260718-15:48:02-5193,param,Florasat_Individual_Sats.radioMedium.pathLoss,typename,,,"""inet.physicallayer.wireless.common.pathloss.FreeSpacePathLoss"""
General-317-20260718-15:48:02-5193,param,Florasat_Individual_Sats.radioMedium.pathLoss,alpha,,,2
General-317-20260718-15:48:02-5193,param,Florasat_Individual_Sats.radioMedium.pathLoss,systemLoss,,,0dB
General-317-20260718-15:48:02-5193,attr,Florasat_Individual_Sats.radioMedium.pathLoss,systemLoss,unit,dB,
General-317-20260718-15:48:02-5193,param,Florasat_Individual_Sats.radioMedium.mediumLimitCache,typename,,,"""inet.physicallayer.wireless.common.medium.MediumLimitCache"""
General-317-20260718-15:48:02-5193,param,Florasat_Individual_Sats.radioMedium.mediumLimitCache,centerFrequency,,,8.68e+08Hz
General-317-20260718-15:48:02-5193,attr,Florasat_Individual_Sats.radioMedium.mediumLimitCache,centerFrequency,unit,Hz,
General-317-20260718-15:48:02-5193,param,Florasat_Individual_Sats.radioMedium.mediumLimitCache,maxSpeed,,,nan mps
General-317-20260718-15:48:02-5193,attr,Florasat_Individual_Sats.radioMedium.mediumLimitCache,maxSpeed,unit,mps,
General-317-20260718-15:48:02-5193,param,Florasat_Individual_Sats.radioMedium.mediumLimitCache,maxTransmissionPower,,,nan W
General-317-20260718-15:48:02-5193,attr,Florasat_Individual_Sats.radioMedium.mediumLimitCache,maxTransmissionPower,unit,W,
General-317-20260718-15:48:02-5193,param,Florasat_Individual_Sats.radioMedium.mediumLimitCache,minInterferencePower,,,nan dBm
General-317-20260718-15:48:02-5193,attr,Florasat_Individual_Sats.radioMedium.mediumLimitCache,minInterferencePower,unit,dBm,
General-317-20260718-15:48:02-5193,param,Florasat_Individual_Sats.radioMedium.mediumLimitCache,minReceptionPower,,,nan dBm
General-317-20260718-15:48:02-5193,attr,Florasat_Individual_Sats.radioMedium.mediumLimitCache,minReceptionPower,unit,dBm,
General-317-20260718-15:48:02-5193,param,Florasat_Individual_Sats.radioMedium.mediumLimitCache,maxAntennaGain,,,0dB
General-317-20260718-15:48:02-5193,attr,Florasat_Individual_Sats.radioMedium.mediumLimitCache,maxAntennaGain,unit,dB,
General-317-20260718-15:48:02-5193,param,Florasat_Individual_Sats.radioMedium.mediumLimitCache,minInterferenceTime,,,0s
General-317-20260718-15:48:02-5193,attr,Florasat_Individual_Sats.radioMedium.mediumLimitCache,minInterferenceTime,unit,s,
General-317-20260718-15:48:02-5193,param,Florasat_Individual_Sats.radioMedium.mediumLimitCache,maxTransmissionDuration,,,4s
General-317-20260718-15:48:02-5193,attr,Florasat_Individual_Sats.radioMedium.mediumLimitCache,maxTransmissionDuration,unit,s,
General-317-20260718-15:48:02-5193,param,Florasat_Individual_Sats.radioMedium.mediumLimitCache,maxCommunicationRange,,,nan m
General-317-20260718-15:48:02-5193,attr,Florasat_Individual_Sats.radioMedium.mediumLimitCache,maxCommunicationRange,unit,m,
General-317-20260718-15:48:02-5193,param,Florasat_Individual_Sats.radioMedium.mediumLimitCache,maxInterferenceRange,,,nan m
General-317-20260718-15:48:02-5193,attr,Florasat_Individual_Sats.radioMedium.mediumLimitCache,maxInterferenceRange,unit,m,
General-317-20260718-15:48:02-5193,param,Florasat_Individual_Sats.radioMedium.communicationCache,typename,,,"""inet.physicallayer.wireless.common.communicationcache.VectorCommunicationCache"""
General-317-20260718-15:48:02-5193,param,Florasat_Individual_Sats.radioMedium,typename,,,"""Global.Medium.DSL.LoRaMedium"""
General-317-20260718-15:48:02-5193,param,Florasat_Individual_Sats.radioMedium,physicalEnvironmentModule,,,"""physicalEnvironment"""
General-317-20260718-15:48:02-5193,param,Florasat_Individual_Sats.radioMedium,signalAnalogRepresentation,,,"""scalar"""
General-317-20260718-15:48:02-5193,attr,Florasat_Individual_Sats.radioMedium,signalAnalogRepresentation,enum,"unitDisk,scalar,dimensional",
General-317-20260718-15:48:02-5193,param,Florasat_Individual_Sats.radioMedium,rangeFilter,,,"""communicationRange"""
General-317-20260718-15:48:02-5193,param,Florasat_Individual_Sats.radioMedium,radioModeFilter,,,true
General-317-20260718-15:48:02-5193,param,Florasat_Individual_Sats.radioMedium,listeningFilter,,,false
General-317-20260718-15:48:02-5193,param,Florasat_Individual_Sats.radioMedium,macAddressFilter,,,false
General-317-20260718-15:48:02-5193,param,Florasat_Individual_Sats.radioMedium,recordTransmissionLog,,,false
General-317-20260718-15:48:02-5193,param,Florasat_Individual_Sats.radioMedium,recordReceptionLog,,,false
General-317-20260718-15:48:02-5193,param,Florasat_Individual_Sats.radioMedium,minimumElevationTermSat,,,10
General-317-20260718-15:48:02-5193,param,Florasat_Individual_Sats.terminal[0].phy.radio.antenna,typename,,,"""inet.physicallayer.wireless.common.antenna.IsotropicAntenna"""
General-317-20260718-15:48:02-5193,param,Florasat_Individual_Sats.terminal[0].phy.radio.antenna,mobilityModule,,,"""^.^.^.mob"""
General-317-20260718-15:48:02-5193,param,Florasat_Individual_Sats.terminal[0].phy.radio.antenna,numAntennas,,,1
General-317-20260718-15:48:02-5193,param,Florasat_Individual_Sats.terminal[0].phy.radio.transmitter,typename,,,"""Global.Transceiver.LoRaTransmitter"""
General-317-20260718-15:48:02-5193,param,Florasat_Individual_Sats.terminal[0].phy.radio.transmitter,preambleDuration,,,0.001s
General-317-20260718-15:48:02-5193,attr,Florasat_Individual_Sats.terminal[0].phy.radio.transmitter,preambleDuration,unit,s,
General-317-20260718-15:48:02-5193,param,Florasat_Individual_Sats.terminal[0].phy.radio.transmitter,headerLength,,,40b
General-317-20260718-15:48:02-5193,attr,Florasat_Individual_Sats.terminal[0].phy.radio.transmitter,headerLength,unit,b,
General-317-20260718-15:48:02-5193,param,Florasat_Individual_Sats.terminal[0].phy.radio.transmitter,bitrate,,,250000bps
General-317-20260718-15:48:02-5193,attr,Florasat_Individual_Sats.terminal[0].phy.radio.transmitter,bitrate,unit,bps,
General-317-20260718-15:48:02-5193,param,Florasat_Individual_Sats.terminal[0].phy.radio.transmitter,power,,,0.025118W
General-317-20260718-15:48:02-5193,attr,Florasat_Individual_Sats.terminal[0].phy.radio.transmitter,power,unit,W,
General-317-20260718-15:48:02-5193,param,Florasat_Individual_Sats.terminal[0].phy.radio.transmitter,centerFrequency,,,8.68e+08Hz
General-317-20260718-15:48:02-5193,attr,Florasat_Individual_Sats.terminal[0].phy.radio.transmitter,centerFrequency,unit,Hz,
General-317-20260718-15:48:02-5193,param,Florasat_Individual_Sats.terminal[0].phy.radio.transmitter,bandwidth,,,250000Hz
General-317-20260718-15:48:02-5193,attr,Florasat_Individual_Sats.terminal[0].phy.radio.transmitter,bandwidth,unit,Hz,
General-317-20260718-15:48:02-5193,param,Florasat_Individual_Sats.terminal[0].phy.radio.transmitter,codeRate,,,1
General-317-20260718-15:48:02-5193,param,Florasat_Individual_Sats.terminal[0].phy.radio.transmitter,modulation,,,"""LoRaModulation"""
General-317-20260718-15:48:02-5193,param,Florasat_Individual_Sats.terminal[0].phy.radio.receiver,typename,,,"""Global.Transceiver.LoRaReceiver"""
General-317-20260718-15:48:02-5193,param,Florasat_Individual_Sats.terminal[0].phy.radio.receiver,energyDetection,,,-90dBm
General-317-20260718-15:48:02-5193,attr,Florasat_Individual_Sats.terminal[0].phy.radio.receiver,energyDetection,unit,dBm,
General-317-20260718-15:48:02-5193,param,Florasat_Individual_Sats.terminal[0].phy.radio.receiver,sensitivity,,,-137dBm
General-317-20260718-15:48:02-5193,attr,Florasat_Individual_Sats.terminal[0].phy.radio.receiver,sensitivity,unit,dBm,
General-317-20260718-15:48:02-5193,param,Florasat_Individual_Sats.terminal[0].phy.radio.receiver,snirThreshold,,,-8dB
General-317-20260718-15:48:02-5193,attr,Florasat_Individual_Sats.terminal[0].phy.radio.receiver,snirThreshold,unit,dB,
General-317-20260718-15:48:02-5193,param,Florasat_Individual_Sats.terminal[0].phy.radio.receiver,centerFrequency,,,8.68e+08Hz
General-317-20260718-15:48:02-5193,attr,Florasat_Individual_Sats.terminal[0].phy.radio.receiver,centerFrequency,unit,Hz,
General-317-20260718-15:48:02-5193,param,Florasat_Individual_Sats.terminal[0].phy.radio.receiver,bandwidth,,,250000Hz
General-317-20260718-15:48:02-5193,attr,Florasat_Individual_Sats.terminal[0].phy.radio.receiver,bandwidth,unit,Hz,
General-317-20260718-15:48:02-5193,param,Florasat_Individual_Sats.terminal[0].phy.radio.receiver,alohaChannelModel,,,false
General-317-20260718-15:48:02-5193,param,Florasat_Individual_Sats.terminal[0].phy.radio.receiver,errorModelType,,,""""""
General-317-20260718-15:48:02-5193,param,Florasat_Individual_Sats.terminal[0].phy.radio.receiver,ignoreInterference,,,false
General-317-20260718-15:48:02-5193,param,Florasat_Individual_Sats.terminal[0].phy.radio.receiver,enableCollisionOverlap,,,false
General-317-20260718-15:48:02-5193,param,Florasat_Individual_Sats.terminal[0].phy.radio.receiver,minCollisionOverlap,,,0s
General-317-20260718-15:48:02-5193,attr,Florasat_Individual_Sats.terminal[0].phy.radio.receiver,minCollisionOverlap,unit,s,
General-317-20260718-15:48:02-5193,param,Florasat_Individual_Sats.terminal[0].phy.radio.IdealEpEnergyStorage,typename,,,"""inet.power.storage.IdealEpEnergyStorage"""
General-317-20260718-15:48:02-5193,param,Florasat_Individual_Sats.terminal[0].phy.radio,typename,,,"""Nodes._10_Terminal._10_Physical.Ter_Phy_LoRaRadio"""
General-317-20260718-15:48:02-5193,param,Florasat_Individual_Sats.terminal[0].phy.radio,radioMediumModule,,,"""radioMedium"""
General-317-20260718-15:48:02-5193,param,Florasat_Individual_Sats.terminal[0].phy.radio,energySourceModule,,,""""""
General-317-20260718-15:48:02-5193,param,Florasat_Individual_Sats.terminal[0].phy.radio,initialRadioMode,,,"""off"""
General-317-20260718-15:48:02-5193,attr,Florasat_Individual_Sats.terminal[0].phy.radio,initialRadioMode,enum,"off,sleep,receiver,transmitter,transceiver",
General-317-20260718-15:48:02-5193,param,Florasat_Individual_Sats.terminal[0].phy.radio,switchingTimes,,,"""ms 0 0 0 0 0 0 0 0 0 0 0 0 0 0 0 0 0 0 0 0 0 0 0 0 0"""
General-317-20260718-15:48:02-5193,param,Florasat_Individual_Sats.terminal[0].phy.radio,sendRawBytes,,,false
General-317-20260718-15:48:02-5193,param,Florasat_Individual_Sats.terminal[0].phy.radio,separateTransmissionParts,,,false
General-317-20260718-15:48:02-5193,param,Florasat_Individual_Sats.terminal[0].phy.radio,separateReceptionParts,,,false
General-317-20260718-15:48:02-5193,param,Florasat_Individual_Sats.terminal[0].phy.radio,displayCommunicationRange,,,false
General-317-20260718-15:48:02-5193,param,Florasat_Individual_Sats.terminal[0].phy.radio,displayInterferenceRange,,,false
General-317-20260718-15:48:02-5193,param,Florasat_Individual_Sats.terminal[0].phy.radio,centerFrequency,,,8.68e+08Hz
General-317-20260718-15:48:02-5193,attr,Florasat_Individual_Sats.terminal[0].phy.radio,centerFrequency,unit,Hz,
General-317-20260718-15:48:02-5193,param,Florasat_Individual_Sats.terminal[0].phy.radio,bandwidth,,,250000Hz
General-317-20260718-15:48:02-5193,attr,Florasat_Individual_Sats.terminal[0].phy.radio,bandwidth,unit,Hz,
General-317-20260718-15:48:02-5193,param,Florasat_Individual_Sats.terminal[0].phy.radio,iAmGateway,,,false
General-317-20260718-15:48:02-5193,param,Florasat_Individual_Sats.terminal[0].phy,typename,,,"""Nodes._10_Terminal._10_Physical.Ter_Phy"""
General-317-20260718-15:48:02-5193,param,Florasat_Individual_Sats.terminal[0].phy,layerName,,,"""Ter_Phy"""
General-317-20260718-15:48:02-5193,attr,Florasat_Individual_Sats.terminal[0].phy,layerName,optional,,
General-317-20260718-15:48:02-5193,param,Florasat_Individual_Sats.terminal[0].dlk.mac.queue,typename,,,"""inet.queueing.queue.DropTailQueue"""
General-317-20260718-15:48:02-5193,param,Florasat_Individual_Sats.terminal[0].dlk.mac.queue,displayStringTextFormat,,,"""contains %p pk (%l) pushed %u\npulled %o removed %r dropped %d"""
General-317-20260718-15:48:02-5193,param,Florasat_Individual_Sats.terminal[0].dlk.mac.queue,packetCapacity,,,-1
General-317-20260718-15:48:02-5193,param,Florasat_Individual_Sats.terminal[0].dlk.mac.queue,dataCapacity,,,-1b
General-317-20260718-15:48:02-5193,attr,Florasat_Individual_Sats.terminal[0].dlk.mac.queue,dataCapacity,unit,b,
General-317-20260718-15:48:02-5193,param,Florasat_Individual_Sats.terminal[0].dlk.mac.queue,dropperClass,,,"""inet::queueing::PacketAtCollectionEndDropper"""
General-317-20260718-15:48:02-5193,param,Florasat_Individual_Sats.terminal[0].dlk.mac.queue,comparatorClass,,,""""""
General-317-20260718-15:48:02-5193,param,Florasat_Individual_Sats.terminal[0].dlk.mac.queue,bufferModule,,,""""""
General-317-20260718-15:48:02-5193,param,Florasat_Individual_Sats.terminal[0].dlk.mac.mlBox,typename,,,"""Nodes._10_Terminal._20_Data_Link.Transmission_Predictor.Transmission_Predictor"""
General-317-20260718-15:48:02-5193,param,Florasat_Individual_Sats.terminal[0].dlk.mac.mlBox,modelPath,,,"""/home/ylnner/Documents/omnet++/omnetpp-6.3.0/projects/florasat_v4_ult_routing/simulations/Test_Individual/mlmodels/transformer_scripted.pt"""
General-317-20260718-15:48:02-5193,param,Florasat_Individual_Sats.terminal[0].dlk.mac.mlBox,threshold,,,0.2
General-317-20260718-15:48:02-5193,param,Florasat_Individual_Sats.terminal[0].dlk.mac.mlBox,scalerPath,,,""""""
General-317-20260718-15:48:02-5193,param,Florasat_Individual_Sats.terminal[0].dlk.mac,typename,,,"""Nodes._10_Terminal._20_Data_Link.Ter_Dlk_KiWan"""
General-317-20260718-15:48:02-5193,param,Florasat_Individual_Sats.terminal[0].dlk.mac,interfaceTableModule,,,""""""
General-317-20260718-15:48:02-5193,param,Florasat_Individual_Sats.terminal[0].dlk.mac,radioModule,,,"""^.^.phy.radio"""
General-317-20260718-15:48:02-5193,param,Florasat_Individual_Sats.terminal[0].dlk.mac,address,,,"""0A-AA-00-00-00-01"""
General-317-20260718-15:48:02-5193,attr,Florasat_Individual_Sats.terminal[0].dlk.mac,address,mutable,,
General-317-20260718-15:48:02-5193,param,Florasat_Individual_Sats.terminal[0].dlk.mac,mtu,,,1500
General-317-20260718-15:48:02-5193,param,Florasat_Individual_Sats.terminal[0].dlk.mac,ttwDuration,,,100s
General-317-20260718-15:48:02-5193,attr,Florasat_Individual_Sats.terminal[0].dlk.mac,ttwDuration,unit,s,
General-317-20260718-15:48:02-5193,param,Florasat_Individual_Sats.terminal[0].dlk.mac,ttwIdle,,,0s
General-317-20260718-15:48:02-5193,attr,Florasat_Individual_Sats.terminal[0].dlk.mac,ttwIdle,unit,s,
General-317-20260718-15:48:02-5193,param,Florasat_Individual_Sats.terminal[0].dlk.mac,ttxStart_min,,,0s
General-317-20260718-15:48:02-5193,attr,Florasat_Individual_Sats.terminal[0].dlk.mac,ttxStart_min,unit,s,
General-317-20260718-15:48:02-5193,param,Florasat_Individual_Sats.terminal[0].dlk.mac,ttxStart_max,,,1s
General-317-20260718-15:48:02-5193,attr,Florasat_Individual_Sats.terminal[0].dlk.mac,ttxStart_max,unit,s,
General-317-20260718-15:48:02-5193,param,Florasat_Individual_Sats.terminal[0].dlk.mac,ttxIdle_min,,,10s
General-317-20260718-15:48:02-5193,attr,Florasat_Individual_Sats.terminal[0].dlk.mac,ttxIdle_min,unit,s,
General-317-20260718-15:48:02-5193,param,Florasat_Individual_Sats.terminal[0].dlk.mac,ttxIdle_max,,,15s
General-317-20260718-15:48:02-5193,attr,Florasat_Individual_Sats.terminal[0].dlk.mac,ttxIdle_max,unit,s,
General-317-20260718-15:48:02-5193,param,Florasat_Individual_Sats.terminal[0].dlk.mac,Ntw,,,1
General-317-20260718-15:48:02-5193,param,Florasat_Individual_Sats.terminal[0].dlk.mac,Ntx,,,5
General-317-20260718-15:48:02-5193,param,Florasat_Individual_Sats.terminal[0].dlk.mac,enableSatDetect,,,false
General-317-20260718-15:48:02-5193,param,Florasat_Individual_Sats.terminal[0].dlk.mac,tsdStart_min,,,0s
General-317-20260718-15:48:02-5193,attr,Florasat_Individual_Sats.terminal[0].dlk.mac,tsdStart_min,unit,s,
General-317-20260718-15:48:02-5193,param,Florasat_Individual_Sats.terminal[0].dlk.mac,tsdStart_max,,,60s
General-317-20260718-15:48:02-5193,attr,Florasat_Individual_Sats.terminal[0].dlk.mac,tsdStart_max,unit,s,
General-317-20260718-15:48:02-5193,param,Florasat_Individual_Sats.terminal[0].dlk.mac,Ndetect,,,4
General-317-20260718-15:48:02-5193,param,Florasat_Individual_Sats.terminal[0].dlk.mac,NsdSync,,,2
General-317-20260718-15:48:02-5193,param,Florasat_Individual_Sats.terminal[0].dlk.mac,tsyncIdle,,,60s
General-317-20260718-15:48:02-5193,attr,Florasat_Individual_Sats.terminal[0].dlk.mac,tsyncIdle,unit,s,
General-317-20260718-15:48:02-5193,param,Florasat_Individual_Sats.terminal[0].dlk.mac,tsdIdle,,,240s
General-317-20260718-15:48:02-5193,attr,Florasat_Individual_Sats.terminal[0].dlk.mac,tsdIdle,unit,s,
General-317-20260718-15:48:02-5193,param,Florasat_Individual_Sats.terminal[0].dlk.mac,satelliteDetectionProbability,,,0.9
General-317-20260718-15:48:02-5193,param,Florasat_Individual_Sats.terminal[0].dlk.mac,minimumElevation,,,5
General-317-20260718-15:48:02-5193,param,Florasat_Individual_Sats.terminal[0].dlk.mac,detectInitialListen,,,0.33s
General-317-20260718-15:48:02-5193,attr,Florasat_Individual_Sats.terminal[0].dlk.mac,detectInitialListen,unit,s,
General-317-20260718-15:48:02-5193,param,Florasat_Individual_Sats.terminal[0].dlk.mac,detectSuccessExtraMin,,,0.075s
General-317-20260718-15:48:02-5193,attr,Florasat_Individual_Sats.terminal[0].dlk.mac,detectSuccessExtraMin,unit,s,
General-317-20260718-15:48:02-5193,param,Florasat_Individual_Sats.terminal[0].dlk.mac,detectSuccessExtraMax,,,1.67s
General-317-20260718-15:48:02-5193,attr,Florasat_Individual_Sats.terminal[0].dlk.mac,detectSuccessExtraMax,unit,s,
General-317-20260718-15:48:02-5193,param,Florasat_Individual_Sats.terminal[0].dlk.mac,detectMissExtra,,,1.67s
General-317-20260718-15:48:02-5193,attr,Florasat_Individual_Sats.terminal[0].dlk.mac,detectMissExtra,unit,s,
General-317-20260718-15:48:02-5193,param,Florasat_Individual_Sats.terminal[0].dlk.mac,LoRaSF,,,11
General-317-20260718-15:48:02-5193,param,Florasat_Individual_Sats.terminal[0].dlk.mac,LoRaTP,,,12
General-317-20260718-15:48:02-5193,param,Florasat_Individual_Sats.terminal[0].dlk.mac,LoRaCF,,,8.68e+08
General-317-20260718-15:48:02-5193,param,Florasat_Individual_Sats.terminal[0].dlk.mac,LoRaBW,,,125000
General-317-20260718-15:48:02-5193,param,Florasat_Individual_Sats.terminal[0].dlk.mac,LoRaCR,,,1
General-317-20260718-15:48:02-5193,param,Florasat_Individual_Sats.terminal[0].dlk.mac,useMLBox,,,true
General-317-20260718-15:48:02-5193,param,Florasat_Individual_Sats.terminal[0].dlk.mac,useMLBoxBiLSTM,,,false
General-317-20260718-15:48:02-5193,param,Florasat_Individual_Sats.terminal[0].dlk.mac,useAnalytical,,,false
General-317-20260718-15:48:02-5193,param,Florasat_Individual_Sats.terminal[0].dlk,typename,,,"""Nodes._10_Terminal._20_Data_Link.Ter_Dlk"""
General-317-20260718-15:48:02-5193,param,Florasat_Individual_Sats.terminal[0].net.routing,typename,,,"""Global.Base._30_Network.Ter_Null_Routing"""
General-317-20260718-15:48:02-5193,param,Florasat_Individual_Sats.terminal[0].net,typename,,,"""Nodes._10_Terminal._30_Network.Ter_Net"""
General-317-20260718-15:48:02-5193,param,Florasat_Individual_Sats.terminal[0].net,layerName,,,"""Ter_Net"""
General-317-20260718-15:48:02-5193,attr,Florasat_Individual_Sats.terminal[0].net,layerName,optional,,
General-317-20260718-15:48:02-5193,param,Florasat_Individual_Sats.terminal[0].net,routingType,,,"""Ter_Null_Routing"""
General-317-20260718-15:48:02-5193,param,Florasat_Individual_Sats.terminal[0].app,typename,,,"""Nodes._10_Terminal._40_Application.Ter_App"""
General-317-20260718-15:48:02-5193,param,Florasat_Individual_Sats.terminal[0].app,layerName,,,"""TerminalApplicationLayer"""
General-317-20260718-15:48:02-5193,attr,Florasat_Individual_Sats.terminal[0].app,layerName,optional,,
General-317-20260718-15:48:02-5193,param,Florasat_Individual_Sats.terminal[0].app,numberOfPacketsToSend,,,0
General-317-20260718-15:48:02-5193,param,Florasat_Individual_Sats.terminal[0].app,timeToFirstPacket,,,1s
General-317-20260718-15:48:02-5193,attr,Florasat_Individual_Sats.terminal[0].app,timeToFirstPacket,unit,s,
General-317-20260718-15:48:02-5193,param,Florasat_Individual_Sats.terminal[0].app,timeToNextPacket,,,115s
General-317-20260718-15:48:02-5193,attr,Florasat_Individual_Sats.terminal[0].app,timeToNextPacket,unit,s,
General-317-20260718-15:48:02-5193,param,Florasat_Individual_Sats.terminal[0].app,timeToResponse,,,30s
General-317-20260718-15:48:02-5193,attr,Florasat_Individual_Sats.terminal[0].app,timeToResponse,unit,s,
General-317-20260718-15:48:02-5193,param,Florasat_Individual_Sats.terminal[0].app,timeToRetry,,,10s
General-317-20260718-15:48:02-5193,attr,Florasat_Individual_Sats.terminal[0].app,timeToRetry,unit,s,
General-317-20260718-15:48:02-5193,param,Florasat_Individual_Sats.terminal[0].app,ackTimeout,,,7s
General-317-20260718-15:48:02-5193,attr,Florasat_Individual_Sats.terminal[0].app,ackTimeout,unit,s,
General-317-20260718-15:48:02-5193,param,Florasat_Individual_Sats.terminal[0].app,timer,,,1s
General-317-20260718-15:48:02-5193,attr,Florasat_Individual_Sats.terminal[0].app,timer,unit,s,
General-317-20260718-15:48:02-5193,param,Florasat_Individual_Sats.terminal[0].app,initialLoRaTP,,,14dBm
General-317-20260718-15:48:02-5193,attr,Florasat_Individual_Sats.terminal[0].app,initialLoRaTP,unit,dBm,
General-317-20260718-15:48:02-5193,param,Florasat_Individual_Sats.terminal[0].app,initialLoRaCF,,,8.68e+08Hz
General-317-20260718-15:48:02-5193,attr,Florasat_Individual_Sats.terminal[0].app,initialLoRaCF,unit,Hz,
General-317-20260718-15:48:02-5193,param,Florasat_Individual_Sats.terminal[0].app,initialLoRaSF,,,12
General-317-20260718-15:48:02-5193,param,Florasat_Individual_Sats.terminal[0].app,initialLoRaBW,,,125000Hz
General-317-20260718-15:48:02-5193,attr,Florasat_Individual_Sats.terminal[0].app,initialLoRaBW,unit,Hz,
General-317-20260718-15:48:02-5193,param,Florasat_Individual_Sats.terminal[0].app,initialLoRaCR,,,4
General-317-20260718-15:48:02-5193,param,Florasat_Individual_Sats.terminal[0].app,initialUseHeader,,,true
General-317-20260718-15:48:02-5193,param,Florasat_Individual_Sats.terminal[0].app,initialPingSlot,,,1
General-317-20260718-15:48:02-5193,param,Florasat_Individual_Sats.terminal[0].app,InitClassA,,,true
General-317-20260718-15:48:02-5193,param,Florasat_Individual_Sats.terminal[0].app,InitClassB,,,false
General-317-20260718-15:48:02-5193,param,Florasat_Individual_Sats.terminal[0].app,evaluateADRinNode,,,false
General-317-20260718-15:48:02-5193,param,Florasat_Individual_Sats.terminal[0].app,payloadSize,,,10B
General-317-20260718-15:48:02-5193,attr,Florasat_Individual_Sats.terminal[0].app,payloadSize,unit,B,
General-317-20260718-15:48:02-5193,param,Florasat_Individual_Sats.terminal[0].app,usingAck,,,true
General-317-20260718-15:48:02-5193,param,Florasat_Individual_Sats.terminal[0].app,numGroundLinks,,,40
General-317-20260718-15:48:02-5193,param,Florasat_Individual_Sats.terminal[0].app,maxHops,,,50
General-317-20260718-15:48:02-5193,param,Florasat_Individual_Sats.terminal[0].app,nroMaxAttempts,,,0
General-317-20260718-15:48:02-5193,param,Florasat_Individual_Sats.terminal[0].eng,typename,,,"""Nodes._10_Terminal._50_Energy.Ter_Ene"""
General-317-20260718-15:48:02-5193,param,Florasat_Individual_Sats.terminal[0].mob,typename,,,"""Nodes._10_Terminal._60_Mobility.Ter_Mob"""
General-317-20260718-15:48:02-5193,param,Florasat_Individual_Sats.terminal[0].mob,subjectModule,,,"""^"""
General-317-20260718-15:48:02-5193,param,Florasat_Individual_Sats.terminal[0].mob,coordinateSystemModule,,,""""""
General-317-20260718-15:48:02-5193,param,Florasat_Individual_Sats.terminal[0].mob,displayStringTextFormat,,,"""p: %p\nv: %v"""
General-317-20260718-15:48:02-5193,attr,Florasat_Individual_Sats.terminal[0].mob,displayStringTextFormat,mutable,,
General-317-20260718-15:48:02-5193,param,Florasat_Individual_Sats.terminal[0].mob,updateDisplayString,,,true
General-317-20260718-15:48:02-5193,param,Florasat_Individual_Sats.terminal[0].mob,constraintAreaMinX,,,-inf m
General-317-20260718-15:48:02-5193,attr,Florasat_Individual_Sats.terminal[0].mob,constraintAreaMinX,unit,m,
General-317-20260718-15:48:02-5193,param,Florasat_Individual_Sats.terminal[0].mob,constraintAreaMinY,,,-inf m
General-317-20260718-15:48:02-5193,attr,Florasat_Individual_Sats.terminal[0].mob,constraintAreaMinY,unit,m,
General-317-20260718-15:48:02-5193,param,Florasat_Individual_Sats.terminal[0].mob,constraintAreaMinZ,,,-inf m
General-317-20260718-15:48:02-5193,attr,Florasat_Individual_Sats.terminal[0].mob,constraintAreaMinZ,unit,m,
General-317-20260718-15:48:02-5193,param,Florasat_Individual_Sats.terminal[0].mob,constraintAreaMaxX,,,inf m
General-317-20260718-15:48:02-5193,attr,Florasat_Individual_Sats.terminal[0].mob,constraintAreaMaxX,unit,m,
General-317-20260718-15:48:02-5193,param,Florasat_Individual_Sats.terminal[0].mob,constraintAreaMaxY,,,inf m
General-317-20260718-15:48:02-5193,attr,Florasat_Individual_Sats.terminal[0].mob,constraintAreaMaxY,unit,m,
General-317-20260718-15:48:02-5193,param,Florasat_Individual_Sats.terminal[0].mob,constraintAreaMaxZ,,,inf m
General-317-20260718-15:48:02-5193,attr,Florasat_Individual_Sats.terminal[0].mob,constraintAreaMaxZ,unit,m,
General-317-20260718-15:48:02-5193,param,Florasat_Individual_Sats.terminal[0].mob,initialX,,,nan m
General-317-20260718-15:48:02-5193,attr,Florasat_Individual_Sats.terminal[0].mob,initialX,unit,m,
General-317-20260718-15:48:02-5193,param,Florasat_Individual_Sats.terminal[0].mob,initialY,,,nan m
General-317-20260718-15:48:02-5193,attr,Florasat_Individual_Sats.terminal[0].mob,initialY,unit,m,
General-317-20260718-15:48:02-5193,param,Florasat_Individual_Sats.terminal[0].mob,initialZ,,,0m
General-317-20260718-15:48:02-5193,attr,Florasat_Individual_Sats.terminal[0].mob,initialZ,unit,m,
General-317-20260718-15:48:02-5193,param,Florasat_Individual_Sats.terminal[0].mob,initialLatitude,,,nan deg
General-317-20260718-15:48:02-5193,attr,Florasat_Individual_Sats.terminal[0].mob,initialLatitude,unit,deg,
General-317-20260718-15:48:02-5193,param,Florasat_Individual_Sats.terminal[0].mob,initialLongitude,,,nan deg
General-317-20260718-15:48:02-5193,attr,Florasat_Individual_Sats.terminal[0].mob,initialLongitude,unit,deg,
General-317-20260718-15:48:02-5193,param,Florasat_Individual_Sats.terminal[0].mob,initialAltitude,,,0m
General-317-20260718-15:48:02-5193,attr,Florasat_Individual_Sats.terminal[0].mob,initialAltitude,unit,m,
General-317-20260718-15:48:02-5193,param,Florasat_Individual_Sats.terminal[0].mob,initialHeading,,,0deg
General-317-20260718-15:48:02-5193,attr,Florasat_Individual_Sats.terminal[0].mob,initialHeading,unit,deg,
General-317-20260718-15:48:02-5193,param,Florasat_Individual_Sats.terminal[0].mob,initialElevation,,,0deg
General-317-20260718-15:48:02-5193,attr,Florasat_Individual_Sats.terminal[0].mob,initialElevation,unit,deg,
General-317-20260718-15:48:02-5193,param,Florasat_Individual_Sats.terminal[0].mob,initialBank,,,0deg
General-317-20260718-15:48:02-5193,attr,Florasat_Individual_Sats.terminal[0].mob,initialBank,unit,deg,
General-317-20260718-15:48:02-5193,param,Florasat_Individual_Sats.terminal[0].mob,initFromDisplayString,,,false
General-317-20260718-15:48:02-5193,param,Florasat_Individual_Sats.terminal[0].mob,updateFromDisplayString,,,false
General-317-20260718-15:48:02-5193,param,Florasat_Individual_Sats.terminal[0].mob,centerLatitude,,,54.978
General-317-20260718-15:48:02-5193,param,Florasat_Individual_Sats.terminal[0].mob,centerLongitude,,,-1.617
General-317-20260718-15:48:02-5193,param,Florasat_Individual_Sats.terminal[0].mob,deploymentRadius,,,200
General-317-20260718-15:48:02-5193,param,Florasat_Individual_Sats.terminal[0],typename,,,"""Nodes._10_Terminal.Terminal"""
General-317-20260718-15:48:02-5193,param,Florasat_Individual_Sats.terminal[0],layerName,,,"""Terminal"""
General-317-20260718-15:48:02-5193,attr,Florasat_Individual_Sats.terminal[0],layerName,optional,,
General-317-20260718-15:48:02-5193,param,Florasat_Individual_Sats.terminal[0],sendData,,,true
General-317-20260718-15:48:02-5193,attr,Florasat_Individual_Sats.terminal[0],sendData,mutable,,
General-317-20260718-15:48:02-5193,param,Florasat_Individual_Sats.terminal[0],dstGsOrDev,,,0
General-317-20260718-15:48:02-5193,param,Florasat_Individual_Sats.terminal[1].phy.radio.antenna,typename,,,"""inet.physicallayer.wireless.common.antenna.IsotropicAntenna"""
General-317-20260718-15:48:02-5193,param,Florasat_Individual_Sats.terminal[1].phy.radio.antenna,mobilityModule,,,"""^.^.^.mob"""
General-317-20260718-15:48:02-5193,param,Florasat_Individual_Sats.terminal[1].phy.radio.antenna,numAntennas,,,1
General-317-20260718-15:48:02-5193,param,Florasat_Individual_Sats.terminal[1].phy.radio.transmitter,typename,,,"""Global.Transceiver.LoRaTransmitter"""
General-317-20260718-15:48:02-5193,param,Florasat_Individual_Sats.terminal[1].phy.radio.transmitter,preambleDuration,,,0.001s
General-317-20260718-15:48:02-5193,attr,Florasat_Individual_Sats.terminal[1].phy.radio.transmitter,preambleDuration,unit,s,
General-317-20260718-15:48:02-5193,param,Florasat_Individual_Sats.terminal[1].phy.radio.transmitter,headerLength,,,40b
General-317-20260718-15:48:02-5193,attr,Florasat_Individual_Sats.terminal[1].phy.radio.transmitter,headerLength,unit,b,
General-317-20260718-15:48:02-5193,param,Florasat_Individual_Sats.terminal[1].phy.radio.transmitter,bitrate,,,250000bps
General-317-20260718-15:48:02-5193,attr,Florasat_Individual_Sats.terminal[1].phy.radio.transmitter,bitrate,unit,bps,
General-317-20260718-15:48:02-5193,param,Florasat_Individual_Sats.terminal[1].phy.radio.transmitter,power,,,0.025118W
General-317-20260718-15:48:02-5193,attr,Florasat_Individual_Sats.terminal[1].phy.radio.transmitter,power,unit,W,
General-317-20260718-15:48:02-5193,param,Florasat_Individual_Sats.terminal[1].phy.radio.transmitter,centerFrequency,,,8.68e+08Hz
General-317-20260718-15:48:02-5193,attr,Florasat_Individual_Sats.terminal[1].phy.radio.transmitter,centerFrequency,unit,Hz,
General-317-20260718-15:48:02-5193,param,Florasat_Individual_Sats.terminal[1].phy.radio.transmitter,bandwidth,,,250000Hz
General-317-20260718-15:48:02-5193,attr,Florasat_Individual_Sats.terminal[1].phy.radio.transmitter,bandwidth,unit,Hz,
General-317-20260718-15:48:02-5193,param,Florasat_Individual_Sats.terminal[1].phy.radio.transmitter,codeRate,,,1
General-317-20260718-15:48:02-5193,param,Florasat_Individual_Sats.terminal[1].phy.radio.transmitter,modulation,,,"""LoRaModulation"""
General-317-20260718-15:48:02-5193,param,Florasat_Individual_Sats.terminal[1].phy.radio.receiver,typename,,,"""Global.Transceiver.LoRaReceiver"""
General-317-20260718-15:48:02-5193,param,Florasat_Individual_Sats.terminal[1].phy.radio.receiver,energyDetection,,,-90dBm
General-317-20260718-15:48:02-5193,attr,Florasat_Individual_Sats.terminal[1].phy.radio.receiver,energyDetection,unit,dBm,
General-317-20260718-15:48:02-5193,param,Florasat_Individual_Sats.terminal[1].phy.radio.receiver,sensitivity,,,-137dBm
General-317-20260718-15:48:02-5193,attr,Florasat_Individual_Sats.terminal[1].phy.radio.receiver,sensitivity,unit,dBm,
General-317-20260718-15:48:02-5193,param,Florasat_Individual_Sats.terminal[1].phy.radio.receiver,snirThreshold,,,-8dB
General-317-20260718-15:48:02-5193,attr,Florasat_Individual_Sats.terminal[1].phy.radio.receiver,snirThreshold,unit,dB,
General-317-20260718-15:48:02-5193,param,Florasat_Individual_Sats.terminal[1].phy.radio.receiver,centerFrequency,,,8.68e+08Hz
General-317-20260718-15:48:02-5193,attr,Florasat_Individual_Sats.terminal[1].phy.radio.receiver,centerFrequency,unit,Hz,
General-317-20260718-15:48:02-5193,param,Florasat_Individual_Sats.terminal[1].phy.radio.receiver,bandwidth,,,250000Hz
General-317-20260718-15:48:02-5193,attr,Florasat_Individual_Sats.terminal[1].phy.radio.receiver,bandwidth,unit,Hz,
General-317-20260718-15:48:02-5193,param,Florasat_Individual_Sats.terminal[1].phy.radio.receiver,alohaChannelModel,,,false
General-317-20260718-15:48:02-5193,param,Florasat_Individual_Sats.terminal[1].phy.radio.receiver,errorModelType,,,""""""
General-317-20260718-15:48:02-5193,param,Florasat_Individual_Sats.terminal[1].phy.radio.receiver,ignoreInterference,,,false
General-317-20260718-15:48:02-5193,param,Florasat_Individual_Sats.terminal[1].phy.radio.receiver,enableCollisionOverlap,,,false
General-317-20260718-15:48:02-5193,param,Florasat_Individual_Sats.terminal[1].phy.radio.receiver,minCollisionOverlap,,,0s
General-317-20260718-15:48:02-5193,attr,Florasat_Individual_Sats.terminal[1].phy.radio.receiver,minCollisionOverlap,unit,s,
General-317-20260718-15:48:02-5193,param,Florasat_Individual_Sats.terminal[1].phy.radio.IdealEpEnergyStorage,typename,,,"""inet.power.storage.IdealEpEnergyStorage"""
General-317-20260718-15:48:02-5193,param,Florasat_Individual_Sats.terminal[1].phy.radio,typename,,,"""Nodes._10_Terminal._10_Physical.Ter_Phy_LoRaRadio"""
General-317-20260718-15:48:02-5193,param,Florasat_Individual_Sats.terminal[1].phy.radio,radioMediumModule,,,"""radioMedium"""
General-317-20260718-15:48:02-5193,param,Florasat_Individual_Sats.terminal[1].phy.radio,energySourceModule,,,""""""
General-317-20260718-15:48:02-5193,param,Florasat_Individual_Sats.terminal[1].phy.radio,initialRadioMode,,,"""off"""
General-317-20260718-15:48:02-5193,attr,Florasat_Individual_Sats.terminal[1].phy.radio,initialRadioMode,enum,"off,sleep,receiver,transmitter,transceiver",
General-317-20260718-15:48:02-5193,param,Florasat_Individual_Sats.terminal[1].phy.radio,switchingTimes,,,"""ms 0 0 0 0 0 0 0 0 0 0 0 0 0 0 0 0 0 0 0 0 0 0 0 0 0"""
General-317-20260718-15:48:02-5193,param,Florasat_Individual_Sats.terminal[1].phy.radio,sendRawBytes,,,false
General-317-20260718-15:48:02-5193,param,Florasat_Individual_Sats.terminal[1].phy.radio,separateTransmissionParts,,,false
General-317-20260718-15:48:02-5193,param,Florasat_Individual_Sats.terminal[1].phy.radio,separateReceptionParts,,,false
General-317-20260718-15:48:02-5193,param,Florasat_Individual_Sats.terminal[1].phy.radio,displayCommunicationRange,,,false
General-317-20260718-15:48:02-5193,param,Florasat_Individual_Sats.terminal[1].phy.radio,displayInterferenceRange,,,false
General-317-20260718-15:48:02-5193,param,Florasat_Individual_Sats.terminal[1].phy.radio,centerFrequency,,,8.68e+08Hz
General-317-20260718-15:48:02-5193,attr,Florasat_Individual_Sats.terminal[1].phy.radio,centerFrequency,unit,Hz,
General-317-20260718-15:48:02-5193,param,Florasat_Individual_Sats.terminal[1].phy.radio,bandwidth,,,250000Hz
General-317-20260718-15:48:02-5193,attr,Florasat_Individual_Sats.terminal[1].phy.radio,bandwidth,unit,Hz,
General-317-20260718-15:48:02-5193,param,Florasat_Individual_Sats.terminal[1].phy.radio,iAmGateway,,,false
General-317-20260718-15:48:02-5193,param,Florasat_Individual_Sats.terminal[1].phy,typename,,,"""Nodes._10_Terminal._10_Physical.Ter_Phy"""
General-317-20260718-15:48:02-5193,param,Florasat_Individual_Sats.terminal[1].phy,layerName,,,"""Ter_Phy"""
General-317-20260718-15:48:02-5193,attr,Florasat_Individual_Sats.terminal[1].phy,layerName,optional,,
General-317-20260718-15:48:02-5193,param,Florasat_Individual_Sats.terminal[1].dlk.mac.queue,typename,,,"""inet.queueing.queue.DropTailQueue"""
General-317-20260718-15:48:02-5193,param,Florasat_Individual_Sats.terminal[1].dlk.mac.queue,displayStringTextFormat,,,"""contains %p pk (%l) pushed %u\npulled %o removed %r dropped %d"""
General-317-20260718-15:48:02-5193,param,Florasat_Individual_Sats.terminal[1].dlk.mac.queue,packetCapacity,,,-1
General-317-20260718-15:48:02-5193,param,Florasat_Individual_Sats.terminal[1].dlk.mac.queue,dataCapacity,,,-1b
General-317-20260718-15:48:02-5193,attr,Florasat_Individual_Sats.terminal[1].dlk.mac.queue,dataCapacity,unit,b,
General-317-20260718-15:48:02-5193,param,Florasat_Individual_Sats.terminal[1].dlk.mac.queue,dropperClass,,,"""inet::queueing::PacketAtCollectionEndDropper"""
General-317-20260718-15:48:02-5193,param,Florasat_Individual_Sats.terminal[1].dlk.mac.queue,comparatorClass,,,""""""
General-317-20260718-15:48:02-5193,param,Florasat_Individual_Sats.terminal[1].dlk.mac.queue,bufferModule,,,""""""
General-317-20260718-15:48:02-5193,param,Florasat_Individual_Sats.terminal[1].dlk.mac.mlBox,typename,,,"""Nodes._10_Terminal._20_Data_Link.Transmission_Predictor.Transmission_Predictor"""
General-317-20260718-15:48:02-5193,param,Florasat_Individual_Sats.terminal[1].dlk.mac.mlBox,modelPath,,,"""/home/ylnner/Documents/omnet++/omnetpp-6.3.0/projects/florasat_v4_ult_routing/simulations/Test_Individual/mlmodels/transformer_scripted.pt"""
General-317-20260718-15:48:02-5193,param,Florasat_Individual_Sats.terminal[1].dlk.mac.mlBox,threshold,,,0.2
General-317-20260718-15:48:02-5193,param,Florasat_Individual_Sats.terminal[1].dlk.mac.mlBox,scalerPath,,,""""""
General-317-20260718-15:48:02-5193,param,Florasat_Individual_Sats.terminal[1].dlk.mac,typename,,,"""Nodes._10_Terminal._20_Data_Link.Ter_Dlk_KiWan"""
General-317-20260718-15:48:02-5193,param,Florasat_Individual_Sats.terminal[1].dlk.mac,interfaceTableModule,,,""""""
General-317-20260718-15:48:02-5193,param,Florasat_Individual_Sats.terminal[1].dlk.mac,radioModule,,,"""^.^.phy.radio"""
General-317-20260718-15:48:02-5193,param,Florasat_Individual_Sats.terminal[1].dlk.mac,address,,,"""0A-AA-00-00-00-02"""
General-317-20260718-15:48:02-5193,attr,Florasat_Individual_Sats.terminal[1].dlk.mac,address,mutable,,
General-317-20260718-15:48:02-5193,param,Florasat_Individual_Sats.terminal[1].dlk.mac,mtu,,,1500
General-317-20260718-15:48:02-5193,param,Florasat_Individual_Sats.terminal[1].dlk.mac,ttwDuration,,,100s
General-317-20260718-15:48:02-5193,attr,Florasat_Individual_Sats.terminal[1].dlk.mac,ttwDuration,unit,s,
General-317-20260718-15:48:02-5193,param,Florasat_Individual_Sats.terminal[1].dlk.mac,ttwIdle,,,0s
General-317-20260718-15:48:02-5193,attr,Florasat_Individual_Sats.terminal[1].dlk.mac,ttwIdle,unit,s,
General-317-20260718-15:48:02-5193,param,Florasat_Individual_Sats.terminal[1].dlk.mac,ttxStart_min,,,0s
General-317-20260718-15:48:02-5193,attr,Florasat_Individual_Sats.terminal[1].dlk.mac,ttxStart_min,unit,s,
General-317-20260718-15:48:02-5193,param,Florasat_Individual_Sats.terminal[1].dlk.mac,ttxStart_max,,,1s
General-317-20260718-15:48:02-5193,attr,Florasat_Individual_Sats.terminal[1].dlk.mac,ttxStart_max,unit,s,
General-317-20260718-15:48:02-5193,param,Florasat_Individual_Sats.terminal[1].dlk.mac,ttxIdle_min,,,10s
General-317-20260718-15:48:02-5193,attr,Florasat_Individual_Sats.terminal[1].dlk.mac,ttxIdle_min,unit,s,
General-317-20260718-15:48:02-5193,param,Florasat_Individual_Sats.terminal[1].dlk.mac,ttxIdle_max,,,15s
General-317-20260718-15:48:02-5193,attr,Florasat_Individual_Sats.terminal[1].dlk.mac,ttxIdle_max,unit,s,
General-317-20260718-15:48:02-5193,param,Florasat_Individual_Sats.terminal[1].dlk.mac,Ntw,,,1
General-317-20260718-15:48:02-5193,param,Florasat_Individual_Sats.terminal[1].dlk.mac,Ntx,,,5
General-317-20260718-15:48:02-5193,param,Florasat_Individual_Sats.terminal[1].dlk.mac,enableSatDetect,,,false
General-317-20260718-15:48:02-5193,param,Florasat_Individual_Sats.terminal[1].dlk.mac,tsdStart_min,,,0s
General-317-20260718-15:48:02-5193,attr,Florasat_Individual_Sats.terminal[1].dlk.mac,tsdStart_min,unit,s,
General-317-20260718-15:48:02-5193,param,Florasat_Individual_Sats.terminal[1].dlk.mac,tsdStart_max,,,60s
General-317-20260718-15:48:02-5193,attr,Florasat_Individual_Sats.terminal[1].dlk.mac,tsdStart_max,unit,s,
General-317-20260718-15:48:02-5193,param,Florasat_Individual_Sats.terminal[1].dlk.mac,Ndetect,,,4
General-317-20260718-15:48:02-5193,param,Florasat_Individual_Sats.terminal[1].dlk.mac,NsdSync,,,2
General-317-20260718-15:48:02-5193,param,Florasat_Individual_Sats.terminal[1].dlk.mac,tsyncIdle,,,60s
General-317-20260718-15:48:02-5193,attr,Florasat_Individual_Sats.terminal[1].dlk.mac,tsyncIdle,unit,s,
General-317-20260718-15:48:02-5193,param,Florasat_Individual_Sats.terminal[1].dlk.mac,tsdIdle,,,240s
General-317-20260718-15:48:02-5193,attr,Florasat_Individual_Sats.terminal[1].dlk.mac,tsdIdle,unit,s,
General-317-20260718-15:48:02-5193,param,Florasat_Individual_Sats.terminal[1].dlk.mac,satelliteDetectionProbability,,,0.9
General-317-20260718-15:48:02-5193,param,Florasat_Individual_Sats.terminal[1].dlk.mac,minimumElevation,,,5
General-317-20260718-15:48:02-5193,param,Florasat_Individual_Sats.terminal[1].dlk.mac,detectInitialListen,,,0.33s
General-317-20260718-15:48:02-5193,attr,Florasat_Individual_Sats.terminal[1].dlk.mac,detectInitialListen,unit,s,
General-317-20260718-15:48:02-5193,param,Florasat_Individual_Sats.terminal[1].dlk.mac,detectSuccessExtraMin,,,0.075s
General-317-20260718-15:48:02-5193,attr,Florasat_Individual_Sats.terminal[1].dlk.mac,detectSuccessExtraMin,unit,s,
General-317-20260718-15:48:02-5193,param,Florasat_Individual_Sats.terminal[1].dlk.mac,detectSuccessExtraMax,,,1.67s
General-317-20260718-15:48:02-5193,attr,Florasat_Individual_Sats.terminal[1].dlk.mac,detectSuccessExtraMax,unit,s,
General-317-20260718-15:48:02-5193,param,Florasat_Individual_Sats.terminal[1].dlk.mac,detectMissExtra,,,1.67s
General-317-20260718-15:48:02-5193,attr,Florasat_Individual_Sats.terminal[1].dlk.mac,detectMissExtra,unit,s,
General-317-20260718-15:48:02-5193,param,Florasat_Individual_Sats.terminal[1].dlk.mac,LoRaSF,,,10
General-317-20260718-15:48:02-5193,param,Florasat_Individual_Sats.terminal[1].dlk.mac,LoRaTP,,,14
General-317-20260718-15:48:02-5193,param,Florasat_Individual_Sats.terminal[1].dlk.mac,LoRaCF,,,8.68e+08
General-317-20260718-15:48:02-5193,param,Florasat_Individual_Sats.terminal[1].dlk.mac,LoRaBW,,,125000
General-317-20260718-15:48:02-5193,param,Florasat_Individual_Sats.terminal[1].dlk.mac,LoRaCR,,,1
General-317-20260718-15:48:02-5193,param,Florasat_Individual_Sats.terminal[1].dlk.mac,useMLBox,,,true
General-317-20260718-15:48:02-5193,param,Florasat_Individual_Sats.terminal[1].dlk.mac,useMLBoxBiLSTM,,,false
General-317-20260718-15:48:02-5193,param,Florasat_Individual_Sats.terminal[1].dlk.mac,useAnalytical,,,false
General-317-20260718-15:48:02-5193,param,Florasat_Individual_Sats.terminal[1].dlk,typename,,,"""Nodes._10_Terminal._20_Data_Link.Ter_Dlk"""
General-317-20260718-15:48:02-5193,param,Florasat_Individual_Sats.terminal[1].net.routing,typename,,,"""Global.Base._30_Network.Ter_Null_Routing"""
General-317-20260718-15:48:02-5193,param,Florasat_Individual_Sats.terminal[1].net,typename,,,"""Nodes._10_Terminal._30_Network.Ter_Net"""
General-317-20260718-15:48:02-5193,param,Florasat_Individual_Sats.terminal[1].net,layerName,,,"""Ter_Net"""
General-317-20260718-15:48:02-5193,attr,Florasat_Individual_Sats.terminal[1].net,layerName,optional,,
General-317-20260718-15:48:02-5193,param,Florasat_Individual_Sats.terminal[1].net,routingType,,,"""Ter_Null_Routing"""
General-317-20260718-15:48:02-5193,param,Florasat_Individual_Sats.terminal[1].app,typename,,,"""Nodes._10_Terminal._40_Application.Ter_App"""
General-317-20260718-15:48:02-5193,param,Florasat_Individual_Sats.terminal[1].app,layerName,,,"""TerminalApplicationLayer"""
General-317-20260718-15:48:02-5193,attr,Florasat_Individual_Sats.terminal[1].app,layerName,optional,,
General-317-20260718-15:48:02-5193,param,Florasat_Individual_Sats.terminal[1].app,numberOfPacketsToSend,,,0
General-317-20260718-15:48:02-5193,param,Florasat_Individual_Sats.terminal[1].app,timeToFirstPacket,,,1s
General-317-20260718-15:48:02-5193,attr,Florasat_Individual_Sats.terminal[1].app,timeToFirstPacket,unit,s,
General-317-20260718-15:48:02-5193,param,Florasat_Individual_Sats.terminal[1].app,timeToNextPacket,,,115s
General-317-20260718-15:48:02-5193,attr,Florasat_Individual_Sats.terminal[1].app,timeToNextPacket,unit,s,
General-317-20260718-15:48:02-5193,param,Florasat_Individual_Sats.terminal[1].app,timeToResponse,,,30s
General-317-20260718-15:48:02-5193,attr,Florasat_Individual_Sats.terminal[1].app,timeToResponse,unit,s,
General-317-20260718-15:48:02-5193,param,Florasat_Individual_Sats.terminal[1].app,timeToRetry,,,10s
General-317-20260718-15:48:02-5193,attr,Florasat_Individual_Sats.terminal[1].app,timeToRetry,unit,s,
General-317-20260718-15:48:02-5193,param,Florasat_Individual_Sats.terminal[1].app,ackTimeout,,,7s
General-317-20260718-15:48:02-5193,attr,Florasat_Individual_Sats.terminal[1].app,ackTimeout,unit,s,
General-317-20260718-15:48:02-5193,param,Florasat_Individual_Sats.terminal[1].app,timer,,,1s
General-317-20260718-15:48:02-5193,attr,Florasat_Individual_Sats.terminal[1].app,timer,unit,s,
General-317-20260718-15:48:02-5193,param,Florasat_Individual_Sats.terminal[1].app,initialLoRaTP,,,14dBm
General-317-20260718-15:48:02-5193,attr,Florasat_Individual_Sats.terminal[1].app,initialLoRaTP,unit,dBm,
General-317-20260718-15:48:02-5193,param,Florasat_Individual_Sats.terminal[1].app,initialLoRaCF,,,8.68e+08Hz
General-317-20260718-15:48:02-5193,attr,Florasat_Individual_Sats.terminal[1].app,initialLoRaCF,unit,Hz,
General-317-20260718-15:48:02-5193,param,Florasat_Individual_Sats.terminal[1].app,initialLoRaSF,,,12
General-317-20260718-15:48:02-5193,param,Florasat_Individual_Sats.terminal[1].app,initialLoRaBW,,,125000Hz
General-317-20260718-15:48:02-5193,attr,Florasat_Individual_Sats.terminal[1].app,initialLoRaBW,unit,Hz,
General-317-20260718-15:48:02-5193,param,Florasat_Individual_Sats.terminal[1].app,initialLoRaCR,,,4
General-317-20260718-15:48:02-5193,param,Florasat_Individual_Sats.terminal[1].app,initialUseHeader,,,true
General-317-20260718-15:48:02-5193,param,Florasat_Individual_Sats.terminal[1].app,initialPingSlot,,,1
General-317-20260718-15:48:02-5193,param,Florasat_Individual_Sats.terminal[1].app,InitClassA,,,true
General-317-20260718-15:48:02-5193,param,Florasat_Individual_Sats.terminal[1].app,InitClassB,,,false
General-317-20260718-15:48:02-5193,param,Florasat_Individual_Sats.terminal[1].app,evaluateADRinNode,,,false
General-317-20260718-15:48:02-5193,param,Florasat_Individual_Sats.terminal[1].app,payloadSize,,,10B
General-317-20260718-15:48:02-5193,attr,Florasat_Individual_Sats.terminal[1].app,payloadSize,unit,B,
General-317-20260718-15:48:02-5193,param,Florasat_Individual_Sats.terminal[1].app,usingAck,,,true
General-317-20260718-15:48:02-5193,param,Florasat_Individual_Sats.terminal[1].app,numGroundLinks,,,40
General-317-20260718-15:48:02-5193,param,Florasat_Individual_Sats.terminal[1].app,maxHops,,,50
General-317-20260718-15:48:02-5193,param,Florasat_Individual_Sats.terminal[1].app,nroMaxAttempts,,,0
General-317-20260718-15:48:02-5193,param,Florasat_Individual_Sats.terminal[1].eng,typename,,,"""Nodes._10_Terminal._50_Energy.Ter_Ene"""
General-317-20260718-15:48:02-5193,param,Florasat_Individual_Sats.terminal[1].mob,typename,,,"""Nodes._10_Terminal._60_Mobility.Ter_Mob"""
General-317-20260718-15:48:02-5193,param,Florasat_Individual_Sats.terminal[1].mob,subjectModule,,,"""^"""
General-317-20260718-15:48:02-5193,param,Florasat_Individual_Sats.terminal[1].mob,coordinateSystemModule,,,""""""
General-317-20260718-15:48:02-5193,param,Florasat_Individual_Sats.terminal[1].mob,displayStringTextFormat,,,"""p: %p\nv: %v"""
General-317-20260718-15:48:02-5193,attr,Florasat_Individual_Sats.terminal[1].mob,displayStringTextFormat,mutable,,
General-317-20260718-15:48:02-5193,param,Florasat_Individual_Sats.terminal[1].mob,updateDisplayString,,,true
General-317-20260718-15:48:02-5193,param,Florasat_Individual_Sats.terminal[1].mob,constraintAreaMinX,,,-inf m
General-317-20260718-15:48:02-5193,attr,Florasat_Individual_Sats.terminal[1].mob,constraintAreaMinX,unit,m,
General-317-20260718-15:48:02-5193,param,Florasat_Individual_Sats.terminal[1].mob,constraintAreaMinY,,,-inf m
General-317-20260718-15:48:02-5193,attr,Florasat_Individual_Sats.terminal[1].mob,constraintAreaMinY,unit,m,
General-317-20260718-15:48:02-5193,param,Florasat_Individual_Sats.terminal[1].mob,constraintAreaMinZ,,,-inf m
General-317-20260718-15:48:02-5193,attr,Florasat_Individual_Sats.terminal[1].mob,constraintAreaMinZ,unit,m,
General-317-20260718-15:48:02-5193,param,Florasat_Individual_Sats.terminal[1].mob,constraintAreaMaxX,,,inf m
General-317-20260718-15:48:02-5193,attr,Florasat_Individual_Sats.terminal[1].mob,constraintAreaMaxX,unit,m,
General-317-20260718-15:48:02-5193,param,Florasat_Individual_Sats.terminal[1].mob,constraintAreaMaxY,,,inf m
General-317-20260718-15:48:02-5193,attr,Florasat_Individual_Sats.terminal[1].mob,constraintAreaMaxY,unit,m,
General-317-20260718-15:48:02-5193,param,Florasat_Individual_Sats.terminal[1].mob,constraintAreaMaxZ,,,inf m
General-317-20260718-15:48:02-5193,attr,Florasat_Individual_Sats.terminal[1].mob,constraintAreaMaxZ,unit,m,
General-317-20260718-15:48:02-5193,param,Florasat_Individual_Sats.terminal[1].mob,initialX,,,nan m
General-317-20260718-15:48:02-5193,attr,Florasat_Individual_Sats.terminal[1].mob,initialX,unit,m,
General-317-20260718-15:48:02-5193,param,Florasat_Individual_Sats.terminal[1].mob,initialY,,,nan m
General-317-20260718-15:48:02-5193,attr,Florasat_Individual_Sats.terminal[1].mob,initialY,unit,m,
General-317-20260718-15:48:02-5193,param,Florasat_Individual_Sats.terminal[1].mob,initialZ,,,0m
General-317-20260718-15:48:02-5193,attr,Florasat_Individual_Sats.terminal[1].mob,initialZ,unit,m,
General-317-20260718-15:48:02-5193,param,Florasat_Individual_Sats.terminal[1].mob,initialLatitude,,,nan deg
General-317-20260718-15:48:02-5193,attr,Florasat_Individual_Sats.terminal[1].mob,initialLatitude,unit,deg,
General-317-20260718-15:48:02-5193,param,Florasat_Individual_Sats.terminal[1].mob,initialLongitude,,,nan deg
General-317-20260718-15:48:02-5193,attr,Florasat_Individual_Sats.terminal[1].mob,initialLongitude,unit,deg,
General-317-20260718-15:48:02-5193,param,Florasat_Individual_Sats.terminal[1].mob,initialAltitude,,,0m
General-317-20260718-15:48:02-5193,attr,Florasat_Individual_Sats.terminal[1].mob,initialAltitude,unit,m,
General-317-20260718-15:48:02-5193,param,Florasat_Individual_Sats.terminal[1].mob,initialHeading,,,0deg
General-317-20260718-15:48:02-5193,attr,Florasat_Individual_Sats.terminal[1].mob,initialHeading,unit,deg,
General-317-20260718-15:48:02-5193,param,Florasat_Individual_Sats.terminal[1].mob,initialElevation,,,0deg
General-317-20260718-15:48:02-5193,attr,Florasat_Individual_Sats.terminal[1].mob,initialElevation,unit,deg,
General-317-20260718-15:48:02-5193,param,Florasat_Individual_Sats.terminal[1].mob,initialBank,,,0deg
General-317-20260718-15:48:02-5193,attr,Florasat_Individual_Sats.terminal[1].mob,initialBank,unit,deg,
General-317-20260718-15:48:02-5193,param,Florasat_Individual_Sats.terminal[1].mob,initFromDisplayString,,,false
General-317-20260718-15:48:02-5193,param,Florasat_Individual_Sats.terminal[1].mob,updateFromDisplayString,,,false
General-317-20260718-15:48:02-5193,param,Florasat_Individual_Sats.terminal[1].mob,centerLatitude,,,52.63
General-317-20260718-15:48:02-5193,param,Florasat_Individual_Sats.terminal[1].mob,centerLongitude,,,-1.139
General-317-20260718-15:48:02-5193,param,Florasat_Individual_Sats.terminal[1].mob,deploymentRadius,,,200
General-317-20260718-15:48:02-5193,param,Florasat_Individual_Sats.terminal[1],typename,,,"""Nodes._10_Terminal.Terminal"""
General-317-20260718-15:48:02-5193,param,Florasat_Individual_Sats.terminal[1],layerName,,,"""Terminal"""
General-317-20260718-15:48:02-5193,attr,Florasat_Individual_Sats.terminal[1],layerName,optional,,
General-317-20260718-15:48:02-5193,param,Florasat_Individual_Sats.terminal[1],sendData,,,true
General-317-20260718-15:48:02-5193,attr,Florasat_Individual_Sats.terminal[1],sendData,mutable,,
General-317-20260718-15:48:02-5193,param,Florasat_Individual_Sats.terminal[1],dstGsOrDev,,,0
General-317-20260718-15:48:02-5193,param,Florasat_Individual_Sats.terminal[2].phy.radio.antenna,typename,,,"""inet.physicallayer.wireless.common.antenna.IsotropicAntenna"""
General-317-20260718-15:48:02-5193,param,Florasat_Individual_Sats.terminal[2].phy.radio.antenna,mobilityModule,,,"""^.^.^.mob"""
General-317-20260718-15:48:02-5193,param,Florasat_Individual_Sats.terminal[2].phy.radio.antenna,numAntennas,,,1
General-317-20260718-15:48:02-5193,param,Florasat_Individual_Sats.terminal[2].phy.radio.transmitter,typename,,,"""Global.Transceiver.LoRaTransmitter"""
General-317-20260718-15:48:02-5193,param,Florasat_Individual_Sats.terminal[2].phy.radio.transmitter,preambleDuration,,,0.001s
General-317-20260718-15:48:02-5193,attr,Florasat_Individual_Sats.terminal[2].phy.radio.transmitter,preambleDuration,unit,s,
General-317-20260718-15:48:02-5193,param,Florasat_Individual_Sats.terminal[2].phy.radio.transmitter,headerLength,,,40b
General-317-20260718-15:48:02-5193,attr,Florasat_Individual_Sats.terminal[2].phy.radio.transmitter,headerLength,unit,b,
General-317-20260718-15:48:02-5193,param,Florasat_Individual_Sats.terminal[2].phy.radio.transmitter,bitrate,,,250000bps
General-317-20260718-15:48:02-5193,attr,Florasat_Individual_Sats.terminal[2].phy.radio.transmitter,bitrate,unit,bps,
General-317-20260718-15:48:02-5193,param,Florasat_Individual_Sats.terminal[2].phy.radio.transmitter,power,,,0.025118W
General-317-20260718-15:48:02-5193,attr,Florasat_Individual_Sats.terminal[2].phy.radio.transmitter,power,unit,W,
General-317-20260718-15:48:02-5193,param,Florasat_Individual_Sats.terminal[2].phy.radio.transmitter,centerFrequency,,,8.68e+08Hz
General-317-20260718-15:48:02-5193,attr,Florasat_Individual_Sats.terminal[2].phy.radio.transmitter,centerFrequency,unit,Hz,
General-317-20260718-15:48:02-5193,param,Florasat_Individual_Sats.terminal[2].phy.radio.transmitter,bandwidth,,,250000Hz
General-317-20260718-15:48:02-5193,attr,Florasat_Individual_Sats.terminal[2].phy.radio.transmitter,bandwidth,unit,Hz,
General-317-20260718-15:48:02-5193,param,Florasat_Individual_Sats.terminal[2].phy.radio.transmitter,codeRate,,,1
General-317-20260718-15:48:02-5193,param,Florasat_Individual_Sats.terminal[2].phy.radio.transmitter,modulation,,,"""LoRaModulation"""
General-317-20260718-15:48:02-5193,param,Florasat_Individual_Sats.terminal[2].phy.radio.receiver,typename,,,"""Global.Transceiver.LoRaReceiver"""
General-317-20260718-15:48:02-5193,param,Florasat_Individual_Sats.terminal[2].phy.radio.receiver,energyDetection,,,-90dBm
General-317-20260718-15:48:02-5193,attr,Florasat_Individual_Sats.terminal[2].phy.radio.receiver,energyDetection,unit,dBm,
General-317-20260718-15:48:02-5193,param,Florasat_Individual_Sats.terminal[2].phy.radio.receiver,sensitivity,,,-137dBm
General-317-20260718-15:48:02-5193,attr,Florasat_Individual_Sats.terminal[2].phy.radio.receiver,sensitivity,unit,dBm,
General-317-20260718-15:48:02-5193,param,Florasat_Individual_Sats.terminal[2].phy.radio.receiver,snirThreshold,,,-8dB
General-317-20260718-15:48:02-5193,attr,Florasat_Individual_Sats.terminal[2].phy.radio.receiver,snirThreshold,unit,dB,
General-317-20260718-15:48:02-5193,param,Florasat_Individual_Sats.terminal[2].phy.radio.receiver,centerFrequency,,,8.68e+08Hz
General-317-20260718-15:48:02-5193,attr,Florasat_Individual_Sats.terminal[2].phy.radio.receiver,centerFrequency,unit,Hz,
General-317-20260718-15:48:02-5193,param,Florasat_Individual_Sats.terminal[2].phy.radio.receiver,bandwidth,,,250000Hz
General-317-20260718-15:48:02-5193,attr,Florasat_Individual_Sats.terminal[2].phy.radio.receiver,bandwidth,unit,Hz,
General-317-20260718-15:48:02-5193,param,Florasat_Individual_Sats.terminal[2].phy.radio.receiver,alohaChannelModel,,,false
General-317-20260718-15:48:02-5193,param,Florasat_Individual_Sats.terminal[2].phy.radio.receiver,errorModelType,,,""""""
General-317-20260718-15:48:02-5193,param,Florasat_Individual_Sats.terminal[2].phy.radio.receiver,ignoreInterference,,,false
General-317-20260718-15:48:02-5193,param,Florasat_Individual_Sats.terminal[2].phy.radio.receiver,enableCollisionOverlap,,,false
General-317-20260718-15:48:02-5193,param,Florasat_Individual_Sats.terminal[2].phy.radio.receiver,minCollisionOverlap,,,0s
General-317-20260718-15:48:02-5193,attr,Florasat_Individual_Sats.terminal[2].phy.radio.receiver,minCollisionOverlap,unit,s,
General-317-20260718-15:48:02-5193,param,Florasat_Individual_Sats.terminal[2].phy.radio.IdealEpEnergyStorage,typename,,,"""inet.power.storage.IdealEpEnergyStorage"""
General-317-20260718-15:48:02-5193,param,Florasat_Individual_Sats.terminal[2].phy.radio,typename,,,"""Nodes._10_Terminal._10_Physical.Ter_Phy_LoRaRadio"""
General-317-20260718-15:48:02-5193,param,Florasat_Individual_Sats.terminal[2].phy.radio,radioMediumModule,,,"""radioMedium"""
General-317-20260718-15:48:02-5193,param,Florasat_Individual_Sats.terminal[2].phy.radio,energySourceModule,,,""""""
General-317-20260718-15:48:02-5193,param,Florasat_Individual_Sats.terminal[2].phy.radio,initialRadioMode,,,"""off"""
General-317-20260718-15:48:02-5193,attr,Florasat_Individual_Sats.terminal[2].phy.radio,initialRadioMode,enum,"off,sleep,receiver,transmitter,transceiver",
General-317-20260718-15:48:02-5193,param,Florasat_Individual_Sats.terminal[2].phy.radio,switchingTimes,,,"""ms 0 0 0 0 0 0 0 0 0 0 0 0 0 0 0 0 0 0 0 0 0 0 0 0 0"""
General-317-20260718-15:48:02-5193,param,Florasat_Individual_Sats.terminal[2].phy.radio,sendRawBytes,,,false
General-317-20260718-15:48:02-5193,param,Florasat_Individual_Sats.terminal[2].phy.radio,separateTransmissionParts,,,false
General-317-20260718-15:48:02-5193,param,Florasat_Individual_Sats.terminal[2].phy.radio,separateReceptionParts,,,false
General-317-20260718-15:48:02-5193,param,Florasat_Individual_Sats.terminal[2].phy.radio,displayCommunicationRange,,,false
General-317-20260718-15:48:02-5193,param,Florasat_Individual_Sats.terminal[2].phy.radio,displayInterferenceRange,,,false
General-317-20260718-15:48:02-5193,param,Florasat_Individual_Sats.terminal[2].phy.radio,centerFrequency,,,8.68e+08Hz
General-317-20260718-15:48:02-5193,attr,Florasat_Individual_Sats.terminal[2].phy.radio,centerFrequency,unit,Hz,
General-317-20260718-15:48:02-5193,param,Florasat_Individual_Sats.terminal[2].phy.radio,bandwidth,,,250000Hz
General-317-20260718-15:48:02-5193,attr,Florasat_Individual_Sats.terminal[2].phy.radio,bandwidth,unit,Hz,
General-317-20260718-15:48:02-5193,param,Florasat_Individual_Sats.terminal[2].phy.radio,iAmGateway,,,false
General-317-20260718-15:48:02-5193,param,Florasat_Individual_Sats.terminal[2].phy,typename,,,"""Nodes._10_Terminal._10_Physical.Ter_Phy"""
General-317-20260718-15:48:02-5193,param,Florasat_Individual_Sats.terminal[2].phy,layerName,,,"""Ter_Phy"""
General-317-20260718-15:48:02-5193,attr,Florasat_Individual_Sats.terminal[2].phy,layerName,optional,,
General-317-20260718-15:48:02-5193,param,Florasat_Individual_Sats.terminal[2].dlk.mac.queue,typename,,,"""inet.queueing.queue.DropTailQueue"""
General-317-20260718-15:48:02-5193,param,Florasat_Individual_Sats.terminal[2].dlk.mac.queue,displayStringTextFormat,,,"""contains %p pk (%l) pushed %u\npulled %o removed %r dropped %d"""
General-317-20260718-15:48:02-5193,param,Florasat_Individual_Sats.terminal[2].dlk.mac.queue,packetCapacity,,,-1
General-317-20260718-15:48:02-5193,param,Florasat_Individual_Sats.terminal[2].dlk.mac.queue,dataCapacity,,,-1b
General-317-20260718-15:48:02-5193,attr,Florasat_Individual_Sats.terminal[2].dlk.mac.queue,dataCapacity,unit,b,
General-317-20260718-15:48:02-5193,param,Florasat_Individual_Sats.terminal[2].dlk.mac.queue,dropperClass,,,"""inet::queueing::PacketAtCollectionEndDropper"""
General-317-20260718-15:48:02-5193,param,Florasat_Individual_Sats.terminal[2].dlk.mac.queue,comparatorClass,,,""""""
General-317-20260718-15:48:02-5193,param,Florasat_Individual_Sats.terminal[2].dlk.mac.queue,bufferModule,,,""""""
General-317-20260718-15:48:02-5193,param,Florasat_Individual_Sats.terminal[2].dlk.mac.mlBox,typename,,,"""Nodes._10_Terminal._20_Data_Link.Transmission_Predictor.Transmission_Predictor"""
General-317-20260718-15:48:02-5193,param,Florasat_Individual_Sats.terminal[2].dlk.mac.mlBox,modelPath,,,"""/home/ylnner/Documents/omnet++/omnetpp-6.3.0/projects/florasat_v4_ult_routing/simulations/Test_Individual/mlmodels/transformer_scripted.pt"""
General-317-20260718-15:48:02-5193,param,Florasat_Individual_Sats.terminal[2].dlk.mac.mlBox,threshold,,,0.2
General-317-20260718-15:48:02-5193,param,Florasat_Individual_Sats.terminal[2].dlk.mac.mlBox,scalerPath,,,""""""
General-317-20260718-15:48:02-5193,param,Florasat_Individual_Sats.terminal[2].dlk.mac,typename,,,"""Nodes._10_Terminal._20_Data_Link.Ter_Dlk_KiWan"""
General-317-20260718-15:48:02-5193,param,Florasat_Individual_Sats.terminal[2].dlk.mac,interfaceTableModule,,,""""""
General-317-20260718-15:48:02-5193,param,Florasat_Individual_Sats.terminal[2].dlk.mac,radioModule,,,"""^.^.phy.radio"""
General-317-20260718-15:48:02-5193,param,Florasat_Individual_Sats.terminal[2].dlk.mac,address,,,"""0A-AA-00-00-00-03"""
General-317-20260718-15:48:02-5193,attr,Florasat_Individual_Sats.terminal[2].dlk.mac,address,mutable,,
General-317-20260718-15:48:02-5193,param,Florasat_Individual_Sats.terminal[2].dlk.mac,mtu,,,1500
General-317-20260718-15:48:02-5193,param,Florasat_Individual_Sats.terminal[2].dlk.mac,ttwDuration,,,100s
General-317-20260718-15:48:02-5193,attr,Florasat_Individual_Sats.terminal[2].dlk.mac,ttwDuration,unit,s,
General-317-20260718-15:48:02-5193,param,Florasat_Individual_Sats.terminal[2].dlk.mac,ttwIdle,,,0s
General-317-20260718-15:48:02-5193,attr,Florasat_Individual_Sats.terminal[2].dlk.mac,ttwIdle,unit,s,
General-317-20260718-15:48:02-5193,param,Florasat_Individual_Sats.terminal[2].dlk.mac,ttxStart_min,,,0s
General-317-20260718-15:48:02-5193,attr,Florasat_Individual_Sats.terminal[2].dlk.mac,ttxStart_min,unit,s,
General-317-20260718-15:48:02-5193,param,Florasat_Individual_Sats.terminal[2].dlk.mac,ttxStart_max,,,1s
General-317-20260718-15:48:02-5193,attr,Florasat_Individual_Sats.terminal[2].dlk.mac,ttxStart_max,unit,s,
General-317-20260718-15:48:02-5193,param,Florasat_Individual_Sats.terminal[2].dlk.mac,ttxIdle_min,,,10s
General-317-20260718-15:48:02-5193,attr,Florasat_Individual_Sats.terminal[2].dlk.mac,ttxIdle_min,unit,s,
General-317-20260718-15:48:02-5193,param,Florasat_Individual_Sats.terminal[2].dlk.mac,ttxIdle_max,,,15s
General-317-20260718-15:48:02-5193,attr,Florasat_Individual_Sats.terminal[2].dlk.mac,ttxIdle_max,unit,s,
General-317-20260718-15:48:02-5193,param,Florasat_Individual_Sats.terminal[2].dlk.mac,Ntw,,,1
General-317-20260718-15:48:02-5193,param,Florasat_Individual_Sats.terminal[2].dlk.mac,Ntx,,,5
General-317-20260718-15:48:02-5193,param,Florasat_Individual_Sats.terminal[2].dlk.mac,enableSatDetect,,,false
General-317-20260718-15:48:02-5193,param,Florasat_Individual_Sats.terminal[2].dlk.mac,tsdStart_min,,,0s
General-317-20260718-15:48:02-5193,attr,Florasat_Individual_Sats.terminal[2].dlk.mac,tsdStart_min,unit,s,
General-317-20260718-15:48:02-5193,param,Florasat_Individual_Sats.terminal[2].dlk.mac,tsdStart_max,,,60s
General-317-20260718-15:48:02-5193,attr,Florasat_Individual_Sats.terminal[2].dlk.mac,tsdStart_max,unit,s,
General-317-20260718-15:48:02-5193,param,Florasat_Individual_Sats.terminal[2].dlk.mac,Ndetect,,,4
General-317-20260718-15:48:02-5193,param,Florasat_Individual_Sats.terminal[2].dlk.mac,NsdSync,,,2
General-317-20260718-15:48:02-5193,param,Florasat_Individual_Sats.terminal[2].dlk.mac,tsyncIdle,,,60s
General-317-20260718-15:48:02-5193,attr,Florasat_Individual_Sats.terminal[2].dlk.mac,tsyncIdle,unit,s,
General-317-20260718-15:48:02-5193,param,Florasat_Individual_Sats.terminal[2].dlk.mac,tsdIdle,,,240s
General-317-20260718-15:48:02-5193,attr,Florasat_Individual_Sats.terminal[2].dlk.mac,tsdIdle,unit,s,
General-317-20260718-15:48:02-5193,param,Florasat_Individual_Sats.terminal[2].dlk.mac,satelliteDetectionProbability,,,0.9
General-317-20260718-15:48:02-5193,param,Florasat_Individual_Sats.terminal[2].dlk.mac,minimumElevation,,,5
General-317-20260718-15:48:02-5193,param,Florasat_Individual_Sats.terminal[2].dlk.mac,detectInitialListen,,,0.33s
General-317-20260718-15:48:02-5193,attr,Florasat_Individual_Sats.terminal[2].dlk.mac,detectInitialListen,unit,s,
General-317-20260718-15:48:02-5193,param,Florasat_Individual_Sats.terminal[2].dlk.mac,detectSuccessExtraMin,,,0.075s
General-317-20260718-15:48:02-5193,attr,Florasat_Individual_Sats.terminal[2].dlk.mac,detectSuccessExtraMin,unit,s,
General-317-20260718-15:48:02-5193,param,Florasat_Individual_Sats.terminal[2].dlk.mac,detectSuccessExtraMax,,,1.67s
General-317-20260718-15:48:02-5193,attr,Florasat_Individual_Sats.terminal[2].dlk.mac,detectSuccessExtraMax,unit,s,
General-317-20260718-15:48:02-5193,param,Florasat_Individual_Sats.terminal[2].dlk.mac,detectMissExtra,,,1.67s
General-317-20260718-15:48:02-5193,attr,Florasat_Individual_Sats.terminal[2].dlk.mac,detectMissExtra,unit,s,
General-317-20260718-15:48:02-5193,param,Florasat_Individual_Sats.terminal[2].dlk.mac,LoRaSF,,,11
General-317-20260718-15:48:02-5193,param,Florasat_Individual_Sats.terminal[2].dlk.mac,LoRaTP,,,14
General-317-20260718-15:48:02-5193,param,Florasat_Individual_Sats.terminal[2].dlk.mac,LoRaCF,,,8.68e+08
General-317-20260718-15:48:02-5193,param,Florasat_Individual_Sats.terminal[2].dlk.mac,LoRaBW,,,125000
General-317-20260718-15:48:02-5193,param,Florasat_Individual_Sats.terminal[2].dlk.mac,LoRaCR,,,1
General-317-20260718-15:48:02-5193,param,Florasat_Individual_Sats.terminal[2].dlk.mac,useMLBox,,,true
General-317-20260718-15:48:02-5193,param,Florasat_Individual_Sats.terminal[2].dlk.mac,useMLBoxBiLSTM,,,false
General-317-20260718-15:48:02-5193,param,Florasat_Individual_Sats.terminal[2].dlk.mac,useAnalytical,,,false
General-317-20260718-15:48:02-5193,param,Florasat_Individual_Sats.terminal[2].dlk,typename,,,"""Nodes._10_Terminal._20_Data_Link.Ter_Dlk"""
General-317-20260718-15:48:02-5193,param,Florasat_Individual_Sats.terminal[2].net.routing,typename,,,"""Global.Base._30_Network.Ter_Null_Routing"""
General-317-20260718-15:48:02-5193,param,Florasat_Individual_Sats.terminal[2].net,typename,,,"""Nodes._10_Terminal._30_Network.Ter_Net"""
General-317-20260718-15:48:02-5193,param,Florasat_Individual_Sats.terminal[2].net,layerName,,,"""Ter_Net"""
General-317-20260718-15:48:02-5193,attr,Florasat_Individual_Sats.terminal[2].net,layerName,optional,,
General-317-20260718-15:48:02-5193,param,Florasat_Individual_Sats.terminal[2].net,routingType,,,"""Ter_Null_Routing"""
General-317-20260718-15:48:02-5193,param,Florasat_Individual_Sats.terminal[2].app,typename,,,"""Nodes._10_Terminal._40_Application.Ter_App"""
General-317-20260718-15:48:02-5193,param,Florasat_Individual_Sats.terminal[2].app,layerName,,,"""TerminalApplicationLayer"""
General-317-20260718-15:48:02-5193,attr,Florasat_Individual_Sats.terminal[2].app,layerName,optional,,
General-317-20260718-15:48:02-5193,param,Florasat_Individual_Sats.terminal[2].app,numberOfPacketsToSend,,,0
General-317-20260718-15:48:02-5193,param,Florasat_Individual_Sats.terminal[2].app,timeToFirstPacket,,,1s
General-317-20260718-15:48:02-5193,attr,Florasat_Individual_Sats.terminal[2].app,timeToFirstPacket,unit,s,
General-317-20260718-15:48:02-5193,param,Florasat_Individual_Sats.terminal[2].app,timeToNextPacket,,,115s
General-317-20260718-15:48:02-5193,attr,Florasat_Individual_Sats.terminal[2].app,timeToNextPacket,unit,s,
General-317-20260718-15:48:02-5193,param,Florasat_Individual_Sats.terminal[2].app,timeToResponse,,,30s
General-317-20260718-15:48:02-5193,attr,Florasat_Individual_Sats.terminal[2].app,timeToResponse,unit,s,
General-317-20260718-15:48:02-5193,param,Florasat_Individual_Sats.terminal[2].app,timeToRetry,,,10s
General-317-20260718-15:48:02-5193,attr,Florasat_Individual_Sats.terminal[2].app,timeToRetry,unit,s,
General-317-20260718-15:48:02-5193,param,Florasat_Individual_Sats.terminal[2].app,ackTimeout,,,7s
General-317-20260718-15:48:02-5193,attr,Florasat_Individual_Sats.terminal[2].app,ackTimeout,unit,s,
General-317-20260718-15:48:02-5193,param,Florasat_Individual_Sats.terminal[2].app,timer,,,1s
General-317-20260718-15:48:02-5193,attr,Florasat_Individual_Sats.terminal[2].app,timer,unit,s,
General-317-20260718-15:48:02-5193,param,Florasat_Individual_Sats.terminal[2].app,initialLoRaTP,,,14dBm
General-317-20260718-15:48:02-5193,attr,Florasat_Individual_Sats.terminal[2].app,initialLoRaTP,unit,dBm,
General-317-20260718-15:48:02-5193,param,Florasat_Individual_Sats.terminal[2].app,initialLoRaCF,,,8.68e+08Hz
General-317-20260718-15:48:02-5193,attr,Florasat_Individual_Sats.terminal[2].app,initialLoRaCF,unit,Hz,
General-317-20260718-15:48:02-5193,param,Florasat_Individual_Sats.terminal[2].app,initialLoRaSF,,,12
General-317-20260718-15:48:02-5193,param,Florasat_Individual_Sats.terminal[2].app,initialLoRaBW,,,125000Hz
General-317-20260718-15:48:02-5193,attr,Florasat_Individual_Sats.terminal[2].app,initialLoRaBW,unit,Hz,
General-317-20260718-15:48:02-5193,param,Florasat_Individual_Sats.terminal[2].app,initialLoRaCR,,,4
General-317-20260718-15:48:02-5193,param,Florasat_Individual_Sats.terminal[2].app,initialUseHeader,,,true
General-317-20260718-15:48:02-5193,param,Florasat_Individual_Sats.terminal[2].app,initialPingSlot,,,1
General-317-20260718-15:48:02-5193,param,Florasat_Individual_Sats.terminal[2].app,InitClassA,,,true
General-317-20260718-15:48:02-5193,param,Florasat_Individual_Sats.terminal[2].app,InitClassB,,,false
General-317-20260718-15:48:02-5193,param,Florasat_Individual_Sats.terminal[2].app,evaluateADRinNode,,,false
General-317-20260718-15:48:02-5193,param,Florasat_Individual_Sats.terminal[2].app,payloadSize,,,10B
General-317-20260718-15:48:02-5193,attr,Florasat_Individual_Sats.terminal[2].app,payloadSize,unit,B,
General-317-20260718-15:48:02-5193,param,Florasat_Individual_Sats.terminal[2].app,usingAck,,,true
General-317-20260718-15:48:02-5193,param,Florasat_Individual_Sats.terminal[2].app,numGroundLinks,,,40
General-317-20260718-15:48:02-5193,param,Florasat_Individual_Sats.terminal[2].app,maxHops,,,50
General-317-20260718-15:48:02-5193,param,Florasat_Individual_Sats.terminal[2].app,nroMaxAttempts,,,0
General-317-20260718-15:48:02-5193,param,Florasat_Individual_Sats.terminal[2].eng,typename,,,"""Nodes._10_Terminal._50_Energy.Ter_Ene"""
General-317-20260718-15:48:02-5193,param,Florasat_Individual_Sats.terminal[2].mob,typename,,,"""Nodes._10_Terminal._60_Mobility.Ter_Mob"""
General-317-20260718-15:48:02-5193,param,Florasat_Individual_Sats.terminal[2].mob,subjectModule,,,"""^"""
General-317-20260718-15:48:02-5193,param,Florasat_Individual_Sats.terminal[2].mob,coordinateSystemModule,,,""""""
General-317-20260718-15:48:02-5193,param,Florasat_Individual_Sats.terminal[2].mob,displayStringTextFormat,,,"""p: %p\nv: %v"""
General-317-20260718-15:48:02-5193,attr,Florasat_Individual_Sats.terminal[2].mob,displayStringTextFormat,mutable,,
General-317-20260718-15:48:02-5193,param,Florasat_Individual_Sats.terminal[2].mob,updateDisplayString,,,true
General-317-20260718-15:48:02-5193,param,Florasat_Individual_Sats.terminal[2].mob,constraintAreaMinX,,,-inf m
General-317-20260718-15:48:02-5193,attr,Florasat_Individual_Sats.terminal[2].mob,constraintAreaMinX,unit,m,
General-317-20260718-15:48:02-5193,param,Florasat_Individual_Sats.terminal[2].mob,constraintAreaMinY,,,-inf m
General-317-20260718-15:48:02-5193,attr,Florasat_Individual_Sats.terminal[2].mob,constraintAreaMinY,unit,m,
General-317-20260718-15:48:02-5193,param,Florasat_Individual_Sats.terminal[2].mob,constraintAreaMinZ,,,-inf m
General-317-20260718-15:48:02-5193,attr,Florasat_Individual_Sats.terminal[2].mob,constraintAreaMinZ,unit,m,
General-317-20260718-15:48:02-5193,param,Florasat_Individual_Sats.terminal[2].mob,constraintAreaMaxX,,,inf m
General-317-20260718-15:48:02-5193,attr,Florasat_Individual_Sats.terminal[2].mob,constraintAreaMaxX,unit,m,
General-317-20260718-15:48:02-5193,param,Florasat_Individual_Sats.terminal[2].mob,constraintAreaMaxY,,,inf m
General-317-20260718-15:48:02-5193,attr,Florasat_Individual_Sats.terminal[2].mob,constraintAreaMaxY,unit,m,
General-317-20260718-15:48:02-5193,param,Florasat_Individual_Sats.terminal[2].mob,constraintAreaMaxZ,,,inf m
General-317-20260718-15:48:02-5193,attr,Florasat_Individual_Sats.terminal[2].mob,constraintAreaMaxZ,unit,m,
General-317-20260718-15:48:02-5193,param,Florasat_Individual_Sats.terminal[2].mob,initialX,,,nan m
General-317-20260718-15:48:02-5193,attr,Florasat_Individual_Sats.terminal[2].mob,initialX,unit,m,
General-317-20260718-15:48:02-5193,param,Florasat_Individual_Sats.terminal[2].mob,initialY,,,nan m
General-317-20260718-15:48:02-5193,attr,Florasat_Individual_Sats.terminal[2].mob,initialY,unit,m,
General-317-20260718-15:48:02-5193,param,Florasat_Individual_Sats.terminal[2].mob,initialZ,,,0m
General-317-20260718-15:48:02-5193,attr,Florasat_Individual_Sats.terminal[2].mob,initialZ,unit,m,
General-317-20260718-15:48:02-5193,param,Florasat_Individual_Sats.terminal[2].mob,initialLatitude,,,nan deg
General-317-20260718-15:48:02-5193,attr,Florasat_Individual_Sats.terminal[2].mob,initialLatitude,unit,deg,
General-317-20260718-15:48:02-5193,param,Florasat_Individual_Sats.terminal[2].mob,initialLongitude,,,nan deg
General-317-20260718-15:48:02-5193,attr,Florasat_Individual_Sats.terminal[2].mob,initialLongitude,unit,deg,
General-317-20260718-15:48:02-5193,param,Florasat_Individual_Sats.terminal[2].mob,initialAltitude,,,0m
General-317-20260718-15:48:02-5193,attr,Florasat_Individual_Sats.terminal[2].mob,initialAltitude,unit,m,
General-317-20260718-15:48:02-5193,param,Florasat_Individual_Sats.terminal[2].mob,initialHeading,,,0deg
General-317-20260718-15:48:02-5193,attr,Florasat_Individual_Sats.terminal[2].mob,initialHeading,unit,deg,
General-317-20260718-15:48:02-5193,param,Florasat_Individual_Sats.terminal[2].mob,initialElevation,,,0deg
General-317-20260718-15:48:02-5193,attr,Florasat_Individual_Sats.terminal[2].mob,initialElevation,unit,deg,
General-317-20260718-15:48:02-5193,param,Florasat_Individual_Sats.terminal[2].mob,initialBank,,,0deg
General-317-20260718-15:48:02-5193,attr,Florasat_Individual_Sats.terminal[2].mob,initialBank,unit,deg,
General-317-20260718-15:48:02-5193,param,Florasat_Individual_Sats.terminal[2].mob,initFromDisplayString,,,false
General-317-20260718-15:48:02-5193,param,Florasat_Individual_Sats.terminal[2].mob,updateFromDisplayString,,,false
General-317-20260718-15:48:02-5193,param,Florasat_Individual_Sats.terminal[2].mob,centerLatitude,,,52.612
General-317-20260718-15:48:02-5193,param,Florasat_Individual_Sats.terminal[2].mob,centerLongitude,,,-6.295
General-317-20260718-15:48:02-5193,param,Florasat_Individual_Sats.terminal[2].mob,deploymentRadius,,,200
General-317-20260718-15:48:02-5193,param,Florasat_Individual_Sats.terminal[2],typename,,,"""Nodes._10_Terminal.Terminal"""
General-317-20260718-15:48:02-5193,param,Florasat_Individual_Sats.terminal[2],layerName,,,"""Terminal"""
General-317-20260718-15:48:02-5193,attr,Florasat_Individual_Sats.terminal[2],layerName,optional,,
General-317-20260718-15:48:02-5193,param,Florasat_Individual_Sats.terminal[2],sendData,,,true
General-317-20260718-15:48:02-5193,attr,Florasat_Individual_Sats.terminal[2],sendData,mutable,,
General-317-20260718-15:48:02-5193,param,Florasat_Individual_Sats.terminal[2],dstGsOrDev,,,0
General-317-20260718-15:48:02-5193,param,Florasat_Individual_Sats.terminal[3].phy.radio.antenna,typename,,,"""inet.physicallayer.wireless.common.antenna.IsotropicAntenna"""
General-317-20260718-15:48:02-5193,param,Florasat_Individual_Sats.terminal[3].phy.radio.antenna,mobilityModule,,,"""^.^.^.mob"""
General-317-20260718-15:48:02-5193,param,Florasat_Individual_Sats.terminal[3].phy.radio.antenna,numAntennas,,,1
General-317-20260718-15:48:02-5193,param,Florasat_Individual_Sats.terminal[3].phy.radio.transmitter,typename,,,"""Global.Transceiver.LoRaTransmitter"""
General-317-20260718-15:48:02-5193,param,Florasat_Individual_Sats.terminal[3].phy.radio.transmitter,preambleDuration,,,0.001s
General-317-20260718-15:48:02-5193,attr,Florasat_Individual_Sats.terminal[3].phy.radio.transmitter,preambleDuration,unit,s,
General-317-20260718-15:48:02-5193,param,Florasat_Individual_Sats.terminal[3].phy.radio.transmitter,headerLength,,,40b
General-317-20260718-15:48:02-5193,attr,Florasat_Individual_Sats.terminal[3].phy.radio.transmitter,headerLength,unit,b,
General-317-20260718-15:48:02-5193,param,Florasat_Individual_Sats.terminal[3].phy.radio.transmitter,bitrate,,,250000bps
General-317-20260718-15:48:02-5193,attr,Florasat_Individual_Sats.terminal[3].phy.radio.transmitter,bitrate,unit,bps,
General-317-20260718-15:48:02-5193,param,Florasat_Individual_Sats.terminal[3].phy.radio.transmitter,power,,,0.025118W
General-317-20260718-15:48:02-5193,attr,Florasat_Individual_Sats.terminal[3].phy.radio.transmitter,power,unit,W,
General-317-20260718-15:48:02-5193,param,Florasat_Individual_Sats.terminal[3].phy.radio.transmitter,centerFrequency,,,8.68e+08Hz
General-317-20260718-15:48:02-5193,attr,Florasat_Individual_Sats.terminal[3].phy.radio.transmitter,centerFrequency,unit,Hz,
General-317-20260718-15:48:02-5193,param,Florasat_Individual_Sats.terminal[3].phy.radio.transmitter,bandwidth,,,250000Hz
General-317-20260718-15:48:02-5193,attr,Florasat_Individual_Sats.terminal[3].phy.radio.transmitter,bandwidth,unit,Hz,
General-317-20260718-15:48:02-5193,param,Florasat_Individual_Sats.terminal[3].phy.radio.transmitter,codeRate,,,1
General-317-20260718-15:48:02-5193,param,Florasat_Individual_Sats.terminal[3].phy.radio.transmitter,modulation,,,"""LoRaModulation"""
General-317-20260718-15:48:02-5193,param,Florasat_Individual_Sats.terminal[3].phy.radio.receiver,typename,,,"""Global.Transceiver.LoRaReceiver"""
General-317-20260718-15:48:02-5193,param,Florasat_Individual_Sats.terminal[3].phy.radio.receiver,energyDetection,,,-90dBm
General-317-20260718-15:48:02-5193,attr,Florasat_Individual_Sats.terminal[3].phy.radio.receiver,energyDetection,unit,dBm,
General-317-20260718-15:48:02-5193,param,Florasat_Individual_Sats.terminal[3].phy.radio.receiver,sensitivity,,,-137dBm
General-317-20260718-15:48:02-5193,attr,Florasat_Individual_Sats.terminal[3].phy.radio.receiver,sensitivity,unit,dBm,
General-317-20260718-15:48:02-5193,param,Florasat_Individual_Sats.terminal[3].phy.radio.receiver,snirThreshold,,,-8dB
General-317-20260718-15:48:02-5193,attr,Florasat_Individual_Sats.terminal[3].phy.radio.receiver,snirThreshold,unit,dB,
General-317-20260718-15:48:02-5193,param,Florasat_Individual_Sats.terminal[3].phy.radio.receiver,centerFrequency,,,8.68e+08Hz
General-317-20260718-15:48:02-5193,attr,Florasat_Individual_Sats.terminal[3].phy.radio.receiver,centerFrequency,unit,Hz,
General-317-20260718-15:48:02-5193,param,Florasat_Individual_Sats.terminal[3].phy.radio.receiver,bandwidth,,,250000Hz
General-317-20260718-15:48:02-5193,attr,Florasat_Individual_Sats.terminal[3].phy.radio.receiver,bandwidth,unit,Hz,
General-317-20260718-15:48:02-5193,param,Florasat_Individual_Sats.terminal[3].phy.radio.receiver,alohaChannelModel,,,false
General-317-20260718-15:48:02-5193,param,Florasat_Individual_Sats.terminal[3].phy.radio.receiver,errorModelType,,,""""""
General-317-20260718-15:48:02-5193,param,Florasat_Individual_Sats.terminal[3].phy.radio.receiver,ignoreInterference,,,false
General-317-20260718-15:48:02-5193,param,Florasat_Individual_Sats.terminal[3].phy.radio.receiver,enableCollisionOverlap,,,false
General-317-20260718-15:48:02-5193,param,Florasat_Individual_Sats.terminal[3].phy.radio.receiver,minCollisionOverlap,,,0s
General-317-20260718-15:48:02-5193,attr,Florasat_Individual_Sats.terminal[3].phy.radio.receiver,minCollisionOverlap,unit,s,
General-317-20260718-15:48:02-5193,param,Florasat_Individual_Sats.terminal[3].phy.radio.IdealEpEnergyStorage,typename,,,"""inet.power.storage.IdealEpEnergyStorage"""
General-317-20260718-15:48:02-5193,param,Florasat_Individual_Sats.terminal[3].phy.radio,typename,,,"""Nodes._10_Terminal._10_Physical.Ter_Phy_LoRaRadio"""
General-317-20260718-15:48:02-5193,param,Florasat_Individual_Sats.terminal[3].phy.radio,radioMediumModule,,,"""radioMedium"""
General-317-20260718-15:48:02-5193,param,Florasat_Individual_Sats.terminal[3].phy.radio,energySourceModule,,,""""""
General-317-20260718-15:48:02-5193,param,Florasat_Individual_Sats.terminal[3].phy.radio,initialRadioMode,,,"""off"""
General-317-20260718-15:48:02-5193,attr,Florasat_Individual_Sats.terminal[3].phy.radio,initialRadioMode,enum,"off,sleep,receiver,transmitter,transceiver",
General-317-20260718-15:48:02-5193,param,Florasat_Individual_Sats.terminal[3].phy.radio,switchingTimes,,,"""ms 0 0 0 0 0 0 0 0 0 0 0 0 0 0 0 0 0 0 0 0 0 0 0 0 0"""
General-317-20260718-15:48:02-5193,param,Florasat_Individual_Sats.terminal[3].phy.radio,sendRawBytes,,,false
General-317-20260718-15:48:02-5193,param,Florasat_Individual_Sats.terminal[3].phy.radio,separateTransmissionParts,,,false
General-317-20260718-15:48:02-5193,param,Florasat_Individual_Sats.terminal[3].phy.radio,separateReceptionParts,,,false
General-317-20260718-15:48:02-5193,param,Florasat_Individual_Sats.terminal[3].phy.radio,displayCommunicationRange,,,false
General-317-20260718-15:48:02-5193,param,Florasat_Individual_Sats.terminal[3].phy.radio,displayInterferenceRange,,,false
General-317-20260718-15:48:02-5193,param,Florasat_Individual_Sats.terminal[3].phy.radio,centerFrequency,,,8.68e+08Hz
General-317-20260718-15:48:02-5193,attr,Florasat_Individual_Sats.terminal[3].phy.radio,centerFrequency,unit,Hz,
General-317-20260718-15:48:02-5193,param,Florasat_Individual_Sats.terminal[3].phy.radio,bandwidth,,,250000Hz
General-317-20260718-15:48:02-5193,attr,Florasat_Individual_Sats.terminal[3].phy.radio,bandwidth,unit,Hz,
General-317-20260718-15:48:02-5193,param,Florasat_Individual_Sats.terminal[3].phy.radio,iAmGateway,,,false
General-317-20260718-15:48:02-5193,param,Florasat_Individual_Sats.terminal[3].phy,typename,,,"""Nodes._10_Terminal._10_Physical.Ter_Phy"""
General-317-20260718-15:48:02-5193,param,Florasat_Individual_Sats.terminal[3].phy,layerName,,,"""Ter_Phy"""
General-317-20260718-15:48:02-5193,attr,Florasat_Individual_Sats.terminal[3].phy,layerName,optional,,
General-317-20260718-15:48:02-5193,param,Florasat_Individual_Sats.terminal[3].dlk.mac.queue,typename,,,"""inet.queueing.queue.DropTailQueue"""
General-317-20260718-15:48:02-5193,param,Florasat_Individual_Sats.terminal[3].dlk.mac.queue,displayStringTextFormat,,,"""contains %p pk (%l) pushed %u\npulled %o removed %r dropped %d"""
General-317-20260718-15:48:02-5193,param,Florasat_Individual_Sats.terminal[3].dlk.mac.queue,packetCapacity,,,-1
General-317-20260718-15:48:02-5193,param,Florasat_Individual_Sats.terminal[3].dlk.mac.queue,dataCapacity,,,-1b
General-317-20260718-15:48:02-5193,attr,Florasat_Individual_Sats.terminal[3].dlk.mac.queue,dataCapacity,unit,b,
General-317-20260718-15:48:02-5193,param,Florasat_Individual_Sats.terminal[3].dlk.mac.queue,dropperClass,,,"""inet::queueing::PacketAtCollectionEndDropper"""
General-317-20260718-15:48:02-5193,param,Florasat_Individual_Sats.terminal[3].dlk.mac.queue,comparatorClass,,,""""""
General-317-20260718-15:48:02-5193,param,Florasat_Individual_Sats.terminal[3].dlk.mac.queue,bufferModule,,,""""""
General-317-20260718-15:48:02-5193,param,Florasat_Individual_Sats.terminal[3].dlk.mac.mlBox,typename,,,"""Nodes._10_Terminal._20_Data_Link.Transmission_Predictor.Transmission_Predictor"""
General-317-20260718-15:48:02-5193,param,Florasat_Individual_Sats.terminal[3].dlk.mac.mlBox,modelPath,,,"""/home/ylnner/Documents/omnet++/omnetpp-6.3.0/projects/florasat_v4_ult_routing/simulations/Test_Individual/mlmodels/transformer_scripted.pt"""
General-317-20260718-15:48:02-5193,param,Florasat_Individual_Sats.terminal[3].dlk.mac.mlBox,threshold,,,0.2
General-317-20260718-15:48:02-5193,param,Florasat_Individual_Sats.terminal[3].dlk.mac.mlBox,scalerPath,,,""""""
General-317-20260718-15:48:02-5193,param,Florasat_Individual_Sats.terminal[3].dlk.mac,typename,,,"""Nodes._10_Terminal._20_Data_Link.Ter_Dlk_KiWan"""
General-317-20260718-15:48:02-5193,param,Florasat_Individual_Sats.terminal[3].dlk.mac,interfaceTableModule,,,""""""
General-317-20260718-15:48:02-5193,param,Florasat_Individual_Sats.terminal[3].dlk.mac,radioModule,,,"""^.^.phy.radio"""
General-317-20260718-15:48:02-5193,param,Florasat_Individual_Sats.terminal[3].dlk.mac,address,,,"""0A-AA-00-00-00-04"""
General-317-20260718-15:48:02-5193,attr,Florasat_Individual_Sats.terminal[3].dlk.mac,address,mutable,,
General-317-20260718-15:48:02-5193,param,Florasat_Individual_Sats.terminal[3].dlk.mac,mtu,,,1500
General-317-20260718-15:48:02-5193,param,Florasat_Individual_Sats.terminal[3].dlk.mac,ttwDuration,,,100s
General-317-20260718-15:48:02-5193,attr,Florasat_Individual_Sats.terminal[3].dlk.mac,ttwDuration,unit,s,
General-317-20260718-15:48:02-5193,param,Florasat_Individual_Sats.terminal[3].dlk.mac,ttwIdle,,,0s
General-317-20260718-15:48:02-5193,attr,Florasat_Individual_Sats.terminal[3].dlk.mac,ttwIdle,unit,s,
General-317-20260718-15:48:02-5193,param,Florasat_Individual_Sats.terminal[3].dlk.mac,ttxStart_min,,,0s
General-317-20260718-15:48:02-5193,attr,Florasat_Individual_Sats.terminal[3].dlk.mac,ttxStart_min,unit,s,
General-317-20260718-15:48:02-5193,param,Florasat_Individual_Sats.terminal[3].dlk.mac,ttxStart_max,,,1s
General-317-20260718-15:48:02-5193,attr,Florasat_Individual_Sats.terminal[3].dlk.mac,ttxStart_max,unit,s,
General-317-20260718-15:48:02-5193,param,Florasat_Individual_Sats.terminal[3].dlk.mac,ttxIdle_min,,,10s
General-317-20260718-15:48:02-5193,attr,Florasat_Individual_Sats.terminal[3].dlk.mac,ttxIdle_min,unit,s,
General-317-20260718-15:48:02-5193,param,Florasat_Individual_Sats.terminal[3].dlk.mac,ttxIdle_max,,,15s
General-317-20260718-15:48:02-5193,attr,Florasat_Individual_Sats.terminal[3].dlk.mac,ttxIdle_max,unit,s,
General-317-20260718-15:48:02-5193,param,Florasat_Individual_Sats.terminal[3].dlk.mac,Ntw,,,1
General-317-20260718-15:48:02-5193,param,Florasat_Individual_Sats.terminal[3].dlk.mac,Ntx,,,5
General-317-20260718-15:48:02-5193,param,Florasat_Individual_Sats.terminal[3].dlk.mac,enableSatDetect,,,false
General-317-20260718-15:48:02-5193,param,Florasat_Individual_Sats.terminal[3].dlk.mac,tsdStart_min,,,0s
General-317-20260718-15:48:02-5193,attr,Florasat_Individual_Sats.terminal[3].dlk.mac,tsdStart_min,unit,s,
General-317-20260718-15:48:02-5193,param,Florasat_Individual_Sats.terminal[3].dlk.mac,tsdStart_max,,,60s
General-317-20260718-15:48:02-5193,attr,Florasat_Individual_Sats.terminal[3].dlk.mac,tsdStart_max,unit,s,
General-317-20260718-15:48:02-5193,param,Florasat_Individual_Sats.terminal[3].dlk.mac,Ndetect,,,4
General-317-20260718-15:48:02-5193,param,Florasat_Individual_Sats.terminal[3].dlk.mac,NsdSync,,,2
General-317-20260718-15:48:02-5193,param,Florasat_Individual_Sats.terminal[3].dlk.mac,tsyncIdle,,,60s
General-317-20260718-15:48:02-5193,attr,Florasat_Individual_Sats.terminal[3].dlk.mac,tsyncIdle,unit,s,
General-317-20260718-15:48:02-5193,param,Florasat_Individual_Sats.terminal[3].dlk.mac,tsdIdle,,,240s
General-317-20260718-15:48:02-5193,attr,Florasat_Individual_Sats.terminal[3].dlk.mac,tsdIdle,unit,s,
General-317-20260718-15:48:02-5193,param,Florasat_Individual_Sats.terminal[3].dlk.mac,satelliteDetectionProbability,,,0.9
General-317-20260718-15:48:02-5193,param,Florasat_Individual_Sats.terminal[3].dlk.mac,minimumElevation,,,5
General-317-20260718-15:48:02-5193,param,Florasat_Individual_Sats.terminal[3].dlk.mac,detectInitialListen,,,0.33s
General-317-20260718-15:48:02-5193,attr,Florasat_Individual_Sats.terminal[3].dlk.mac,detectInitialListen,unit,s,
General-317-20260718-15:48:02-5193,param,Florasat_Individual_Sats.terminal[3].dlk.mac,detectSuccessExtraMin,,,0.075s
General-317-20260718-15:48:02-5193,attr,Florasat_Individual_Sats.terminal[3].dlk.mac,detectSuccessExtraMin,unit,s,
General-317-20260718-15:48:02-5193,param,Florasat_Individual_Sats.terminal[3].dlk.mac,detectSuccessExtraMax,,,1.67s
General-317-20260718-15:48:02-5193,attr,Florasat_Individual_Sats.terminal[3].dlk.mac,detectSuccessExtraMax,unit,s,
General-317-20260718-15:48:02-5193,param,Florasat_Individual_Sats.terminal[3].dlk.mac,detectMissExtra,,,1.67s
General-317-20260718-15:48:02-5193,attr,Florasat_Individual_Sats.terminal[3].dlk.mac,detectMissExtra,unit,s,
General-317-20260718-15:48:02-5193,param,Florasat_Individual_Sats.terminal[3].dlk.mac,LoRaSF,,,12
General-317-20260718-15:48:02-5193,param,Florasat_Individual_Sats.terminal[3].dlk.mac,LoRaTP,,,12
General-317-20260718-15:48:02-5193,param,Florasat_Individual_Sats.terminal[3].dlk.mac,LoRaCF,,,8.68e+08
General-317-20260718-15:48:02-5193,param,Florasat_Individual_Sats.terminal[3].dlk.mac,LoRaBW,,,125000
General-317-20260718-15:48:02-5193,param,Florasat_Individual_Sats.terminal[3].dlk.mac,LoRaCR,,,1
General-317-20260718-15:48:02-5193,param,Florasat_Individual_Sats.terminal[3].dlk.mac,useMLBox,,,true
General-317-20260718-15:48:02-5193,param,Florasat_Individual_Sats.terminal[3].dlk.mac,useMLBoxBiLSTM,,,false
General-317-20260718-15:48:02-5193,param,Florasat_Individual_Sats.terminal[3].dlk.mac,useAnalytical,,,false
General-317-20260718-15:48:02-5193,param,Florasat_Individual_Sats.terminal[3].dlk,typename,,,"""Nodes._10_Terminal._20_Data_Link.Ter_Dlk"""
General-317-20260718-15:48:02-5193,param,Florasat_Individual_Sats.terminal[3].net.routing,typename,,,"""Global.Base._30_Network.Ter_Null_Routing"""
General-317-20260718-15:48:02-5193,param,Florasat_Individual_Sats.terminal[3].net,typename,,,"""Nodes._10_Terminal._30_Network.Ter_Net"""
General-317-20260718-15:48:02-5193,param,Florasat_Individual_Sats.terminal[3].net,layerName,,,"""Ter_Net"""
General-317-20260718-15:48:02-5193,attr,Florasat_Individual_Sats.terminal[3].net,layerName,optional,,
General-317-20260718-15:48:02-5193,param,Florasat_Individual_Sats.terminal[3].net,routingType,,,"""Ter_Null_Routing"""
General-317-20260718-15:48:02-5193,param,Florasat_Individual_Sats.terminal[3].app,typename,,,"""Nodes._10_Terminal._40_Application.Ter_App"""
General-317-20260718-15:48:02-5193,param,Florasat_Individual_Sats.terminal[3].app,layerName,,,"""TerminalApplicationLayer"""
General-317-20260718-15:48:02-5193,attr,Florasat_Individual_Sats.terminal[3].app,layerName,optional,,
General-317-20260718-15:48:02-5193,param,Florasat_Individual_Sats.terminal[3].app,numberOfPacketsToSend,,,0
General-317-20260718-15:48:02-5193,param,Florasat_Individual_Sats.terminal[3].app,timeToFirstPacket,,,1s
General-317-20260718-15:48:02-5193,attr,Florasat_Individual_Sats.terminal[3].app,timeToFirstPacket,unit,s,
General-317-20260718-15:48:02-5193,param,Florasat_Individual_Sats.terminal[3].app,timeToNextPacket,,,115s
General-317-20260718-15:48:02-5193,attr,Florasat_Individual_Sats.terminal[3].app,timeToNextPacket,unit,s,
General-317-20260718-15:48:02-5193,param,Florasat_Individual_Sats.terminal[3].app,timeToResponse,,,30s
General-317-20260718-15:48:02-5193,attr,Florasat_Individual_Sats.terminal[3].app,timeToResponse,unit,s,
General-317-20260718-15:48:02-5193,param,Florasat_Individual_Sats.terminal[3].app,timeToRetry,,,10s
General-317-20260718-15:48:02-5193,attr,Florasat_Individual_Sats.terminal[3].app,timeToRetry,unit,s,
General-317-20260718-15:48:02-5193,param,Florasat_Individual_Sats.terminal[3].app,ackTimeout,,,7s
General-317-20260718-15:48:02-5193,attr,Florasat_Individual_Sats.terminal[3].app,ackTimeout,unit,s,
General-317-20260718-15:48:02-5193,param,Florasat_Individual_Sats.terminal[3].app,timer,,,1s
General-317-20260718-15:48:02-5193,attr,Florasat_Individual_Sats.terminal[3].app,timer,unit,s,
General-317-20260718-15:48:02-5193,param,Florasat_Individual_Sats.terminal[3].app,initialLoRaTP,,,14dBm
General-317-20260718-15:48:02-5193,attr,Florasat_Individual_Sats.terminal[3].app,initialLoRaTP,unit,dBm,
General-317-20260718-15:48:02-5193,param,Florasat_Individual_Sats.terminal[3].app,initialLoRaCF,,,8.68e+08Hz
General-317-20260718-15:48:02-5193,attr,Florasat_Individual_Sats.terminal[3].app,initialLoRaCF,unit,Hz,
General-317-20260718-15:48:02-5193,param,Florasat_Individual_Sats.terminal[3].app,initialLoRaSF,,,12
General-317-20260718-15:48:02-5193,param,Florasat_Individual_Sats.terminal[3].app,initialLoRaBW,,,125000Hz
General-317-20260718-15:48:02-5193,attr,Florasat_Individual_Sats.terminal[3].app,initialLoRaBW,unit,Hz,
General-317-20260718-15:48:02-5193,param,Florasat_Individual_Sats.terminal[3].app,initialLoRaCR,,,4
General-317-20260718-15:48:02-5193,param,Florasat_Individual_Sats.terminal[3].app,initialUseHeader,,,true
General-317-20260718-15:48:02-5193,param,Florasat_Individual_Sats.terminal[3].app,initialPingSlot,,,1
General-317-20260718-15:48:02-5193,param,Florasat_Individual_Sats.terminal[3].app,InitClassA,,,true
General-317-20260718-15:48:02-5193,param,Florasat_Individual_Sats.terminal[3].app,InitClassB,,,false
General-317-20260718-15:48:02-5193,param,Florasat_Individual_Sats.terminal[3].app,evaluateADRinNode,,,false
General-317-20260718-15:48:02-5193,param,Florasat_Individual_Sats.terminal[3].app,payloadSize,,,10B
General-317-20260718-15:48:02-5193,attr,Florasat_Individual_Sats.terminal[3].app,payloadSize,unit,B,
General-317-20260718-15:48:02-5193,param,Florasat_Individual_Sats.terminal[3].app,usingAck,,,true
General-317-20260718-15:48:02-5193,param,Florasat_Individual_Sats.terminal[3].app,numGroundLinks,,,40
General-317-20260718-15:48:02-5193,param,Florasat_Individual_Sats.terminal[3].app,maxHops,,,50
General-317-20260718-15:48:02-5193,param,Florasat_Individual_Sats.terminal[3].app,nroMaxAttempts,,,0
General-317-20260718-15:48:02-5193,param,Florasat_Individual_Sats.terminal[3].eng,typename,,,"""Nodes._10_Terminal._50_Energy.Ter_Ene"""
General-317-20260718-15:48:02-5193,param,Florasat_Individual_Sats.terminal[3].mob,typename,,,"""Nodes._10_Terminal._60_Mobility.Ter_Mob"""
General-317-20260718-15:48:02-5193,param,Florasat_Individual_Sats.terminal[3].mob,subjectModule,,,"""^"""
General-317-20260718-15:48:02-5193,param,Florasat_Individual_Sats.terminal[3].mob,coordinateSystemModule,,,""""""
General-317-20260718-15:48:02-5193,param,Florasat_Individual_Sats.terminal[3].mob,displayStringTextFormat,,,"""p: %p\nv: %v"""
General-317-20260718-15:48:02-5193,attr,Florasat_Individual_Sats.terminal[3].mob,displayStringTextFormat,mutable,,
General-317-20260718-15:48:02-5193,param,Florasat_Individual_Sats.terminal[3].mob,updateDisplayString,,,true
General-317-20260718-15:48:02-5193,param,Florasat_Individual_Sats.terminal[3].mob,constraintAreaMinX,,,-inf m
General-317-20260718-15:48:02-5193,attr,Florasat_Individual_Sats.terminal[3].mob,constraintAreaMinX,unit,m,
General-317-20260718-15:48:02-5193,param,Florasat_Individual_Sats.terminal[3].mob,constraintAreaMinY,,,-inf m
General-317-20260718-15:48:02-5193,attr,Florasat_Individual_Sats.terminal[3].mob,constraintAreaMinY,unit,m,
General-317-20260718-15:48:02-5193,param,Florasat_Individual_Sats.terminal[3].mob,constraintAreaMinZ,,,-inf m
General-317-20260718-15:48:02-5193,attr,Florasat_Individual_Sats.terminal[3].mob,constraintAreaMinZ,unit,m,
General-317-20260718-15:48:02-5193,param,Florasat_Individual_Sats.terminal[3].mob,constraintAreaMaxX,,,inf m
General-317-20260718-15:48:02-5193,attr,Florasat_Individual_Sats.terminal[3].mob,constraintAreaMaxX,unit,m,
General-317-20260718-15:48:02-5193,param,Florasat_Individual_Sats.terminal[3].mob,constraintAreaMaxY,,,inf m
General-317-20260718-15:48:02-5193,attr,Florasat_Individual_Sats.terminal[3].mob,constraintAreaMaxY,unit,m,
General-317-20260718-15:48:02-5193,param,Florasat_Individual_Sats.terminal[3].mob,constraintAreaMaxZ,,,inf m
General-317-20260718-15:48:02-5193,attr,Florasat_Individual_Sats.terminal[3].mob,constraintAreaMaxZ,unit,m,
General-317-20260718-15:48:02-5193,param,Florasat_Individual_Sats.terminal[3].mob,initialX,,,nan m
General-317-20260718-15:48:02-5193,attr,Florasat_Individual_Sats.terminal[3].mob,initialX,unit,m,
General-317-20260718-15:48:02-5193,param,Florasat_Individual_Sats.terminal[3].mob,initialY,,,nan m
General-317-20260718-15:48:02-5193,attr,Florasat_Individual_Sats.terminal[3].mob,initialY,unit,m,
General-317-20260718-15:48:02-5193,param,Florasat_Individual_Sats.terminal[3].mob,initialZ,,,0m
General-317-20260718-15:48:02-5193,attr,Florasat_Individual_Sats.terminal[3].mob,initialZ,unit,m,
General-317-20260718-15:48:02-5193,param,Florasat_Individual_Sats.terminal[3].mob,initialLatitude,,,nan deg
General-317-20260718-15:48:02-5193,attr,Florasat_Individual_Sats.terminal[3].mob,initialLatitude,unit,deg,
General-317-20260718-15:48:02-5193,param,Florasat_Individual_Sats.terminal[3].mob,initialLongitude,,,nan deg
General-317-20260718-15:48:02-5193,attr,Florasat_Individual_Sats.terminal[3].mob,initialLongitude,unit,deg,
General-317-20260718-15:48:02-5193,param,Florasat_Individual_Sats.terminal[3].mob,initialAltitude,,,0m
General-317-20260718-15:48:02-5193,attr,Florasat_Individual_Sats.terminal[3].mob,initialAltitude,unit,m,
General-317-20260718-15:48:02-5193,param,Florasat_Individual_Sats.terminal[3].mob,initialHeading,,,0deg
General-317-20260718-15:48:02-5193,attr,Florasat_Individual_Sats.terminal[3].mob,initialHeading,unit,deg,
General-317-20260718-15:48:02-5193,param,Florasat_Individual_Sats.terminal[3].mob,initialElevation,,,0deg
General-317-20260718-15:48:02-5193,attr,Florasat_Individual_Sats.terminal[3].mob,initialElevation,unit,deg,
General-317-20260718-15:48:02-5193,param,Florasat_Individual_Sats.terminal[3].mob,initialBank,,,0deg
General-317-20260718-15:48:02-5193,attr,Florasat_Individual_Sats.terminal[3].mob,initialBank,unit,deg,
General-317-20260718-15:48:02-5193,param,Florasat_Individual_Sats.terminal[3].mob,initFromDisplayString,,,false
General-317-20260718-15:48:02-5193,param,Florasat_Individual_Sats.terminal[3].mob,updateFromDisplayString,,,false
General-317-20260718-15:48:02-5193,param,Florasat_Individual_Sats.terminal[3].mob,centerLatitude,,,47.243
General-317-20260718-15:48:02-5193,param,Florasat_Individual_Sats.terminal[3].mob,centerLongitude,,,6.024
General-317-20260718-15:48:02-5193,param,Florasat_Individual_Sats.terminal[3].mob,deploymentRadius,,,200
General-317-20260718-15:48:02-5193,param,Florasat_Individual_Sats.terminal[3],typename,,,"""Nodes._10_Terminal.Terminal"""
General-317-20260718-15:48:02-5193,param,Florasat_Individual_Sats.terminal[3],layerName,,,"""Terminal"""
General-317-20260718-15:48:02-5193,attr,Florasat_Individual_Sats.terminal[3],layerName,optional,,
General-317-20260718-15:48:02-5193,param,Florasat_Individual_Sats.terminal[3],sendData,,,true
General-317-20260718-15:48:02-5193,attr,Florasat_Individual_Sats.terminal[3],sendData,mutable,,
General-317-20260718-15:48:02-5193,param,Florasat_Individual_Sats.terminal[3],dstGsOrDev,,,0
General-317-20260718-15:48:02-5193,param,Florasat_Individual_Sats.terminal[4].phy.radio.antenna,typename,,,"""inet.physicallayer.wireless.common.antenna.IsotropicAntenna"""
General-317-20260718-15:48:02-5193,param,Florasat_Individual_Sats.terminal[4].phy.radio.antenna,mobilityModule,,,"""^.^.^.mob"""
General-317-20260718-15:48:02-5193,param,Florasat_Individual_Sats.terminal[4].phy.radio.antenna,numAntennas,,,1
General-317-20260718-15:48:02-5193,param,Florasat_Individual_Sats.terminal[4].phy.radio.transmitter,typename,,,"""Global.Transceiver.LoRaTransmitter"""
General-317-20260718-15:48:02-5193,param,Florasat_Individual_Sats.terminal[4].phy.radio.transmitter,preambleDuration,,,0.001s
General-317-20260718-15:48:02-5193,attr,Florasat_Individual_Sats.terminal[4].phy.radio.transmitter,preambleDuration,unit,s,
General-317-20260718-15:48:02-5193,param,Florasat_Individual_Sats.terminal[4].phy.radio.transmitter,headerLength,,,40b
General-317-20260718-15:48:02-5193,attr,Florasat_Individual_Sats.terminal[4].phy.radio.transmitter,headerLength,unit,b,
General-317-20260718-15:48:02-5193,param,Florasat_Individual_Sats.terminal[4].phy.radio.transmitter,bitrate,,,250000bps
General-317-20260718-15:48:02-5193,attr,Florasat_Individual_Sats.terminal[4].phy.radio.transmitter,bitrate,unit,bps,
General-317-20260718-15:48:02-5193,param,Florasat_Individual_Sats.terminal[4].phy.radio.transmitter,power,,,0.025118W
General-317-20260718-15:48:02-5193,attr,Florasat_Individual_Sats.terminal[4].phy.radio.transmitter,power,unit,W,
General-317-20260718-15:48:02-5193,param,Florasat_Individual_Sats.terminal[4].phy.radio.transmitter,centerFrequency,,,8.68e+08Hz
General-317-20260718-15:48:02-5193,attr,Florasat_Individual_Sats.terminal[4].phy.radio.transmitter,centerFrequency,unit,Hz,
General-317-20260718-15:48:02-5193,param,Florasat_Individual_Sats.terminal[4].phy.radio.transmitter,bandwidth,,,250000Hz
General-317-20260718-15:48:02-5193,attr,Florasat_Individual_Sats.terminal[4].phy.radio.transmitter,bandwidth,unit,Hz,
General-317-20260718-15:48:02-5193,param,Florasat_Individual_Sats.terminal[4].phy.radio.transmitter,codeRate,,,1
General-317-20260718-15:48:02-5193,param,Florasat_Individual_Sats.terminal[4].phy.radio.transmitter,modulation,,,"""LoRaModulation"""
General-317-20260718-15:48:02-5193,param,Florasat_Individual_Sats.terminal[4].phy.radio.receiver,typename,,,"""Global.Transceiver.LoRaReceiver"""
General-317-20260718-15:48:02-5193,param,Florasat_Individual_Sats.terminal[4].phy.radio.receiver,energyDetection,,,-90dBm
General-317-20260718-15:48:02-5193,attr,Florasat_Individual_Sats.terminal[4].phy.radio.receiver,energyDetection,unit,dBm,
General-317-20260718-15:48:02-5193,param,Florasat_Individual_Sats.terminal[4].phy.radio.receiver,sensitivity,,,-137dBm
General-317-20260718-15:48:02-5193,attr,Florasat_Individual_Sats.terminal[4].phy.radio.receiver,sensitivity,unit,dBm,
General-317-20260718-15:48:02-5193,param,Florasat_Individual_Sats.terminal[4].phy.radio.receiver,snirThreshold,,,-8dB
General-317-20260718-15:48:02-5193,attr,Florasat_Individual_Sats.terminal[4].phy.radio.receiver,snirThreshold,unit,dB,
General-317-20260718-15:48:02-5193,param,Florasat_Individual_Sats.terminal[4].phy.radio.receiver,centerFrequency,,,8.68e+08Hz
General-317-20260718-15:48:02-5193,attr,Florasat_Individual_Sats.terminal[4].phy.radio.receiver,centerFrequency,unit,Hz,
General-317-20260718-15:48:02-5193,param,Florasat_Individual_Sats.terminal[4].phy.radio.receiver,bandwidth,,,250000Hz
General-317-20260718-15:48:02-5193,attr,Florasat_Individual_Sats.terminal[4].phy.radio.receiver,bandwidth,unit,Hz,
General-317-20260718-15:48:02-5193,param,Florasat_Individual_Sats.terminal[4].phy.radio.receiver,alohaChannelModel,,,false
General-317-20260718-15:48:02-5193,param,Florasat_Individual_Sats.terminal[4].phy.radio.receiver,errorModelType,,,""""""
General-317-20260718-15:48:02-5193,param,Florasat_Individual_Sats.terminal[4].phy.radio.receiver,ignoreInterference,,,false
General-317-20260718-15:48:02-5193,param,Florasat_Individual_Sats.terminal[4].phy.radio.receiver,enableCollisionOverlap,,,false
General-317-20260718-15:48:02-5193,param,Florasat_Individual_Sats.terminal[4].phy.radio.receiver,minCollisionOverlap,,,0s
General-317-20260718-15:48:02-5193,attr,Florasat_Individual_Sats.terminal[4].phy.radio.receiver,minCollisionOverlap,unit,s,
General-317-20260718-15:48:02-5193,param,Florasat_Individual_Sats.terminal[4].phy.radio.IdealEpEnergyStorage,typename,,,"""inet.power.storage.IdealEpEnergyStorage"""
General-317-20260718-15:48:02-5193,param,Florasat_Individual_Sats.terminal[4].phy.radio,typename,,,"""Nodes._10_Terminal._10_Physical.Ter_Phy_LoRaRadio"""
General-317-20260718-15:48:02-5193,param,Florasat_Individual_Sats.terminal[4].phy.radio,radioMediumModule,,,"""radioMedium"""
General-317-20260718-15:48:02-5193,param,Florasat_Individual_Sats.terminal[4].phy.radio,energySourceModule,,,""""""
General-317-20260718-15:48:02-5193,param,Florasat_Individual_Sats.terminal[4].phy.radio,initialRadioMode,,,"""off"""
General-317-20260718-15:48:02-5193,attr,Florasat_Individual_Sats.terminal[4].phy.radio,initialRadioMode,enum,"off,sleep,receiver,transmitter,transceiver",
General-317-20260718-15:48:02-5193,param,Florasat_Individual_Sats.terminal[4].phy.radio,switchingTimes,,,"""ms 0 0 0 0 0 0 0 0 0 0 0 0 0 0 0 0 0 0 0 0 0 0 0 0 0"""
General-317-20260718-15:48:02-5193,param,Florasat_Individual_Sats.terminal[4].phy.radio,sendRawBytes,,,false
General-317-20260718-15:48:02-5193,param,Florasat_Individual_Sats.terminal[4].phy.radio,separateTransmissionParts,,,false
General-317-20260718-15:48:02-5193,param,Florasat_Individual_Sats.terminal[4].phy.radio,separateReceptionParts,,,false
General-317-20260718-15:48:02-5193,param,Florasat_Individual_Sats.terminal[4].phy.radio,displayCommunicationRange,,,false
General-317-20260718-15:48:02-5193,param,Florasat_Individual_Sats.terminal[4].phy.radio,displayInterferenceRange,,,false
General-317-20260718-15:48:02-5193,param,Florasat_Individual_Sats.terminal[4].phy.radio,centerFrequency,,,8.68e+08Hz
General-317-20260718-15:48:02-5193,attr,Florasat_Individual_Sats.terminal[4].phy.radio,centerFrequency,unit,Hz,
General-317-20260718-15:48:02-5193,param,Florasat_Individual_Sats.terminal[4].phy.radio,bandwidth,,,250000Hz
General-317-20260718-15:48:02-5193,attr,Florasat_Individual_Sats.terminal[4].phy.radio,bandwidth,unit,Hz,
General-317-20260718-15:48:02-5193,param,Florasat_Individual_Sats.terminal[4].phy.radio,iAmGateway,,,false
General-317-20260718-15:48:02-5193,param,Florasat_Individual_Sats.terminal[4].phy,typename,,,"""Nodes._10_Terminal._10_Physical.Ter_Phy"""
General-317-20260718-15:48:02-5193,param,Florasat_Individual_Sats.terminal[4].phy,layerName,,,"""Ter_Phy"""
General-317-20260718-15:48:02-5193,attr,Florasat_Individual_Sats.terminal[4].phy,layerName,optional,,
General-317-20260718-15:48:02-5193,param,Florasat_Individual_Sats.terminal[4].dlk.mac.queue,typename,,,"""inet.queueing.queue.DropTailQueue"""
General-317-20260718-15:48:02-5193,param,Florasat_Individual_Sats.terminal[4].dlk.mac.queue,displayStringTextFormat,,,"""contains %p pk (%l) pushed %u\npulled %o removed %r dropped %d"""
General-317-20260718-15:48:02-5193,param,Florasat_Individual_Sats.terminal[4].dlk.mac.queue,packetCapacity,,,-1
General-317-20260718-15:48:02-5193,param,Florasat_Individual_Sats.terminal[4].dlk.mac.queue,dataCapacity,,,-1b
General-317-20260718-15:48:02-5193,attr,Florasat_Individual_Sats.terminal[4].dlk.mac.queue,dataCapacity,unit,b,
General-317-20260718-15:48:02-5193,param,Florasat_Individual_Sats.terminal[4].dlk.mac.queue,dropperClass,,,"""inet::queueing::PacketAtCollectionEndDropper"""
General-317-20260718-15:48:02-5193,param,Florasat_Individual_Sats.terminal[4].dlk.mac.queue,comparatorClass,,,""""""
General-317-20260718-15:48:02-5193,param,Florasat_Individual_Sats.terminal[4].dlk.mac.queue,bufferModule,,,""""""
General-317-20260718-15:48:02-5193,param,Florasat_Individual_Sats.terminal[4].dlk.mac.mlBox,typename,,,"""Nodes._10_Terminal._20_Data_Link.Transmission_Predictor.Transmission_Predictor"""
General-317-20260718-15:48:02-5193,param,Florasat_Individual_Sats.terminal[4].dlk.mac.mlBox,modelPath,,,"""/home/ylnner/Documents/omnet++/omnetpp-6.3.0/projects/florasat_v4_ult_routing/simulations/Test_Individual/mlmodels/transformer_scripted.pt"""
General-317-20260718-15:48:02-5193,param,Florasat_Individual_Sats.terminal[4].dlk.mac.mlBox,threshold,,,0.2
General-317-20260718-15:48:02-5193,param,Florasat_Individual_Sats.terminal[4].dlk.mac.mlBox,scalerPath,,,""""""
General-317-20260718-15:48:02-5193,param,Florasat_Individual_Sats.terminal[4].dlk.mac,typename,,,"""Nodes._10_Terminal._20_Data_Link.Ter_Dlk_KiWan"""
General-317-20260718-15:48:02-5193,param,Florasat_Individual_Sats.terminal[4].dlk.mac,interfaceTableModule,,,""""""
General-317-20260718-15:48:02-5193,param,Florasat_Individual_Sats.terminal[4].dlk.mac,radioModule,,,"""^.^.phy.radio"""
General-317-20260718-15:48:02-5193,param,Florasat_Individual_Sats.terminal[4].dlk.mac,address,,,"""0A-AA-00-00-00-05"""
General-317-20260718-15:48:02-5193,attr,Florasat_Individual_Sats.terminal[4].dlk.mac,address,mutable,,
General-317-20260718-15:48:02-5193,param,Florasat_Individual_Sats.terminal[4].dlk.mac,mtu,,,1500
General-317-20260718-15:48:02-5193,param,Florasat_Individual_Sats.terminal[4].dlk.mac,ttwDuration,,,100s
General-317-20260718-15:48:02-5193,attr,Florasat_Individual_Sats.terminal[4].dlk.mac,ttwDuration,unit,s,
General-317-20260718-15:48:02-5193,param,Florasat_Individual_Sats.terminal[4].dlk.mac,ttwIdle,,,0s
General-317-20260718-15:48:02-5193,attr,Florasat_Individual_Sats.terminal[4].dlk.mac,ttwIdle,unit,s,
General-317-20260718-15:48:02-5193,param,Florasat_Individual_Sats.terminal[4].dlk.mac,ttxStart_min,,,0s
General-317-20260718-15:48:02-5193,attr,Florasat_Individual_Sats.terminal[4].dlk.mac,ttxStart_min,unit,s,
General-317-20260718-15:48:02-5193,param,Florasat_Individual_Sats.terminal[4].dlk.mac,ttxStart_max,,,1s
General-317-20260718-15:48:02-5193,attr,Florasat_Individual_Sats.terminal[4].dlk.mac,ttxStart_max,unit,s,
General-317-20260718-15:48:02-5193,param,Florasat_Individual_Sats.terminal[4].dlk.mac,ttxIdle_min,,,10s
General-317-20260718-15:48:02-5193,attr,Florasat_Individual_Sats.terminal[4].dlk.mac,ttxIdle_min,unit,s,
General-317-20260718-15:48:02-5193,param,Florasat_Individual_Sats.terminal[4].dlk.mac,ttxIdle_max,,,15s
General-317-20260718-15:48:02-5193,attr,Florasat_Individual_Sats.terminal[4].dlk.mac,ttxIdle_max,unit,s,
General-317-20260718-15:48:02-5193,param,Florasat_Individual_Sats.terminal[4].dlk.mac,Ntw,,,1
General-317-20260718-15:48:02-5193,param,Florasat_Individual_Sats.terminal[4].dlk.mac,Ntx,,,5
General-317-20260718-15:48:02-5193,param,Florasat_Individual_Sats.terminal[4].dlk.mac,enableSatDetect,,,false
General-317-20260718-15:48:02-5193,param,Florasat_Individual_Sats.terminal[4].dlk.mac,tsdStart_min,,,0s
General-317-20260718-15:48:02-5193,attr,Florasat_Individual_Sats.terminal[4].dlk.mac,tsdStart_min,unit,s,
General-317-20260718-15:48:02-5193,param,Florasat_Individual_Sats.terminal[4].dlk.mac,tsdStart_max,,,60s
General-317-20260718-15:48:02-5193,attr,Florasat_Individual_Sats.terminal[4].dlk.mac,tsdStart_max,unit,s,
General-317-20260718-15:48:02-5193,param,Florasat_Individual_Sats.terminal[4].dlk.mac,Ndetect,,,4
General-317-20260718-15:48:02-5193,param,Florasat_Individual_Sats.terminal[4].dlk.mac,NsdSync,,,2
General-317-20260718-15:48:02-5193,param,Florasat_Individual_Sats.terminal[4].dlk.mac,tsyncIdle,,,60s
General-317-20260718-15:48:02-5193,attr,Florasat_Individual_Sats.terminal[4].dlk.mac,tsyncIdle,unit,s,
General-317-20260718-15:48:02-5193,param,Florasat_Individual_Sats.terminal[4].dlk.mac,tsdIdle,,,240s
General-317-20260718-15:48:02-5193,attr,Florasat_Individual_Sats.terminal[4].dlk.mac,tsdIdle,unit,s,
General-317-20260718-15:48:02-5193,param,Florasat_Individual_Sats.terminal[4].dlk.mac,satelliteDetectionProbability,,,0.9
General-317-20260718-15:48:02-5193,param,Florasat_Individual_Sats.terminal[4].dlk.mac,minimumElevation,,,5
General-317-20260718-15:48:02-5193,param,Florasat_Individual_Sats.terminal[4].dlk.mac,detectInitialListen,,,0.33s
General-317-20260718-15:48:02-5193,attr,Florasat_Individual_Sats.terminal[4].dlk.mac,detectInitialListen,unit,s,
General-317-20260718-15:48:02-5193,param,Florasat_Individual_Sats.terminal[4].dlk.mac,detectSuccessExtraMin,,,0.075s
General-317-20260718-15:48:02-5193,attr,Florasat_Individual_Sats.terminal[4].dlk.mac,detectSuccessExtraMin,unit,s,
General-317-20260718-15:48:02-5193,param,Florasat_Individual_Sats.terminal[4].dlk.mac,detectSuccessExtraMax,,,1.67s
General-317-20260718-15:48:02-5193,attr,Florasat_Individual_Sats.terminal[4].dlk.mac,detectSuccessExtraMax,unit,s,
General-317-20260718-15:48:02-5193,param,Florasat_Individual_Sats.terminal[4].dlk.mac,detectMissExtra,,,1.67s
General-317-20260718-15:48:02-5193,attr,Florasat_Individual_Sats.terminal[4].dlk.mac,detectMissExtra,unit,s,
General-317-20260718-15:48:02-5193,param,Florasat_Individual_Sats.terminal[4].dlk.mac,LoRaSF,,,12
General-317-20260718-15:48:02-5193,param,Florasat_Individual_Sats.terminal[4].dlk.mac,LoRaTP,,,12
General-317-20260718-15:48:02-5193,param,Florasat_Individual_Sats.terminal[4].dlk.mac,LoRaCF,,,8.68e+08
General-317-20260718-15:48:02-5193,param,Florasat_Individual_Sats.terminal[4].dlk.mac,LoRaBW,,,125000
General-317-20260718-15:48:02-5193,param,Florasat_Individual_Sats.terminal[4].dlk.mac,LoRaCR,,,1
General-317-20260718-15:48:02-5193,param,Florasat_Individual_Sats.terminal[4].dlk.mac,useMLBox,,,true
General-317-20260718-15:48:02-5193,param,Florasat_Individual_Sats.terminal[4].dlk.mac,useMLBoxBiLSTM,,,false
General-317-20260718-15:48:02-5193,param,Florasat_Individual_Sats.terminal[4].dlk.mac,useAnalytical,,,false
General-317-20260718-15:48:02-5193,param,Florasat_Individual_Sats.terminal[4].dlk,typename,,,"""Nodes._10_Terminal._20_Data_Link.Ter_Dlk"""
General-317-20260718-15:48:02-5193,param,Florasat_Individual_Sats.terminal[4].net.routing,typename,,,"""Global.Base._30_Network.Ter_Null_Routing"""
General-317-20260718-15:48:02-5193,param,Florasat_Individual_Sats.terminal[4].net,typename,,,"""Nodes._10_Terminal._30_Network.Ter_Net"""
General-317-20260718-15:48:02-5193,param,Florasat_Individual_Sats.terminal[4].net,layerName,,,"""Ter_Net"""
General-317-20260718-15:48:02-5193,attr,Florasat_Individual_Sats.terminal[4].net,layerName,optional,,
General-317-20260718-15:48:02-5193,param,Florasat_Individual_Sats.terminal[4].net,routingType,,,"""Ter_Null_Routing"""
General-317-20260718-15:48:02-5193,param,Florasat_Individual_Sats.terminal[4].app,typename,,,"""Nodes._10_Terminal._40_Application.Ter_App"""
General-317-20260718-15:48:02-5193,param,Florasat_Individual_Sats.terminal[4].app,layerName,,,"""TerminalApplicationLayer"""
General-317-20260718-15:48:02-5193,attr,Florasat_Individual_Sats.terminal[4].app,layerName,optional,,
General-317-20260718-15:48:02-5193,param,Florasat_Individual_Sats.terminal[4].app,numberOfPacketsToSend,,,0
General-317-20260718-15:48:02-5193,param,Florasat_Individual_Sats.terminal[4].app,timeToFirstPacket,,,1s
General-317-20260718-15:48:02-5193,attr,Florasat_Individual_Sats.terminal[4].app,timeToFirstPacket,unit,s,
General-317-20260718-15:48:02-5193,param,Florasat_Individual_Sats.terminal[4].app,timeToNextPacket,,,115s
General-317-20260718-15:48:02-5193,attr,Florasat_Individual_Sats.terminal[4].app,timeToNextPacket,unit,s,
General-317-20260718-15:48:02-5193,param,Florasat_Individual_Sats.terminal[4].app,timeToResponse,,,30s
General-317-20260718-15:48:02-5193,attr,Florasat_Individual_Sats.terminal[4].app,timeToResponse,unit,s,
General-317-20260718-15:48:02-5193,param,Florasat_Individual_Sats.terminal[4].app,timeToRetry,,,10s
General-317-20260718-15:48:02-5193,attr,Florasat_Individual_Sats.terminal[4].app,timeToRetry,unit,s,
General-317-20260718-15:48:02-5193,param,Florasat_Individual_Sats.terminal[4].app,ackTimeout,,,7s
General-317-20260718-15:48:02-5193,attr,Florasat_Individual_Sats.terminal[4].app,ackTimeout,unit,s,
General-317-20260718-15:48:02-5193,param,Florasat_Individual_Sats.terminal[4].app,timer,,,1s
General-317-20260718-15:48:02-5193,attr,Florasat_Individual_Sats.terminal[4].app,timer,unit,s,
General-317-20260718-15:48:02-5193,param,Florasat_Individual_Sats.terminal[4].app,initialLoRaTP,,,14dBm
General-317-20260718-15:48:02-5193,attr,Florasat_Individual_Sats.terminal[4].app,initialLoRaTP,unit,dBm,
General-317-20260718-15:48:02-5193,param,Florasat_Individual_Sats.terminal[4].app,initialLoRaCF,,,8.68e+08Hz
General-317-20260718-15:48:02-5193,attr,Florasat_Individual_Sats.terminal[4].app,initialLoRaCF,unit,Hz,
General-317-20260718-15:48:02-5193,param,Florasat_Individual_Sats.terminal[4].app,initialLoRaSF,,,12
General-317-20260718-15:48:02-5193,param,Florasat_Individual_Sats.terminal[4].app,initialLoRaBW,,,125000Hz
General-317-20260718-15:48:02-5193,attr,Florasat_Individual_Sats.terminal[4].app,initialLoRaBW,unit,Hz,
General-317-20260718-15:48:02-5193,param,Florasat_Individual_Sats.terminal[4].app,initialLoRaCR,,,4
General-317-20260718-15:48:02-5193,param,Florasat_Individual_Sats.terminal[4].app,initialUseHeader,,,true
General-317-20260718-15:48:02-5193,param,Florasat_Individual_Sats.terminal[4].app,initialPingSlot,,,1
General-317-20260718-15:48:02-5193,param,Florasat_Individual_Sats.terminal[4].app,InitClassA,,,true
General-317-20260718-15:48:02-5193,param,Florasat_Individual_Sats.terminal[4].app,InitClassB,,,false
General-317-20260718-15:48:02-5193,param,Florasat_Individual_Sats.terminal[4].app,evaluateADRinNode,,,false
General-317-20260718-15:48:02-5193,param,Florasat_Individual_Sats.terminal[4].app,payloadSize,,,10B
General-317-20260718-15:48:02-5193,attr,Florasat_Individual_Sats.terminal[4].app,payloadSize,unit,B,
General-317-20260718-15:48:02-5193,param,Florasat_Individual_Sats.terminal[4].app,usingAck,,,true
General-317-20260718-15:48:02-5193,param,Florasat_Individual_Sats.terminal[4].app,numGroundLinks,,,40
General-317-20260718-15:48:02-5193,param,Florasat_Individual_Sats.terminal[4].app,maxHops,,,50
General-317-20260718-15:48:02-5193,param,Florasat_Individual_Sats.terminal[4].app,nroMaxAttempts,,,0
General-317-20260718-15:48:02-5193,param,Florasat_Individual_Sats.terminal[4].eng,typename,,,"""Nodes._10_Terminal._50_Energy.Ter_Ene"""
General-317-20260718-15:48:02-5193,param,Florasat_Individual_Sats.terminal[4].mob,typename,,,"""Nodes._10_Terminal._60_Mobility.Ter_Mob"""
General-317-20260718-15:48:02-5193,param,Florasat_Individual_Sats.terminal[4].mob,subjectModule,,,"""^"""
General-317-20260718-15:48:02-5193,param,Florasat_Individual_Sats.terminal[4].mob,coordinateSystemModule,,,""""""
General-317-20260718-15:48:02-5193,param,Florasat_Individual_Sats.terminal[4].mob,displayStringTextFormat,,,"""p: %p\nv: %v"""
General-317-20260718-15:48:02-5193,attr,Florasat_Individual_Sats.terminal[4].mob,displayStringTextFormat,mutable,,
General-317-20260718-15:48:02-5193,param,Florasat_Individual_Sats.terminal[4].mob,updateDisplayString,,,true
General-317-20260718-15:48:02-5193,param,Florasat_Individual_Sats.terminal[4].mob,constraintAreaMinX,,,-inf m
General-317-20260718-15:48:02-5193,attr,Florasat_Individual_Sats.terminal[4].mob,constraintAreaMinX,unit,m,
General-317-20260718-15:48:02-5193,param,Florasat_Individual_Sats.terminal[4].mob,constraintAreaMinY,,,-inf m
General-317-20260718-15:48:02-5193,attr,Florasat_Individual_Sats.terminal[4].mob,constraintAreaMinY,unit,m,
General-317-20260718-15:48:02-5193,param,Florasat_Individual_Sats.terminal[4].mob,constraintAreaMinZ,,,-inf m
General-317-20260718-15:48:02-5193,attr,Florasat_Individual_Sats.terminal[4].mob,constraintAreaMinZ,unit,m,
General-317-20260718-15:48:02-5193,param,Florasat_Individual_Sats.terminal[4].mob,constraintAreaMaxX,,,inf m
General-317-20260718-15:48:02-5193,attr,Florasat_Individual_Sats.terminal[4].mob,constraintAreaMaxX,unit,m,
General-317-20260718-15:48:02-5193,param,Florasat_Individual_Sats.terminal[4].mob,constraintAreaMaxY,,,inf m
General-317-20260718-15:48:02-5193,attr,Florasat_Individual_Sats.terminal[4].mob,constraintAreaMaxY,unit,m,
General-317-20260718-15:48:02-5193,param,Florasat_Individual_Sats.terminal[4].mob,constraintAreaMaxZ,,,inf m
General-317-20260718-15:48:02-5193,attr,Florasat_Individual_Sats.terminal[4].mob,constraintAreaMaxZ,unit,m,
General-317-20260718-15:48:02-5193,param,Florasat_Individual_Sats.terminal[4].mob,initialX,,,nan m
General-317-20260718-15:48:02-5193,attr,Florasat_Individual_Sats.terminal[4].mob,initialX,unit,m,
General-317-20260718-15:48:02-5193,param,Florasat_Individual_Sats.terminal[4].mob,initialY,,,nan m
General-317-20260718-15:48:02-5193,attr,Florasat_Individual_Sats.terminal[4].mob,initialY,unit,m,
General-317-20260718-15:48:02-5193,param,Florasat_Individual_Sats.terminal[4].mob,initialZ,,,0m
General-317-20260718-15:48:02-5193,attr,Florasat_Individual_Sats.terminal[4].mob,initialZ,unit,m,
General-317-20260718-15:48:02-5193,param,Florasat_Individual_Sats.terminal[4].mob,initialLatitude,,,nan deg
General-317-20260718-15:48:02-5193,attr,Florasat_Individual_Sats.terminal[4].mob,initialLatitude,unit,deg,
General-317-20260718-15:48:02-5193,param,Florasat_Individual_Sats.terminal[4].mob,initialLongitude,,,nan deg
General-317-20260718-15:48:02-5193,attr,Florasat_Individual_Sats.terminal[4].mob,initialLongitude,unit,deg,
General-317-20260718-15:48:02-5193,param,Florasat_Individual_Sats.terminal[4].mob,initialAltitude,,,0m
General-317-20260718-15:48:02-5193,attr,Florasat_Individual_Sats.terminal[4].mob,initialAltitude,unit,m,
General-317-20260718-15:48:02-5193,param,Florasat_Individual_Sats.terminal[4].mob,initialHeading,,,0deg
General-317-20260718-15:48:02-5193,attr,Florasat_Individual_Sats.terminal[4].mob,initialHeading,unit,deg,
General-317-20260718-15:48:02-5193,param,Florasat_Individual_Sats.terminal[4].mob,initialElevation,,,0deg
General-317-20260718-15:48:02-5193,attr,Florasat_Individual_Sats.terminal[4].mob,initialElevation,unit,deg,
General-317-20260718-15:48:02-5193,param,Florasat_Individual_Sats.terminal[4].mob,initialBank,,,0deg
General-317-20260718-15:48:02-5193,attr,Florasat_Individual_Sats.terminal[4].mob,initialBank,unit,deg,
General-317-20260718-15:48:02-5193,param,Florasat_Individual_Sats.terminal[4].mob,initFromDisplayString,,,false
General-317-20260718-15:48:02-5193,param,Florasat_Individual_Sats.terminal[4].mob,updateFromDisplayString,,,false
General-317-20260718-15:48:02-5193,param,Florasat_Individual_Sats.terminal[4].mob,centerLatitude,,,43.61
General-317-20260718-15:48:02-5193,param,Florasat_Individual_Sats.terminal[4].mob,centerLongitude,,,3.876
General-317-20260718-15:48:02-5193,param,Florasat_Individual_Sats.terminal[4].mob,deploymentRadius,,,200
General-317-20260718-15:48:02-5193,param,Florasat_Individual_Sats.terminal[4],typename,,,"""Nodes._10_Terminal.Terminal"""
General-317-20260718-15:48:02-5193,param,Florasat_Individual_Sats.terminal[4],layerName,,,"""Terminal"""
General-317-20260718-15:48:02-5193,attr,Florasat_Individual_Sats.terminal[4],layerName,optional,,
General-317-20260718-15:48:02-5193,param,Florasat_Individual_Sats.terminal[4],sendData,,,true
General-317-20260718-15:48:02-5193,attr,Florasat_Individual_Sats.terminal[4],sendData,mutable,,
General-317-20260718-15:48:02-5193,param,Florasat_Individual_Sats.terminal[4],dstGsOrDev,,,0
General-317-20260718-15:48:02-5193,param,Florasat_Individual_Sats.terminal[5].phy.radio.antenna,typename,,,"""inet.physicallayer.wireless.common.antenna.IsotropicAntenna"""
General-317-20260718-15:48:02-5193,param,Florasat_Individual_Sats.terminal[5].phy.radio.antenna,mobilityModule,,,"""^.^.^.mob"""
General-317-20260718-15:48:02-5193,param,Florasat_Individual_Sats.terminal[5].phy.radio.antenna,numAntennas,,,1
General-317-20260718-15:48:02-5193,param,Florasat_Individual_Sats.terminal[5].phy.radio.transmitter,typename,,,"""Global.Transceiver.LoRaTransmitter"""
General-317-20260718-15:48:02-5193,param,Florasat_Individual_Sats.terminal[5].phy.radio.transmitter,preambleDuration,,,0.001s
General-317-20260718-15:48:02-5193,attr,Florasat_Individual_Sats.terminal[5].phy.radio.transmitter,preambleDuration,unit,s,
General-317-20260718-15:48:02-5193,param,Florasat_Individual_Sats.terminal[5].phy.radio.transmitter,headerLength,,,40b
General-317-20260718-15:48:02-5193,attr,Florasat_Individual_Sats.terminal[5].phy.radio.transmitter,headerLength,unit,b,
General-317-20260718-15:48:02-5193,param,Florasat_Individual_Sats.terminal[5].phy.radio.transmitter,bitrate,,,250000bps
General-317-20260718-15:48:02-5193,attr,Florasat_Individual_Sats.terminal[5].phy.radio.transmitter,bitrate,unit,bps,
General-317-20260718-15:48:02-5193,param,Florasat_Individual_Sats.terminal[5].phy.radio.transmitter,power,,,0.025118W
General-317-20260718-15:48:02-5193,attr,Florasat_Individual_Sats.terminal[5].phy.radio.transmitter,power,unit,W,
General-317-20260718-15:48:02-5193,param,Florasat_Individual_Sats.terminal[5].phy.radio.transmitter,centerFrequency,,,8.68e+08Hz
General-317-20260718-15:48:02-5193,attr,Florasat_Individual_Sats.terminal[5].phy.radio.transmitter,centerFrequency,unit,Hz,
General-317-20260718-15:48:02-5193,param,Florasat_Individual_Sats.terminal[5].phy.radio.transmitter,bandwidth,,,250000Hz
General-317-20260718-15:48:02-5193,attr,Florasat_Individual_Sats.terminal[5].phy.radio.transmitter,bandwidth,unit,Hz,
General-317-20260718-15:48:02-5193,param,Florasat_Individual_Sats.terminal[5].phy.radio.transmitter,codeRate,,,1
General-317-20260718-15:48:02-5193,param,Florasat_Individual_Sats.terminal[5].phy.radio.transmitter,modulation,,,"""LoRaModulation"""
General-317-20260718-15:48:02-5193,param,Florasat_Individual_Sats.terminal[5].phy.radio.receiver,typename,,,"""Global.Transceiver.LoRaReceiver"""
General-317-20260718-15:48:02-5193,param,Florasat_Individual_Sats.terminal[5].phy.radio.receiver,energyDetection,,,-90dBm
General-317-20260718-15:48:02-5193,attr,Florasat_Individual_Sats.terminal[5].phy.radio.receiver,energyDetection,unit,dBm,
General-317-20260718-15:48:02-5193,param,Florasat_Individual_Sats.terminal[5].phy.radio.receiver,sensitivity,,,-137dBm
General-317-20260718-15:48:02-5193,attr,Florasat_Individual_Sats.terminal[5].phy.radio.receiver,sensitivity,unit,dBm,
General-317-20260718-15:48:02-5193,param,Florasat_Individual_Sats.terminal[5].phy.radio.receiver,snirThreshold,,,-8dB
General-317-20260718-15:48:02-5193,attr,Florasat_Individual_Sats.terminal[5].phy.radio.receiver,snirThreshold,unit,dB,
General-317-20260718-15:48:02-5193,param,Florasat_Individual_Sats.terminal[5].phy.radio.receiver,centerFrequency,,,8.68e+08Hz
General-317-20260718-15:48:02-5193,attr,Florasat_Individual_Sats.terminal[5].phy.radio.receiver,centerFrequency,unit,Hz,
General-317-20260718-15:48:02-5193,param,Florasat_Individual_Sats.terminal[5].phy.radio.receiver,bandwidth,,,250000Hz
General-317-20260718-15:48:02-5193,attr,Florasat_Individual_Sats.terminal[5].phy.radio.receiver,bandwidth,unit,Hz,
General-317-20260718-15:48:02-5193,param,Florasat_Individual_Sats.terminal[5].phy.radio.receiver,alohaChannelModel,,,false
General-317-20260718-15:48:02-5193,param,Florasat_Individual_Sats.terminal[5].phy.radio.receiver,errorModelType,,,""""""
General-317-20260718-15:48:02-5193,param,Florasat_Individual_Sats.terminal[5].phy.radio.receiver,ignoreInterference,,,false
General-317-20260718-15:48:02-5193,param,Florasat_Individual_Sats.terminal[5].phy.radio.receiver,enableCollisionOverlap,,,false
General-317-20260718-15:48:02-5193,param,Florasat_Individual_Sats.terminal[5].phy.radio.receiver,minCollisionOverlap,,,0s
General-317-20260718-15:48:02-5193,attr,Florasat_Individual_Sats.terminal[5].phy.radio.receiver,minCollisionOverlap,unit,s,
General-317-20260718-15:48:02-5193,param,Florasat_Individual_Sats.terminal[5].phy.radio.IdealEpEnergyStorage,typename,,,"""inet.power.storage.IdealEpEnergyStorage"""
General-317-20260718-15:48:02-5193,param,Florasat_Individual_Sats.terminal[5].phy.radio,typename,,,"""Nodes._10_Terminal._10_Physical.Ter_Phy_LoRaRadio"""
General-317-20260718-15:48:02-5193,param,Florasat_Individual_Sats.terminal[5].phy.radio,radioMediumModule,,,"""radioMedium"""
General-317-20260718-15:48:02-5193,param,Florasat_Individual_Sats.terminal[5].phy.radio,energySourceModule,,,""""""
General-317-20260718-15:48:02-5193,param,Florasat_Individual_Sats.terminal[5].phy.radio,initialRadioMode,,,"""off"""
General-317-20260718-15:48:02-5193,attr,Florasat_Individual_Sats.terminal[5].phy.radio,initialRadioMode,enum,"off,sleep,receiver,transmitter,transceiver",
General-317-20260718-15:48:02-5193,param,Florasat_Individual_Sats.terminal[5].phy.radio,switchingTimes,,,"""ms 0 0 0 0 0 0 0 0 0 0 0 0 0 0 0 0 0 0 0 0 0 0 0 0 0"""
General-317-20260718-15:48:02-5193,param,Florasat_Individual_Sats.terminal[5].phy.radio,sendRawBytes,,,false
General-317-20260718-15:48:02-5193,param,Florasat_Individual_Sats.terminal[5].phy.radio,separateTransmissionParts,,,false
General-317-20260718-15:48:02-5193,param,Florasat_Individual_Sats.terminal[5].phy.radio,separateReceptionParts,,,false
General-317-20260718-15:48:02-5193,param,Florasat_Individual_Sats.terminal[5].phy.radio,displayCommunicationRange,,,false
General-317-20260718-15:48:02-5193,param,Florasat_Individual_Sats.terminal[5].phy.radio,displayInterferenceRange,,,false
General-317-20260718-15:48:02-5193,param,Florasat_Individual_Sats.terminal[5].phy.radio,centerFrequency,,,8.68e+08Hz
General-317-20260718-15:48:02-5193,attr,Florasat_Individual_Sats.terminal[5].phy.radio,centerFrequency,unit,Hz,
General-317-20260718-15:48:02-5193,param,Florasat_Individual_Sats.terminal[5].phy.radio,bandwidth,,,250000Hz
General-317-20260718-15:48:02-5193,attr,Florasat_Individual_Sats.terminal[5].phy.radio,bandwidth,unit,Hz,
General-317-20260718-15:48:02-5193,param,Florasat_Individual_Sats.terminal[5].phy.radio,iAmGateway,,,false
General-317-20260718-15:48:02-5193,param,Florasat_Individual_Sats.terminal[5].phy,typename,,,"""Nodes._10_Terminal._10_Physical.Ter_Phy"""
General-317-20260718-15:48:02-5193,param,Florasat_Individual_Sats.terminal[5].phy,layerName,,,"""Ter_Phy"""
General-317-20260718-15:48:02-5193,attr,Florasat_Individual_Sats.terminal[5].phy,layerName,optional,,
General-317-20260718-15:48:02-5193,param,Florasat_Individual_Sats.terminal[5].dlk.mac.queue,typename,,,"""inet.queueing.queue.DropTailQueue"""
General-317-20260718-15:48:02-5193,param,Florasat_Individual_Sats.terminal[5].dlk.mac.queue,displayStringTextFormat,,,"""contains %p pk (%l) pushed %u\npulled %o removed %r dropped %d"""
General-317-20260718-15:48:02-5193,param,Florasat_Individual_Sats.terminal[5].dlk.mac.queue,packetCapacity,,,-1
General-317-20260718-15:48:02-5193,param,Florasat_Individual_Sats.terminal[5].dlk.mac.queue,dataCapacity,,,-1b
General-317-20260718-15:48:02-5193,attr,Florasat_Individual_Sats.terminal[5].dlk.mac.queue,dataCapacity,unit,b,
General-317-20260718-15:48:02-5193,param,Florasat_Individual_Sats.terminal[5].dlk.mac.queue,dropperClass,,,"""inet::queueing::PacketAtCollectionEndDropper"""
General-317-20260718-15:48:02-5193,param,Florasat_Individual_Sats.terminal[5].dlk.mac.queue,comparatorClass,,,""""""
General-317-20260718-15:48:02-5193,param,Florasat_Individual_Sats.terminal[5].dlk.mac.queue,bufferModule,,,""""""
General-317-20260718-15:48:02-5193,param,Florasat_Individual_Sats.terminal[5].dlk.mac.mlBox,typename,,,"""Nodes._10_Terminal._20_Data_Link.Transmission_Predictor.Transmission_Predictor"""
General-317-20260718-15:48:02-5193,param,Florasat_Individual_Sats.terminal[5].dlk.mac.mlBox,modelPath,,,"""/home/ylnner/Documents/omnet++/omnetpp-6.3.0/projects/florasat_v4_ult_routing/simulations/Test_Individual/mlmodels/transformer_scripted.pt"""
General-317-20260718-15:48:02-5193,param,Florasat_Individual_Sats.terminal[5].dlk.mac.mlBox,threshold,,,0.2
General-317-20260718-15:48:02-5193,param,Florasat_Individual_Sats.terminal[5].dlk.mac.mlBox,scalerPath,,,""""""
General-317-20260718-15:48:02-5193,param,Florasat_Individual_Sats.terminal[5].dlk.mac,typename,,,"""Nodes._10_Terminal._20_Data_Link.Ter_Dlk_KiWan"""
General-317-20260718-15:48:02-5193,param,Florasat_Individual_Sats.terminal[5].dlk.mac,interfaceTableModule,,,""""""
General-317-20260718-15:48:02-5193,param,Florasat_Individual_Sats.terminal[5].dlk.mac,radioModule,,,"""^.^.phy.radio"""
General-317-20260718-15:48:02-5193,param,Florasat_Individual_Sats.terminal[5].dlk.mac,address,,,"""0A-AA-00-00-00-06"""
General-317-20260718-15:48:02-5193,attr,Florasat_Individual_Sats.terminal[5].dlk.mac,address,mutable,,
General-317-20260718-15:48:02-5193,param,Florasat_Individual_Sats.terminal[5].dlk.mac,mtu,,,1500
General-317-20260718-15:48:02-5193,param,Florasat_Individual_Sats.terminal[5].dlk.mac,ttwDuration,,,100s
General-317-20260718-15:48:02-5193,attr,Florasat_Individual_Sats.terminal[5].dlk.mac,ttwDuration,unit,s,
General-317-20260718-15:48:02-5193,param,Florasat_Individual_Sats.terminal[5].dlk.mac,ttwIdle,,,0s
General-317-20260718-15:48:02-5193,attr,Florasat_Individual_Sats.terminal[5].dlk.mac,ttwIdle,unit,s,
General-317-20260718-15:48:02-5193,param,Florasat_Individual_Sats.terminal[5].dlk.mac,ttxStart_min,,,0s
General-317-20260718-15:48:02-5193,attr,Florasat_Individual_Sats.terminal[5].dlk.mac,ttxStart_min,unit,s,
General-317-20260718-15:48:02-5193,param,Florasat_Individual_Sats.terminal[5].dlk.mac,ttxStart_max,,,1s
General-317-20260718-15:48:02-5193,attr,Florasat_Individual_Sats.terminal[5].dlk.mac,ttxStart_max,unit,s,
General-317-20260718-15:48:02-5193,param,Florasat_Individual_Sats.terminal[5].dlk.mac,ttxIdle_min,,,10s
General-317-20260718-15:48:02-5193,attr,Florasat_Individual_Sats.terminal[5].dlk.mac,ttxIdle_min,unit,s,
General-317-20260718-15:48:02-5193,param,Florasat_Individual_Sats.terminal[5].dlk.mac,ttxIdle_max,,,15s
General-317-20260718-15:48:02-5193,attr,Florasat_Individual_Sats.terminal[5].dlk.mac,ttxIdle_max,unit,s,
General-317-20260718-15:48:02-5193,param,Florasat_Individual_Sats.terminal[5].dlk.mac,Ntw,,,1
General-317-20260718-15:48:02-5193,param,Florasat_Individual_Sats.terminal[5].dlk.mac,Ntx,,,5
General-317-20260718-15:48:02-5193,param,Florasat_Individual_Sats.terminal[5].dlk.mac,enableSatDetect,,,false
General-317-20260718-15:48:02-5193,param,Florasat_Individual_Sats.terminal[5].dlk.mac,tsdStart_min,,,0s
General-317-20260718-15:48:02-5193,attr,Florasat_Individual_Sats.terminal[5].dlk.mac,tsdStart_min,unit,s,
General-317-20260718-15:48:02-5193,param,Florasat_Individual_Sats.terminal[5].dlk.mac,tsdStart_max,,,60s
General-317-20260718-15:48:02-5193,attr,Florasat_Individual_Sats.terminal[5].dlk.mac,tsdStart_max,unit,s,
General-317-20260718-15:48:02-5193,param,Florasat_Individual_Sats.terminal[5].dlk.mac,Ndetect,,,4
General-317-20260718-15:48:02-5193,param,Florasat_Individual_Sats.terminal[5].dlk.mac,NsdSync,,,2
General-317-20260718-15:48:02-5193,param,Florasat_Individual_Sats.terminal[5].dlk.mac,tsyncIdle,,,60s
General-317-20260718-15:48:02-5193,attr,Florasat_Individual_Sats.terminal[5].dlk.mac,tsyncIdle,unit,s,
General-317-20260718-15:48:02-5193,param,Florasat_Individual_Sats.terminal[5].dlk.mac,tsdIdle,,,240s
General-317-20260718-15:48:02-5193,attr,Florasat_Individual_Sats.terminal[5].dlk.mac,tsdIdle,unit,s,
General-317-20260718-15:48:02-5193,param,Florasat_Individual_Sats.terminal[5].dlk.mac,satelliteDetectionProbability,,,0.9
General-317-20260718-15:48:02-5193,param,Florasat_Individual_Sats.terminal[5].dlk.mac,minimumElevation,,,5
General-317-20260718-15:48:02-5193,param,Florasat_Individual_Sats.terminal[5].dlk.mac,detectInitialListen,,,0.33s
General-317-20260718-15:48:02-5193,attr,Florasat_Individual_Sats.terminal[5].dlk.mac,detectInitialListen,unit,s,
General-317-20260718-15:48:02-5193,param,Florasat_Individual_Sats.terminal[5].dlk.mac,detectSuccessExtraMin,,,0.075s
General-317-20260718-15:48:02-5193,attr,Florasat_Individual_Sats.terminal[5].dlk.mac,detectSuccessExtraMin,unit,s,
General-317-20260718-15:48:02-5193,param,Florasat_Individual_Sats.terminal[5].dlk.mac,detectSuccessExtraMax,,,1.67s
General-317-20260718-15:48:02-5193,attr,Florasat_Individual_Sats.terminal[5].dlk.mac,detectSuccessExtraMax,unit,s,
General-317-20260718-15:48:02-5193,param,Florasat_Individual_Sats.terminal[5].dlk.mac,detectMissExtra,,,1.67s
General-317-20260718-15:48:02-5193,attr,Florasat_Individual_Sats.terminal[5].dlk.mac,detectMissExtra,unit,s,
General-317-20260718-15:48:02-5193,param,Florasat_Individual_Sats.terminal[5].dlk.mac,LoRaSF,,,11
General-317-20260718-15:48:02-5193,param,Florasat_Individual_Sats.terminal[5].dlk.mac,LoRaTP,,,12
General-317-20260718-15:48:02-5193,param,Florasat_Individual_Sats.terminal[5].dlk.mac,LoRaCF,,,8.68e+08
General-317-20260718-15:48:02-5193,param,Florasat_Individual_Sats.terminal[5].dlk.mac,LoRaBW,,,125000
General-317-20260718-15:48:02-5193,param,Florasat_Individual_Sats.terminal[5].dlk.mac,LoRaCR,,,1
General-317-20260718-15:48:02-5193,param,Florasat_Individual_Sats.terminal[5].dlk.mac,useMLBox,,,true
General-317-20260718-15:48:02-5193,param,Florasat_Individual_Sats.terminal[5].dlk.mac,useMLBoxBiLSTM,,,false
General-317-20260718-15:48:02-5193,param,Florasat_Individual_Sats.terminal[5].dlk.mac,useAnalytical,,,false
General-317-20260718-15:48:02-5193,param,Florasat_Individual_Sats.terminal[5].dlk,typename,,,"""Nodes._10_Terminal._20_Data_Link.Ter_Dlk"""
General-317-20260718-15:48:02-5193,param,Florasat_Individual_Sats.terminal[5].net.routing,typename,,,"""Global.Base._30_Network.Ter_Null_Routing"""
General-317-20260718-15:48:02-5193,param,Florasat_Individual_Sats.terminal[5].net,typename,,,"""Nodes._10_Terminal._30_Network.Ter_Net"""
General-317-20260718-15:48:02-5193,param,Florasat_Individual_Sats.terminal[5].net,layerName,,,"""Ter_Net"""
General-317-20260718-15:48:02-5193,attr,Florasat_Individual_Sats.terminal[5].net,layerName,optional,,
General-317-20260718-15:48:02-5193,param,Florasat_Individual_Sats.terminal[5].net,routingType,,,"""Ter_Null_Routing"""
General-317-20260718-15:48:02-5193,param,Florasat_Individual_Sats.terminal[5].app,typename,,,"""Nodes._10_Terminal._40_Application.Ter_App"""
General-317-20260718-15:48:02-5193,param,Florasat_Individual_Sats.terminal[5].app,layerName,,,"""TerminalApplicationLayer"""
General-317-20260718-15:48:02-5193,attr,Florasat_Individual_Sats.terminal[5].app,layerName,optional,,
General-317-20260718-15:48:02-5193,param,Florasat_Individual_Sats.terminal[5].app,numberOfPacketsToSend,,,0
General-317-20260718-15:48:02-5193,param,Florasat_Individual_Sats.terminal[5].app,timeToFirstPacket,,,1s
General-317-20260718-15:48:02-5193,attr,Florasat_Individual_Sats.terminal[5].app,timeToFirstPacket,unit,s,
General-317-20260718-15:48:02-5193,param,Florasat_Individual_Sats.terminal[5].app,timeToNextPacket,,,115s
General-317-20260718-15:48:02-5193,attr,Florasat_Individual_Sats.terminal[5].app,timeToNextPacket,unit,s,
General-317-20260718-15:48:02-5193,param,Florasat_Individual_Sats.terminal[5].app,timeToResponse,,,30s
General-317-20260718-15:48:02-5193,attr,Florasat_Individual_Sats.terminal[5].app,timeToResponse,unit,s,
General-317-20260718-15:48:02-5193,param,Florasat_Individual_Sats.terminal[5].app,timeToRetry,,,10s
General-317-20260718-15:48:02-5193,attr,Florasat_Individual_Sats.terminal[5].app,timeToRetry,unit,s,
General-317-20260718-15:48:02-5193,param,Florasat_Individual_Sats.terminal[5].app,ackTimeout,,,7s
General-317-20260718-15:48:02-5193,attr,Florasat_Individual_Sats.terminal[5].app,ackTimeout,unit,s,
General-317-20260718-15:48:02-5193,param,Florasat_Individual_Sats.terminal[5].app,timer,,,1s
General-317-20260718-15:48:02-5193,attr,Florasat_Individual_Sats.terminal[5].app,timer,unit,s,
General-317-20260718-15:48:02-5193,param,Florasat_Individual_Sats.terminal[5].app,initialLoRaTP,,,14dBm
General-317-20260718-15:48:02-5193,attr,Florasat_Individual_Sats.terminal[5].app,initialLoRaTP,unit,dBm,
General-317-20260718-15:48:02-5193,param,Florasat_Individual_Sats.terminal[5].app,initialLoRaCF,,,8.68e+08Hz
General-317-20260718-15:48:02-5193,attr,Florasat_Individual_Sats.terminal[5].app,initialLoRaCF,unit,Hz,
General-317-20260718-15:48:02-5193,param,Florasat_Individual_Sats.terminal[5].app,initialLoRaSF,,,12
General-317-20260718-15:48:02-5193,param,Florasat_Individual_Sats.terminal[5].app,initialLoRaBW,,,125000Hz
General-317-20260718-15:48:02-5193,attr,Florasat_Individual_Sats.terminal[5].app,initialLoRaBW,unit,Hz,
General-317-20260718-15:48:02-5193,param,Florasat_Individual_Sats.terminal[5].app,initialLoRaCR,,,4
General-317-20260718-15:48:02-5193,param,Florasat_Individual_Sats.terminal[5].app,initialUseHeader,,,true
General-317-20260718-15:48:02-5193,param,Florasat_Individual_Sats.terminal[5].app,initialPingSlot,,,1
General-317-20260718-15:48:02-5193,param,Florasat_Individual_Sats.terminal[5].app,InitClassA,,,true
General-317-20260718-15:48:02-5193,param,Florasat_Individual_Sats.terminal[5].app,InitClassB,,,false
General-317-20260718-15:48:02-5193,param,Florasat_Individual_Sats.terminal[5].app,evaluateADRinNode,,,false
General-317-20260718-15:48:02-5193,param,Florasat_Individual_Sats.terminal[5].app,payloadSize,,,10B
General-317-20260718-15:48:02-5193,attr,Florasat_Individual_Sats.terminal[5].app,payloadSize,unit,B,
General-317-20260718-15:48:02-5193,param,Florasat_Individual_Sats.terminal[5].app,usingAck,,,true
General-317-20260718-15:48:02-5193,param,Florasat_Individual_Sats.terminal[5].app,numGroundLinks,,,40
General-317-20260718-15:48:02-5193,param,Florasat_Individual_Sats.terminal[5].app,maxHops,,,50
General-317-20260718-15:48:02-5193,param,Florasat_Individual_Sats.terminal[5].app,nroMaxAttempts,,,0
General-317-20260718-15:48:02-5193,param,Florasat_Individual_Sats.terminal[5].eng,typename,,,"""Nodes._10_Terminal._50_Energy.Ter_Ene"""
General-317-20260718-15:48:02-5193,param,Florasat_Individual_Sats.terminal[5].mob,typename,,,"""Nodes._10_Terminal._60_Mobility.Ter_Mob"""
General-317-20260718-15:48:02-5193,param,Florasat_Individual_Sats.terminal[5].mob,subjectModule,,,"""^"""
General-317-20260718-15:48:02-5193,param,Florasat_Individual_Sats.terminal[5].mob,coordinateSystemModule,,,""""""
General-317-20260718-15:48:02-5193,param,Florasat_Individual_Sats.terminal[5].mob,displayStringTextFormat,,,"""p: %p\nv: %v"""
General-317-20260718-15:48:02-5193,attr,Florasat_Individual_Sats.terminal[5].mob,displayStringTextFormat,mutable,,
General-317-20260718-15:48:02-5193,param,Florasat_Individual_Sats.terminal[5].mob,updateDisplayString,,,true
General-317-20260718-15:48:02-5193,param,Florasat_Individual_Sats.terminal[5].mob,constraintAreaMinX,,,-inf m
General-317-20260718-15:48:02-5193,attr,Florasat_Individual_Sats.terminal[5].mob,constraintAreaMinX,unit,m,
General-317-20260718-15:48:02-5193,param,Florasat_Individual_Sats.terminal[5].mob,constraintAreaMinY,,,-inf m
General-317-20260718-15:48:02-5193,attr,Florasat_Individual_Sats.terminal[5].mob,constraintAreaMinY,unit,m,
General-317-20260718-15:48:02-5193,param,Florasat_Individual_Sats.terminal[5].mob,constraintAreaMinZ,,,-inf m
General-317-20260718-15:48:02-5193,attr,Florasat_Individual_Sats.terminal[5].mob,constraintAreaMinZ,unit,m,
General-317-20260718-15:48:02-5193,param,Florasat_Individual_Sats.terminal[5].mob,constraintAreaMaxX,,,inf m
General-317-20260718-15:48:02-5193,attr,Florasat_Individual_Sats.terminal[5].mob,constraintAreaMaxX,unit,m,
General-317-20260718-15:48:02-5193,param,Florasat_Individual_Sats.terminal[5].mob,constraintAreaMaxY,,,inf m
General-317-20260718-15:48:02-5193,attr,Florasat_Individual_Sats.terminal[5].mob,constraintAreaMaxY,unit,m,
General-317-20260718-15:48:02-5193,param,Florasat_Individual_Sats.terminal[5].mob,constraintAreaMaxZ,,,inf m
General-317-20260718-15:48:02-5193,attr,Florasat_Individual_Sats.terminal[5].mob,constraintAreaMaxZ,unit,m,
General-317-20260718-15:48:02-5193,param,Florasat_Individual_Sats.terminal[5].mob,initialX,,,nan m
General-317-20260718-15:48:02-5193,attr,Florasat_Individual_Sats.terminal[5].mob,initialX,unit,m,
General-317-20260718-15:48:02-5193,param,Florasat_Individual_Sats.terminal[5].mob,initialY,,,nan m
General-317-20260718-15:48:02-5193,attr,Florasat_Individual_Sats.terminal[5].mob,initialY,unit,m,
General-317-20260718-15:48:02-5193,param,Florasat_Individual_Sats.terminal[5].mob,initialZ,,,0m
General-317-20260718-15:48:02-5193,attr,Florasat_Individual_Sats.terminal[5].mob,initialZ,unit,m,
General-317-20260718-15:48:02-5193,param,Florasat_Individual_Sats.terminal[5].mob,initialLatitude,,,nan deg
General-317-20260718-15:48:02-5193,attr,Florasat_Individual_Sats.terminal[5].mob,initialLatitude,unit,deg,
General-317-20260718-15:48:02-5193,param,Florasat_Individual_Sats.terminal[5].mob,initialLongitude,,,nan deg
General-317-20260718-15:48:02-5193,attr,Florasat_Individual_Sats.terminal[5].mob,initialLongitude,unit,deg,
General-317-20260718-15:48:02-5193,param,Florasat_Individual_Sats.terminal[5].mob,initialAltitude,,,0m
General-317-20260718-15:48:02-5193,attr,Florasat_Individual_Sats.terminal[5].mob,initialAltitude,unit,m,
General-317-20260718-15:48:02-5193,param,Florasat_Individual_Sats.terminal[5].mob,initialHeading,,,0deg
General-317-20260718-15:48:02-5193,attr,Florasat_Individual_Sats.terminal[5].mob,initialHeading,unit,deg,
General-317-20260718-15:48:02-5193,param,Florasat_Individual_Sats.terminal[5].mob,initialElevation,,,0deg
General-317-20260718-15:48:02-5193,attr,Florasat_Individual_Sats.terminal[5].mob,initialElevation,unit,deg,
General-317-20260718-15:48:02-5193,param,Florasat_Individual_Sats.terminal[5].mob,initialBank,,,0deg
General-317-20260718-15:48:02-5193,attr,Florasat_Individual_Sats.terminal[5].mob,initialBank,unit,deg,
General-317-20260718-15:48:02-5193,param,Florasat_Individual_Sats.terminal[5].mob,initFromDisplayString,,,false
General-317-20260718-15:48:02-5193,param,Florasat_Individual_Sats.terminal[5].mob,updateFromDisplayString,,,false
General-317-20260718-15:48:02-5193,param,Florasat_Individual_Sats.terminal[5].mob,centerLatitude,,,49.443
General-317-20260718-15:48:02-5193,param,Florasat_Individual_Sats.terminal[5].mob,centerLongitude,,,1.099
General-317-20260718-15:48:02-5193,param,Florasat_Individual_Sats.terminal[5].mob,deploymentRadius,,,200
General-317-20260718-15:48:02-5193,param,Florasat_Individual_Sats.terminal[5],typename,,,"""Nodes._10_Terminal.Terminal"""
General-317-20260718-15:48:02-5193,param,Florasat_Individual_Sats.terminal[5],layerName,,,"""Terminal"""
General-317-20260718-15:48:02-5193,attr,Florasat_Individual_Sats.terminal[5],layerName,optional,,
General-317-20260718-15:48:02-5193,param,Florasat_Individual_Sats.terminal[5],sendData,,,true
General-317-20260718-15:48:02-5193,attr,Florasat_Individual_Sats.terminal[5],sendData,mutable,,
General-317-20260718-15:48:02-5193,param,Florasat_Individual_Sats.terminal[5],dstGsOrDev,,,0
General-317-20260718-15:48:02-5193,param,Florasat_Individual_Sats.terminal[6].phy.radio.antenna,typename,,,"""inet.physicallayer.wireless.common.antenna.IsotropicAntenna"""
General-317-20260718-15:48:02-5193,param,Florasat_Individual_Sats.terminal[6].phy.radio.antenna,mobilityModule,,,"""^.^.^.mob"""
General-317-20260718-15:48:02-5193,param,Florasat_Individual_Sats.terminal[6].phy.radio.antenna,numAntennas,,,1
General-317-20260718-15:48:02-5193,param,Florasat_Individual_Sats.terminal[6].phy.radio.transmitter,typename,,,"""Global.Transceiver.LoRaTransmitter"""
General-317-20260718-15:48:02-5193,param,Florasat_Individual_Sats.terminal[6].phy.radio.transmitter,preambleDuration,,,0.001s
General-317-20260718-15:48:02-5193,attr,Florasat_Individual_Sats.terminal[6].phy.radio.transmitter,preambleDuration,unit,s,
General-317-20260718-15:48:02-5193,param,Florasat_Individual_Sats.terminal[6].phy.radio.transmitter,headerLength,,,40b
General-317-20260718-15:48:02-5193,attr,Florasat_Individual_Sats.terminal[6].phy.radio.transmitter,headerLength,unit,b,
General-317-20260718-15:48:02-5193,param,Florasat_Individual_Sats.terminal[6].phy.radio.transmitter,bitrate,,,250000bps
General-317-20260718-15:48:02-5193,attr,Florasat_Individual_Sats.terminal[6].phy.radio.transmitter,bitrate,unit,bps,
General-317-20260718-15:48:02-5193,param,Florasat_Individual_Sats.terminal[6].phy.radio.transmitter,power,,,0.025118W
General-317-20260718-15:48:02-5193,attr,Florasat_Individual_Sats.terminal[6].phy.radio.transmitter,power,unit,W,
General-317-20260718-15:48:02-5193,param,Florasat_Individual_Sats.terminal[6].phy.radio.transmitter,centerFrequency,,,8.68e+08Hz
General-317-20260718-15:48:02-5193,attr,Florasat_Individual_Sats.terminal[6].phy.radio.transmitter,centerFrequency,unit,Hz,
General-317-20260718-15:48:02-5193,param,Florasat_Individual_Sats.terminal[6].phy.radio.transmitter,bandwidth,,,250000Hz
General-317-20260718-15:48:02-5193,attr,Florasat_Individual_Sats.terminal[6].phy.radio.transmitter,bandwidth,unit,Hz,
General-317-20260718-15:48:02-5193,param,Florasat_Individual_Sats.terminal[6].phy.radio.transmitter,codeRate,,,1
General-317-20260718-15:48:02-5193,param,Florasat_Individual_Sats.terminal[6].phy.radio.transmitter,modulation,,,"""LoRaModulation"""
General-317-20260718-15:48:02-5193,param,Florasat_Individual_Sats.terminal[6].phy.radio.receiver,typename,,,"""Global.Transceiver.LoRaReceiver"""
General-317-20260718-15:48:02-5193,param,Florasat_Individual_Sats.terminal[6].phy.radio.receiver,energyDetection,,,-90dBm
General-317-20260718-15:48:02-5193,attr,Florasat_Individual_Sats.terminal[6].phy.radio.receiver,energyDetection,unit,dBm,
General-317-20260718-15:48:02-5193,param,Florasat_Individual_Sats.terminal[6].phy.radio.receiver,sensitivity,,,-137dBm
General-317-20260718-15:48:02-5193,attr,Florasat_Individual_Sats.terminal[6].phy.radio.receiver,sensitivity,unit,dBm,
General-317-20260718-15:48:02-5193,param,Florasat_Individual_Sats.terminal[6].phy.radio.receiver,snirThreshold,,,-8dB
General-317-20260718-15:48:02-5193,attr,Florasat_Individual_Sats.terminal[6].phy.radio.receiver,snirThreshold,unit,dB,
General-317-20260718-15:48:02-5193,param,Florasat_Individual_Sats.terminal[6].phy.radio.receiver,centerFrequency,,,8.68e+08Hz
General-317-20260718-15:48:02-5193,attr,Florasat_Individual_Sats.terminal[6].phy.radio.receiver,centerFrequency,unit,Hz,
General-317-20260718-15:48:02-5193,param,Florasat_Individual_Sats.terminal[6].phy.radio.receiver,bandwidth,,,250000Hz
General-317-20260718-15:48:02-5193,attr,Florasat_Individual_Sats.terminal[6].phy.radio.receiver,bandwidth,unit,Hz,
General-317-20260718-15:48:02-5193,param,Florasat_Individual_Sats.terminal[6].phy.radio.receiver,alohaChannelModel,,,false
General-317-20260718-15:48:02-5193,param,Florasat_Individual_Sats.terminal[6].phy.radio.receiver,errorModelType,,,""""""
General-317-20260718-15:48:02-5193,param,Florasat_Individual_Sats.terminal[6].phy.radio.receiver,ignoreInterference,,,false
General-317-20260718-15:48:02-5193,param,Florasat_Individual_Sats.terminal[6].phy.radio.receiver,enableCollisionOverlap,,,false
General-317-20260718-15:48:02-5193,param,Florasat_Individual_Sats.terminal[6].phy.radio.receiver,minCollisionOverlap,,,0s
General-317-20260718-15:48:02-5193,attr,Florasat_Individual_Sats.terminal[6].phy.radio.receiver,minCollisionOverlap,unit,s,
General-317-20260718-15:48:02-5193,param,Florasat_Individual_Sats.terminal[6].phy.radio.IdealEpEnergyStorage,typename,,,"""inet.power.storage.IdealEpEnergyStorage"""
General-317-20260718-15:48:02-5193,param,Florasat_Individual_Sats.terminal[6].phy.radio,typename,,,"""Nodes._10_Terminal._10_Physical.Ter_Phy_LoRaRadio"""
General-317-20260718-15:48:02-5193,param,Florasat_Individual_Sats.terminal[6].phy.radio,radioMediumModule,,,"""radioMedium"""
General-317-20260718-15:48:02-5193,param,Florasat_Individual_Sats.terminal[6].phy.radio,energySourceModule,,,""""""
General-317-20260718-15:48:02-5193,param,Florasat_Individual_Sats.terminal[6].phy.radio,initialRadioMode,,,"""off"""
General-317-20260718-15:48:02-5193,attr,Florasat_Individual_Sats.terminal[6].phy.radio,initialRadioMode,enum,"off,sleep,receiver,transmitter,transceiver",
General-317-20260718-15:48:02-5193,param,Florasat_Individual_Sats.terminal[6].phy.radio,switchingTimes,,,"""ms 0 0 0 0 0 0 0 0 0 0 0 0 0 0 0 0 0 0 0 0 0 0 0 0 0"""
General-317-20260718-15:48:02-5193,param,Florasat_Individual_Sats.terminal[6].phy.radio,sendRawBytes,,,false
General-317-20260718-15:48:02-5193,param,Florasat_Individual_Sats.terminal[6].phy.radio,separateTransmissionParts,,,false
General-317-20260718-15:48:02-5193,param,Florasat_Individual_Sats.terminal[6].phy.radio,separateReceptionParts,,,false
General-317-20260718-15:48:02-5193,param,Florasat_Individual_Sats.terminal[6].phy.radio,displayCommunicationRange,,,false
General-317-20260718-15:48:02-5193,param,Florasat_Individual_Sats.terminal[6].phy.radio,displayInterferenceRange,,,false
General-317-20260718-15:48:02-5193,param,Florasat_Individual_Sats.terminal[6].phy.radio,centerFrequency,,,8.68e+08Hz
General-317-20260718-15:48:02-5193,attr,Florasat_Individual_Sats.terminal[6].phy.radio,centerFrequency,unit,Hz,
General-317-20260718-15:48:02-5193,param,Florasat_Individual_Sats.terminal[6].phy.radio,bandwidth,,,250000Hz
General-317-20260718-15:48:02-5193,attr,Florasat_Individual_Sats.terminal[6].phy.radio,bandwidth,unit,Hz,
General-317-20260718-15:48:02-5193,param,Florasat_Individual_Sats.terminal[6].phy.radio,iAmGateway,,,false
General-317-20260718-15:48:02-5193,param,Florasat_Individual_Sats.terminal[6].phy,typename,,,"""Nodes._10_Terminal._10_Physical.Ter_Phy"""
General-317-20260718-15:48:02-5193,param,Florasat_Individual_Sats.terminal[6].phy,layerName,,,"""Ter_Phy"""
General-317-20260718-15:48:02-5193,attr,Florasat_Individual_Sats.terminal[6].phy,layerName,optional,,
General-317-20260718-15:48:02-5193,param,Florasat_Individual_Sats.terminal[6].dlk.mac.queue,typename,,,"""inet.queueing.queue.DropTailQueue"""
General-317-20260718-15:48:02-5193,param,Florasat_Individual_Sats.terminal[6].dlk.mac.queue,displayStringTextFormat,,,"""contains %p pk (%l) pushed %u\npulled %o removed %r dropped %d"""
General-317-20260718-15:48:02-5193,param,Florasat_Individual_Sats.terminal[6].dlk.mac.queue,packetCapacity,,,-1
General-317-20260718-15:48:02-5193,param,Florasat_Individual_Sats.terminal[6].dlk.mac.queue,dataCapacity,,,-1b
General-317-20260718-15:48:02-5193,attr,Florasat_Individual_Sats.terminal[6].dlk.mac.queue,dataCapacity,unit,b,
General-317-20260718-15:48:02-5193,param,Florasat_Individual_Sats.terminal[6].dlk.mac.queue,dropperClass,,,"""inet::queueing::PacketAtCollectionEndDropper"""
General-317-20260718-15:48:02-5193,param,Florasat_Individual_Sats.terminal[6].dlk.mac.queue,comparatorClass,,,""""""
General-317-20260718-15:48:02-5193,param,Florasat_Individual_Sats.terminal[6].dlk.mac.queue,bufferModule,,,""""""
General-317-20260718-15:48:02-5193,param,Florasat_Individual_Sats.terminal[6].dlk.mac.mlBox,typename,,,"""Nodes._10_Terminal._20_Data_Link.Transmission_Predictor.Transmission_Predictor"""
General-317-20260718-15:48:02-5193,param,Florasat_Individual_Sats.terminal[6].dlk.mac.mlBox,modelPath,,,"""/home/ylnner/Documents/omnet++/omnetpp-6.3.0/projects/florasat_v4_ult_routing/simulations/Test_Individual/mlmodels/transformer_scripted.pt"""
General-317-20260718-15:48:02-5193,param,Florasat_Individual_Sats.terminal[6].dlk.mac.mlBox,threshold,,,0.2
General-317-20260718-15:48:02-5193,param,Florasat_Individual_Sats.terminal[6].dlk.mac.mlBox,scalerPath,,,""""""
General-317-20260718-15:48:02-5193,param,Florasat_Individual_Sats.terminal[6].dlk.mac,typename,,,"""Nodes._10_Terminal._20_Data_Link.Ter_Dlk_KiWan"""
General-317-20260718-15:48:02-5193,param,Florasat_Individual_Sats.terminal[6].dlk.mac,interfaceTableModule,,,""""""
General-317-20260718-15:48:02-5193,param,Florasat_Individual_Sats.terminal[6].dlk.mac,radioModule,,,"""^.^.phy.radio"""
General-317-20260718-15:48:02-5193,param,Florasat_Individual_Sats.terminal[6].dlk.mac,address,,,"""0A-AA-00-00-00-07"""
General-317-20260718-15:48:02-5193,attr,Florasat_Individual_Sats.terminal[6].dlk.mac,address,mutable,,
General-317-20260718-15:48:02-5193,param,Florasat_Individual_Sats.terminal[6].dlk.mac,mtu,,,1500
General-317-20260718-15:48:02-5193,param,Florasat_Individual_Sats.terminal[6].dlk.mac,ttwDuration,,,100s
General-317-20260718-15:48:02-5193,attr,Florasat_Individual_Sats.terminal[6].dlk.mac,ttwDuration,unit,s,
General-317-20260718-15:48:02-5193,param,Florasat_Individual_Sats.terminal[6].dlk.mac,ttwIdle,,,0s
General-317-20260718-15:48:02-5193,attr,Florasat_Individual_Sats.terminal[6].dlk.mac,ttwIdle,unit,s,
General-317-20260718-15:48:02-5193,param,Florasat_Individual_Sats.terminal[6].dlk.mac,ttxStart_min,,,0s
General-317-20260718-15:48:02-5193,attr,Florasat_Individual_Sats.terminal[6].dlk.mac,ttxStart_min,unit,s,
General-317-20260718-15:48:02-5193,param,Florasat_Individual_Sats.terminal[6].dlk.mac,ttxStart_max,,,1s
General-317-20260718-15:48:02-5193,attr,Florasat_Individual_Sats.terminal[6].dlk.mac,ttxStart_max,unit,s,
General-317-20260718-15:48:02-5193,param,Florasat_Individual_Sats.terminal[6].dlk.mac,ttxIdle_min,,,10s
General-317-20260718-15:48:02-5193,attr,Florasat_Individual_Sats.terminal[6].dlk.mac,ttxIdle_min,unit,s,
General-317-20260718-15:48:02-5193,param,Florasat_Individual_Sats.terminal[6].dlk.mac,ttxIdle_max,,,15s
General-317-20260718-15:48:02-5193,attr,Florasat_Individual_Sats.terminal[6].dlk.mac,ttxIdle_max,unit,s,
General-317-20260718-15:48:02-5193,param,Florasat_Individual_Sats.terminal[6].dlk.mac,Ntw,,,1
General-317-20260718-15:48:02-5193,param,Florasat_Individual_Sats.terminal[6].dlk.mac,Ntx,,,5
General-317-20260718-15:48:02-5193,param,Florasat_Individual_Sats.terminal[6].dlk.mac,enableSatDetect,,,false
General-317-20260718-15:48:02-5193,param,Florasat_Individual_Sats.terminal[6].dlk.mac,tsdStart_min,,,0s
General-317-20260718-15:48:02-5193,attr,Florasat_Individual_Sats.terminal[6].dlk.mac,tsdStart_min,unit,s,
General-317-20260718-15:48:02-5193,param,Florasat_Individual_Sats.terminal[6].dlk.mac,tsdStart_max,,,60s
General-317-20260718-15:48:02-5193,attr,Florasat_Individual_Sats.terminal[6].dlk.mac,tsdStart_max,unit,s,
General-317-20260718-15:48:02-5193,param,Florasat_Individual_Sats.terminal[6].dlk.mac,Ndetect,,,4
General-317-20260718-15:48:02-5193,param,Florasat_Individual_Sats.terminal[6].dlk.mac,NsdSync,,,2
General-317-20260718-15:48:02-5193,param,Florasat_Individual_Sats.terminal[6].dlk.mac,tsyncIdle,,,60s
General-317-20260718-15:48:02-5193,attr,Florasat_Individual_Sats.terminal[6].dlk.mac,tsyncIdle,unit,s,
General-317-20260718-15:48:02-5193,param,Florasat_Individual_Sats.terminal[6].dlk.mac,tsdIdle,,,240s
General-317-20260718-15:48:02-5193,attr,Florasat_Individual_Sats.terminal[6].dlk.mac,tsdIdle,unit,s,
General-317-20260718-15:48:02-5193,param,Florasat_Individual_Sats.terminal[6].dlk.mac,satelliteDetectionProbability,,,0.9
General-317-20260718-15:48:02-5193,param,Florasat_Individual_Sats.terminal[6].dlk.mac,minimumElevation,,,5
General-317-20260718-15:48:02-5193,param,Florasat_Individual_Sats.terminal[6].dlk.mac,detectInitialListen,,,0.33s
General-317-20260718-15:48:02-5193,attr,Florasat_Individual_Sats.terminal[6].dlk.mac,detectInitialListen,unit,s,
General-317-20260718-15:48:02-5193,param,Florasat_Individual_Sats.terminal[6].dlk.mac,detectSuccessExtraMin,,,0.075s
General-317-20260718-15:48:02-5193,attr,Florasat_Individual_Sats.terminal[6].dlk.mac,detectSuccessExtraMin,unit,s,
General-317-20260718-15:48:02-5193,param,Florasat_Individual_Sats.terminal[6].dlk.mac,detectSuccessExtraMax,,,1.67s
General-317-20260718-15:48:02-5193,attr,Florasat_Individual_Sats.terminal[6].dlk.mac,detectSuccessExtraMax,unit,s,
General-317-20260718-15:48:02-5193,param,Florasat_Individual_Sats.terminal[6].dlk.mac,detectMissExtra,,,1.67s
General-317-20260718-15:48:02-5193,attr,Florasat_Individual_Sats.terminal[6].dlk.mac,detectMissExtra,unit,s,
General-317-20260718-15:48:02-5193,param,Florasat_Individual_Sats.terminal[6].dlk.mac,LoRaSF,,,11
General-317-20260718-15:48:02-5193,param,Florasat_Individual_Sats.terminal[6].dlk.mac,LoRaTP,,,13
General-317-20260718-15:48:02-5193,param,Florasat_Individual_Sats.terminal[6].dlk.mac,LoRaCF,,,8.68e+08
General-317-20260718-15:48:02-5193,param,Florasat_Individual_Sats.terminal[6].dlk.mac,LoRaBW,,,125000
General-317-20260718-15:48:02-5193,param,Florasat_Individual_Sats.terminal[6].dlk.mac,LoRaCR,,,1
General-317-20260718-15:48:02-5193,param,Florasat_Individual_Sats.terminal[6].dlk.mac,useMLBox,,,true
General-317-20260718-15:48:02-5193,param,Florasat_Individual_Sats.terminal[6].dlk.mac,useMLBoxBiLSTM,,,false
General-317-20260718-15:48:02-5193,param,Florasat_Individual_Sats.terminal[6].dlk.mac,useAnalytical,,,false
General-317-20260718-15:48:02-5193,param,Florasat_Individual_Sats.terminal[6].dlk,typename,,,"""Nodes._10_Terminal._20_Data_Link.Ter_Dlk"""
General-317-20260718-15:48:02-5193,param,Florasat_Individual_Sats.terminal[6].net.routing,typename,,,"""Global.Base._30_Network.Ter_Null_Routing"""
General-317-20260718-15:48:02-5193,param,Florasat_Individual_Sats.terminal[6].net,typename,,,"""Nodes._10_Terminal._30_Network.Ter_Net"""
General-317-20260718-15:48:02-5193,param,Florasat_Individual_Sats.terminal[6].net,layerName,,,"""Ter_Net"""
General-317-20260718-15:48:02-5193,attr,Florasat_Individual_Sats.terminal[6].net,layerName,optional,,
General-317-20260718-15:48:02-5193,param,Florasat_Individual_Sats.terminal[6].net,routingType,,,"""Ter_Null_Routing"""
General-317-20260718-15:48:02-5193,param,Florasat_Individual_Sats.terminal[6].app,typename,,,"""Nodes._10_Terminal._40_Application.Ter_App"""
General-317-20260718-15:48:02-5193,param,Florasat_Individual_Sats.terminal[6].app,layerName,,,"""TerminalApplicationLayer"""
General-317-20260718-15:48:02-5193,attr,Florasat_Individual_Sats.terminal[6].app,layerName,optional,,
General-317-20260718-15:48:02-5193,param,Florasat_Individual_Sats.terminal[6].app,numberOfPacketsToSend,,,0
General-317-20260718-15:48:02-5193,param,Florasat_Individual_Sats.terminal[6].app,timeToFirstPacket,,,1s
General-317-20260718-15:48:02-5193,attr,Florasat_Individual_Sats.terminal[6].app,timeToFirstPacket,unit,s,
General-317-20260718-15:48:02-5193,param,Florasat_Individual_Sats.terminal[6].app,timeToNextPacket,,,115s
General-317-20260718-15:48:02-5193,attr,Florasat_Individual_Sats.terminal[6].app,timeToNextPacket,unit,s,
General-317-20260718-15:48:02-5193,param,Florasat_Individual_Sats.terminal[6].app,timeToResponse,,,30s
General-317-20260718-15:48:02-5193,attr,Florasat_Individual_Sats.terminal[6].app,timeToResponse,unit,s,
General-317-20260718-15:48:02-5193,param,Florasat_Individual_Sats.terminal[6].app,timeToRetry,,,10s
General-317-20260718-15:48:02-5193,attr,Florasat_Individual_Sats.terminal[6].app,timeToRetry,unit,s,
General-317-20260718-15:48:02-5193,param,Florasat_Individual_Sats.terminal[6].app,ackTimeout,,,7s
General-317-20260718-15:48:02-5193,attr,Florasat_Individual_Sats.terminal[6].app,ackTimeout,unit,s,
General-317-20260718-15:48:02-5193,param,Florasat_Individual_Sats.terminal[6].app,timer,,,1s
General-317-20260718-15:48:02-5193,attr,Florasat_Individual_Sats.terminal[6].app,timer,unit,s,
General-317-20260718-15:48:02-5193,param,Florasat_Individual_Sats.terminal[6].app,initialLoRaTP,,,14dBm
General-317-20260718-15:48:02-5193,attr,Florasat_Individual_Sats.terminal[6].app,initialLoRaTP,unit,dBm,
General-317-20260718-15:48:02-5193,param,Florasat_Individual_Sats.terminal[6].app,initialLoRaCF,,,8.68e+08Hz
General-317-20260718-15:48:02-5193,attr,Florasat_Individual_Sats.terminal[6].app,initialLoRaCF,unit,Hz,
General-317-20260718-15:48:02-5193,param,Florasat_Individual_Sats.terminal[6].app,initialLoRaSF,,,12
General-317-20260718-15:48:02-5193,param,Florasat_Individual_Sats.terminal[6].app,initialLoRaBW,,,125000Hz
General-317-20260718-15:48:02-5193,attr,Florasat_Individual_Sats.terminal[6].app,initialLoRaBW,unit,Hz,
General-317-20260718-15:48:02-5193,param,Florasat_Individual_Sats.terminal[6].app,initialLoRaCR,,,4
General-317-20260718-15:48:02-5193,param,Florasat_Individual_Sats.terminal[6].app,initialUseHeader,,,true
General-317-20260718-15:48:02-5193,param,Florasat_Individual_Sats.terminal[6].app,initialPingSlot,,,1
General-317-20260718-15:48:02-5193,param,Florasat_Individual_Sats.terminal[6].app,InitClassA,,,true
General-317-20260718-15:48:02-5193,param,Florasat_Individual_Sats.terminal[6].app,InitClassB,,,false
General-317-20260718-15:48:02-5193,param,Florasat_Individual_Sats.terminal[6].app,evaluateADRinNode,,,false
General-317-20260718-15:48:02-5193,param,Florasat_Individual_Sats.terminal[6].app,payloadSize,,,10B
General-317-20260718-15:48:02-5193,attr,Florasat_Individual_Sats.terminal[6].app,payloadSize,unit,B,
General-317-20260718-15:48:02-5193,param,Florasat_Individual_Sats.terminal[6].app,usingAck,,,true
General-317-20260718-15:48:02-5193,param,Florasat_Individual_Sats.terminal[6].app,numGroundLinks,,,40
General-317-20260718-15:48:02-5193,param,Florasat_Individual_Sats.terminal[6].app,maxHops,,,50
General-317-20260718-15:48:02-5193,param,Florasat_Individual_Sats.terminal[6].app,nroMaxAttempts,,,0
General-317-20260718-15:48:02-5193,param,Florasat_Individual_Sats.terminal[6].eng,typename,,,"""Nodes._10_Terminal._50_Energy.Ter_Ene"""
General-317-20260718-15:48:02-5193,param,Florasat_Individual_Sats.terminal[6].mob,typename,,,"""Nodes._10_Terminal._60_Mobility.Ter_Mob"""
General-317-20260718-15:48:02-5193,param,Florasat_Individual_Sats.terminal[6].mob,subjectModule,,,"""^"""
General-317-20260718-15:48:02-5193,param,Florasat_Individual_Sats.terminal[6].mob,coordinateSystemModule,,,""""""
General-317-20260718-15:48:02-5193,param,Florasat_Individual_Sats.terminal[6].mob,displayStringTextFormat,,,"""p: %p\nv: %v"""
General-317-20260718-15:48:02-5193,attr,Florasat_Individual_Sats.terminal[6].mob,displayStringTextFormat,mutable,,
General-317-20260718-15:48:02-5193,param,Florasat_Individual_Sats.terminal[6].mob,updateDisplayString,,,true
General-317-20260718-15:48:02-5193,param,Florasat_Individual_Sats.terminal[6].mob,constraintAreaMinX,,,-inf m
General-317-20260718-15:48:02-5193,attr,Florasat_Individual_Sats.terminal[6].mob,constraintAreaMinX,unit,m,
General-317-20260718-15:48:02-5193,param,Florasat_Individual_Sats.terminal[6].mob,constraintAreaMinY,,,-inf m
General-317-20260718-15:48:02-5193,attr,Florasat_Individual_Sats.terminal[6].mob,constraintAreaMinY,unit,m,
General-317-20260718-15:48:02-5193,param,Florasat_Individual_Sats.terminal[6].mob,constraintAreaMinZ,,,-inf m
General-317-20260718-15:48:02-5193,attr,Florasat_Individual_Sats.terminal[6].mob,constraintAreaMinZ,unit,m,
General-317-20260718-15:48:02-5193,param,Florasat_Individual_Sats.terminal[6].mob,constraintAreaMaxX,,,inf m
General-317-20260718-15:48:02-5193,attr,Florasat_Individual_Sats.terminal[6].mob,constraintAreaMaxX,unit,m,
General-317-20260718-15:48:02-5193,param,Florasat_Individual_Sats.terminal[6].mob,constraintAreaMaxY,,,inf m
General-317-20260718-15:48:02-5193,attr,Florasat_Individual_Sats.terminal[6].mob,constraintAreaMaxY,unit,m,
General-317-20260718-15:48:02-5193,param,Florasat_Individual_Sats.terminal[6].mob,constraintAreaMaxZ,,,inf m
General-317-20260718-15:48:02-5193,attr,Florasat_Individual_Sats.terminal[6].mob,constraintAreaMaxZ,unit,m,
General-317-20260718-15:48:02-5193,param,Florasat_Individual_Sats.terminal[6].mob,initialX,,,nan m
General-317-20260718-15:48:02-5193,attr,Florasat_Individual_Sats.terminal[6].mob,initialX,unit,m,
General-317-20260718-15:48:02-5193,param,Florasat_Individual_Sats.terminal[6].mob,initialY,,,nan m
General-317-20260718-15:48:02-5193,attr,Florasat_Individual_Sats.terminal[6].mob,initialY,unit,m,
General-317-20260718-15:48:02-5193,param,Florasat_Individual_Sats.terminal[6].mob,initialZ,,,0m
General-317-20260718-15:48:02-5193,attr,Florasat_Individual_Sats.terminal[6].mob,initialZ,unit,m,
General-317-20260718-15:48:02-5193,param,Florasat_Individual_Sats.terminal[6].mob,initialLatitude,,,nan deg
General-317-20260718-15:48:02-5193,attr,Florasat_Individual_Sats.terminal[6].mob,initialLatitude,unit,deg,
General-317-20260718-15:48:02-5193,param,Florasat_Individual_Sats.terminal[6].mob,initialLongitude,,,nan deg
General-317-20260718-15:48:02-5193,attr,Florasat_Individual_Sats.terminal[6].mob,initialLongitude,unit,deg,
General-317-20260718-15:48:02-5193,param,Florasat_Individual_Sats.terminal[6].mob,initialAltitude,,,0m
General-317-20260718-15:48:02-5193,attr,Florasat_Individual_Sats.terminal[6].mob,initialAltitude,unit,m,
General-317-20260718-15:48:02-5193,param,Florasat_Individual_Sats.terminal[6].mob,initialHeading,,,0deg
General-317-20260718-15:48:02-5193,attr,Florasat_Individual_Sats.terminal[6].mob,initialHeading,unit,deg,
General-317-20260718-15:48:02-5193,param,Florasat_Individual_Sats.terminal[6].mob,initialElevation,,,0deg
General-317-20260718-15:48:02-5193,attr,Florasat_Individual_Sats.terminal[6].mob,initialElevation,unit,deg,
General-317-20260718-15:48:02-5193,param,Florasat_Individual_Sats.terminal[6].mob,initialBank,,,0deg
General-317-20260718-15:48:02-5193,attr,Florasat_Individual_Sats.terminal[6].mob,initialBank,unit,deg,
General-317-20260718-15:48:02-5193,param,Florasat_Individual_Sats.terminal[6].mob,initFromDisplayString,,,false
General-317-20260718-15:48:02-5193,param,Florasat_Individual_Sats.terminal[6].mob,updateFromDisplayString,,,false
General-317-20260718-15:48:02-5193,param,Florasat_Individual_Sats.terminal[6].mob,centerLatitude,,,37.992
General-317-20260718-15:48:02-5193,param,Florasat_Individual_Sats.terminal[6].mob,centerLongitude,,,-1.13
General-317-20260718-15:48:02-5193,param,Florasat_Individual_Sats.terminal[6].mob,deploymentRadius,,,200
General-317-20260718-15:48:02-5193,param,Florasat_Individual_Sats.terminal[6],typename,,,"""Nodes._10_Terminal.Terminal"""
General-317-20260718-15:48:02-5193,param,Florasat_Individual_Sats.terminal[6],layerName,,,"""Terminal"""
General-317-20260718-15:48:02-5193,attr,Florasat_Individual_Sats.terminal[6],layerName,optional,,
General-317-20260718-15:48:02-5193,param,Florasat_Individual_Sats.terminal[6],sendData,,,true
General-317-20260718-15:48:02-5193,attr,Florasat_Individual_Sats.terminal[6],sendData,mutable,,
General-317-20260718-15:48:02-5193,param,Florasat_Individual_Sats.terminal[6],dstGsOrDev,,,0
General-317-20260718-15:48:02-5193,param,Florasat_Individual_Sats.terminal[7].phy.radio.antenna,typename,,,"""inet.physicallayer.wireless.common.antenna.IsotropicAntenna"""
General-317-20260718-15:48:02-5193,param,Florasat_Individual_Sats.terminal[7].phy.radio.antenna,mobilityModule,,,"""^.^.^.mob"""
General-317-20260718-15:48:02-5193,param,Florasat_Individual_Sats.terminal[7].phy.radio.antenna,numAntennas,,,1
General-317-20260718-15:48:02-5193,param,Florasat_Individual_Sats.terminal[7].phy.radio.transmitter,typename,,,"""Global.Transceiver.LoRaTransmitter"""
General-317-20260718-15:48:02-5193,param,Florasat_Individual_Sats.terminal[7].phy.radio.transmitter,preambleDuration,,,0.001s
General-317-20260718-15:48:02-5193,attr,Florasat_Individual_Sats.terminal[7].phy.radio.transmitter,preambleDuration,unit,s,
General-317-20260718-15:48:02-5193,param,Florasat_Individual_Sats.terminal[7].phy.radio.transmitter,headerLength,,,40b
General-317-20260718-15:48:02-5193,attr,Florasat_Individual_Sats.terminal[7].phy.radio.transmitter,headerLength,unit,b,
General-317-20260718-15:48:02-5193,param,Florasat_Individual_Sats.terminal[7].phy.radio.transmitter,bitrate,,,250000bps
General-317-20260718-15:48:02-5193,attr,Florasat_Individual_Sats.terminal[7].phy.radio.transmitter,bitrate,unit,bps,
General-317-20260718-15:48:02-5193,param,Florasat_Individual_Sats.terminal[7].phy.radio.transmitter,power,,,0.025118W
General-317-20260718-15:48:02-5193,attr,Florasat_Individual_Sats.terminal[7].phy.radio.transmitter,power,unit,W,
General-317-20260718-15:48:02-5193,param,Florasat_Individual_Sats.terminal[7].phy.radio.transmitter,centerFrequency,,,8.68e+08Hz
General-317-20260718-15:48:02-5193,attr,Florasat_Individual_Sats.terminal[7].phy.radio.transmitter,centerFrequency,unit,Hz,
General-317-20260718-15:48:02-5193,param,Florasat_Individual_Sats.terminal[7].phy.radio.transmitter,bandwidth,,,250000Hz
General-317-20260718-15:48:02-5193,attr,Florasat_Individual_Sats.terminal[7].phy.radio.transmitter,bandwidth,unit,Hz,
General-317-20260718-15:48:02-5193,param,Florasat_Individual_Sats.terminal[7].phy.radio.transmitter,codeRate,,,1
General-317-20260718-15:48:02-5193,param,Florasat_Individual_Sats.terminal[7].phy.radio.transmitter,modulation,,,"""LoRaModulation"""
General-317-20260718-15:48:02-5193,param,Florasat_Individual_Sats.terminal[7].phy.radio.receiver,typename,,,"""Global.Transceiver.LoRaReceiver"""
General-317-20260718-15:48:02-5193,param,Florasat_Individual_Sats.terminal[7].phy.radio.receiver,energyDetection,,,-90dBm
General-317-20260718-15:48:02-5193,attr,Florasat_Individual_Sats.terminal[7].phy.radio.receiver,energyDetection,unit,dBm,
General-317-20260718-15:48:02-5193,param,Florasat_Individual_Sats.terminal[7].phy.radio.receiver,sensitivity,,,-137dBm
General-317-20260718-15:48:02-5193,attr,Florasat_Individual_Sats.terminal[7].phy.radio.receiver,sensitivity,unit,dBm,
General-317-20260718-15:48:02-5193,param,Florasat_Individual_Sats.terminal[7].phy.radio.receiver,snirThreshold,,,-8dB
General-317-20260718-15:48:02-5193,attr,Florasat_Individual_Sats.terminal[7].phy.radio.receiver,snirThreshold,unit,dB,
General-317-20260718-15:48:02-5193,param,Florasat_Individual_Sats.terminal[7].phy.radio.receiver,centerFrequency,,,8.68e+08Hz
General-317-20260718-15:48:02-5193,attr,Florasat_Individual_Sats.terminal[7].phy.radio.receiver,centerFrequency,unit,Hz,
General-317-20260718-15:48:02-5193,param,Florasat_Individual_Sats.terminal[7].phy.radio.receiver,bandwidth,,,250000Hz
General-317-20260718-15:48:02-5193,attr,Florasat_Individual_Sats.terminal[7].phy.radio.receiver,bandwidth,unit,Hz,
General-317-20260718-15:48:02-5193,param,Florasat_Individual_Sats.terminal[7].phy.radio.receiver,alohaChannelModel,,,false
General-317-20260718-15:48:02-5193,param,Florasat_Individual_Sats.terminal[7].phy.radio.receiver,errorModelType,,,""""""
General-317-20260718-15:48:02-5193,param,Florasat_Individual_Sats.terminal[7].phy.radio.receiver,ignoreInterference,,,false
General-317-20260718-15:48:02-5193,param,Florasat_Individual_Sats.terminal[7].phy.radio.receiver,enableCollisionOverlap,,,false
General-317-20260718-15:48:02-5193,param,Florasat_Individual_Sats.terminal[7].phy.radio.receiver,minCollisionOverlap,,,0s
General-317-20260718-15:48:02-5193,attr,Florasat_Individual_Sats.terminal[7].phy.radio.receiver,minCollisionOverlap,unit,s,
General-317-20260718-15:48:02-5193,param,Florasat_Individual_Sats.terminal[7].phy.radio.IdealEpEnergyStorage,typename,,,"""inet.power.storage.IdealEpEnergyStorage"""
General-317-20260718-15:48:02-5193,param,Florasat_Individual_Sats.terminal[7].phy.radio,typename,,,"""Nodes._10_Terminal._10_Physical.Ter_Phy_LoRaRadio"""
General-317-20260718-15:48:02-5193,param,Florasat_Individual_Sats.terminal[7].phy.radio,radioMediumModule,,,"""radioMedium"""
General-317-20260718-15:48:02-5193,param,Florasat_Individual_Sats.terminal[7].phy.radio,energySourceModule,,,""""""
General-317-20260718-15:48:02-5193,param,Florasat_Individual_Sats.terminal[7].phy.radio,initialRadioMode,,,"""off"""
General-317-20260718-15:48:02-5193,attr,Florasat_Individual_Sats.terminal[7].phy.radio,initialRadioMode,enum,"off,sleep,receiver,transmitter,transceiver",
General-317-20260718-15:48:02-5193,param,Florasat_Individual_Sats.terminal[7].phy.radio,switchingTimes,,,"""ms 0 0 0 0 0 0 0 0 0 0 0 0 0 0 0 0 0 0 0 0 0 0 0 0 0"""
General-317-20260718-15:48:02-5193,param,Florasat_Individual_Sats.terminal[7].phy.radio,sendRawBytes,,,false
General-317-20260718-15:48:02-5193,param,Florasat_Individual_Sats.terminal[7].phy.radio,separateTransmissionParts,,,false
General-317-20260718-15:48:02-5193,param,Florasat_Individual_Sats.terminal[7].phy.radio,separateReceptionParts,,,false
General-317-20260718-15:48:02-5193,param,Florasat_Individual_Sats.terminal[7].phy.radio,displayCommunicationRange,,,false
General-317-20260718-15:48:02-5193,param,Florasat_Individual_Sats.terminal[7].phy.radio,displayInterferenceRange,,,false
General-317-20260718-15:48:02-5193,param,Florasat_Individual_Sats.terminal[7].phy.radio,centerFrequency,,,8.68e+08Hz
General-317-20260718-15:48:02-5193,attr,Florasat_Individual_Sats.terminal[7].phy.radio,centerFrequency,unit,Hz,
General-317-20260718-15:48:02-5193,param,Florasat_Individual_Sats.terminal[7].phy.radio,bandwidth,,,250000Hz
General-317-20260718-15:48:02-5193,attr,Florasat_Individual_Sats.terminal[7].phy.radio,bandwidth,unit,Hz,
General-317-20260718-15:48:02-5193,param,Florasat_Individual_Sats.terminal[7].phy.radio,iAmGateway,,,false
General-317-20260718-15:48:02-5193,param,Florasat_Individual_Sats.terminal[7].phy,typename,,,"""Nodes._10_Terminal._10_Physical.Ter_Phy"""
General-317-20260718-15:48:02-5193,param,Florasat_Individual_Sats.terminal[7].phy,layerName,,,"""Ter_Phy"""
General-317-20260718-15:48:02-5193,attr,Florasat_Individual_Sats.terminal[7].phy,layerName,optional,,
General-317-20260718-15:48:02-5193,param,Florasat_Individual_Sats.terminal[7].dlk.mac.queue,typename,,,"""inet.queueing.queue.DropTailQueue"""
General-317-20260718-15:48:02-5193,param,Florasat_Individual_Sats.terminal[7].dlk.mac.queue,displayStringTextFormat,,,"""contains %p pk (%l) pushed %u\npulled %o removed %r dropped %d"""
General-317-20260718-15:48:02-5193,param,Florasat_Individual_Sats.terminal[7].dlk.mac.queue,packetCapacity,,,-1
General-317-20260718-15:48:02-5193,param,Florasat_Individual_Sats.terminal[7].dlk.mac.queue,dataCapacity,,,-1b
General-317-20260718-15:48:02-5193,attr,Florasat_Individual_Sats.terminal[7].dlk.mac.queue,dataCapacity,unit,b,
General-317-20260718-15:48:02-5193,param,Florasat_Individual_Sats.terminal[7].dlk.mac.queue,dropperClass,,,"""inet::queueing::PacketAtCollectionEndDropper"""
General-317-20260718-15:48:02-5193,param,Florasat_Individual_Sats.terminal[7].dlk.mac.queue,comparatorClass,,,""""""
General-317-20260718-15:48:02-5193,param,Florasat_Individual_Sats.terminal[7].dlk.mac.queue,bufferModule,,,""""""
General-317-20260718-15:48:02-5193,param,Florasat_Individual_Sats.terminal[7].dlk.mac.mlBox,typename,,,"""Nodes._10_Terminal._20_Data_Link.Transmission_Predictor.Transmission_Predictor"""
General-317-20260718-15:48:02-5193,param,Florasat_Individual_Sats.terminal[7].dlk.mac.mlBox,modelPath,,,"""/home/ylnner/Documents/omnet++/omnetpp-6.3.0/projects/florasat_v4_ult_routing/simulations/Test_Individual/mlmodels/transformer_scripted.pt"""
General-317-20260718-15:48:02-5193,param,Florasat_Individual_Sats.terminal[7].dlk.mac.mlBox,threshold,,,0.2
General-317-20260718-15:48:02-5193,param,Florasat_Individual_Sats.terminal[7].dlk.mac.mlBox,scalerPath,,,""""""
General-317-20260718-15:48:02-5193,param,Florasat_Individual_Sats.terminal[7].dlk.mac,typename,,,"""Nodes._10_Terminal._20_Data_Link.Ter_Dlk_KiWan"""
General-317-20260718-15:48:02-5193,param,Florasat_Individual_Sats.terminal[7].dlk.mac,interfaceTableModule,,,""""""
General-317-20260718-15:48:02-5193,param,Florasat_Individual_Sats.terminal[7].dlk.mac,radioModule,,,"""^.^.phy.radio"""
General-317-20260718-15:48:02-5193,param,Florasat_Individual_Sats.terminal[7].dlk.mac,address,,,"""0A-AA-00-00-00-08"""
General-317-20260718-15:48:02-5193,attr,Florasat_Individual_Sats.terminal[7].dlk.mac,address,mutable,,
General-317-20260718-15:48:02-5193,param,Florasat_Individual_Sats.terminal[7].dlk.mac,mtu,,,1500
General-317-20260718-15:48:02-5193,param,Florasat_Individual_Sats.terminal[7].dlk.mac,ttwDuration,,,100s
General-317-20260718-15:48:02-5193,attr,Florasat_Individual_Sats.terminal[7].dlk.mac,ttwDuration,unit,s,
General-317-20260718-15:48:02-5193,param,Florasat_Individual_Sats.terminal[7].dlk.mac,ttwIdle,,,0s
General-317-20260718-15:48:02-5193,attr,Florasat_Individual_Sats.terminal[7].dlk.mac,ttwIdle,unit,s,
General-317-20260718-15:48:02-5193,param,Florasat_Individual_Sats.terminal[7].dlk.mac,ttxStart_min,,,0s
General-317-20260718-15:48:02-5193,attr,Florasat_Individual_Sats.terminal[7].dlk.mac,ttxStart_min,unit,s,
General-317-20260718-15:48:02-5193,param,Florasat_Individual_Sats.terminal[7].dlk.mac,ttxStart_max,,,1s
General-317-20260718-15:48:02-5193,attr,Florasat_Individual_Sats.terminal[7].dlk.mac,ttxStart_max,unit,s,
General-317-20260718-15:48:02-5193,param,Florasat_Individual_Sats.terminal[7].dlk.mac,ttxIdle_min,,,10s
General-317-20260718-15:48:02-5193,attr,Florasat_Individual_Sats.terminal[7].dlk.mac,ttxIdle_min,unit,s,
General-317-20260718-15:48:02-5193,param,Florasat_Individual_Sats.terminal[7].dlk.mac,ttxIdle_max,,,15s
General-317-20260718-15:48:02-5193,attr,Florasat_Individual_Sats.terminal[7].dlk.mac,ttxIdle_max,unit,s,
General-317-20260718-15:48:02-5193,param,Florasat_Individual_Sats.terminal[7].dlk.mac,Ntw,,,1
General-317-20260718-15:48:02-5193,param,Florasat_Individual_Sats.terminal[7].dlk.mac,Ntx,,,5
General-317-20260718-15:48:02-5193,param,Florasat_Individual_Sats.terminal[7].dlk.mac,enableSatDetect,,,false
General-317-20260718-15:48:02-5193,param,Florasat_Individual_Sats.terminal[7].dlk.mac,tsdStart_min,,,0s
General-317-20260718-15:48:02-5193,attr,Florasat_Individual_Sats.terminal[7].dlk.mac,tsdStart_min,unit,s,
General-317-20260718-15:48:02-5193,param,Florasat_Individual_Sats.terminal[7].dlk.mac,tsdStart_max,,,60s
General-317-20260718-15:48:02-5193,attr,Florasat_Individual_Sats.terminal[7].dlk.mac,tsdStart_max,unit,s,
General-317-20260718-15:48:02-5193,param,Florasat_Individual_Sats.terminal[7].dlk.mac,Ndetect,,,4
General-317-20260718-15:48:02-5193,param,Florasat_Individual_Sats.terminal[7].dlk.mac,NsdSync,,,2
General-317-20260718-15:48:02-5193,param,Florasat_Individual_Sats.terminal[7].dlk.mac,tsyncIdle,,,60s
General-317-20260718-15:48:02-5193,attr,Florasat_Individual_Sats.terminal[7].dlk.mac,tsyncIdle,unit,s,
General-317-20260718-15:48:02-5193,param,Florasat_Individual_Sats.terminal[7].dlk.mac,tsdIdle,,,240s
General-317-20260718-15:48:02-5193,attr,Florasat_Individual_Sats.terminal[7].dlk.mac,tsdIdle,unit,s,
General-317-20260718-15:48:02-5193,param,Florasat_Individual_Sats.terminal[7].dlk.mac,satelliteDetectionProbability,,,0.9
General-317-20260718-15:48:02-5193,param,Florasat_Individual_Sats.terminal[7].dlk.mac,minimumElevation,,,5
General-317-20260718-15:48:02-5193,param,Florasat_Individual_Sats.terminal[7].dlk.mac,detectInitialListen,,,0.33s
General-317-20260718-15:48:02-5193,attr,Florasat_Individual_Sats.terminal[7].dlk.mac,detectInitialListen,unit,s,
General-317-20260718-15:48:02-5193,param,Florasat_Individual_Sats.terminal[7].dlk.mac,detectSuccessExtraMin,,,0.075s
General-317-20260718-15:48:02-5193,attr,Florasat_Individual_Sats.terminal[7].dlk.mac,detectSuccessExtraMin,unit,s,
General-317-20260718-15:48:02-5193,param,Florasat_Individual_Sats.terminal[7].dlk.mac,detectSuccessExtraMax,,,1.67s
General-317-20260718-15:48:02-5193,attr,Florasat_Individual_Sats.terminal[7].dlk.mac,detectSuccessExtraMax,unit,s,
General-317-20260718-15:48:02-5193,param,Florasat_Individual_Sats.terminal[7].dlk.mac,detectMissExtra,,,1.67s
General-317-20260718-15:48:02-5193,attr,Florasat_Individual_Sats.terminal[7].dlk.mac,detectMissExtra,unit,s,
General-317-20260718-15:48:02-5193,param,Florasat_Individual_Sats.terminal[7].dlk.mac,LoRaSF,,,12
General-317-20260718-15:48:02-5193,param,Florasat_Individual_Sats.terminal[7].dlk.mac,LoRaTP,,,13
General-317-20260718-15:48:02-5193,param,Florasat_Individual_Sats.terminal[7].dlk.mac,LoRaCF,,,8.68e+08
General-317-20260718-15:48:02-5193,param,Florasat_Individual_Sats.terminal[7].dlk.mac,LoRaBW,,,125000
General-317-20260718-15:48:02-5193,param,Florasat_Individual_Sats.terminal[7].dlk.mac,LoRaCR,,,1
General-317-20260718-15:48:02-5193,param,Florasat_Individual_Sats.terminal[7].dlk.mac,useMLBox,,,true
General-317-20260718-15:48:02-5193,param,Florasat_Individual_Sats.terminal[7].dlk.mac,useMLBoxBiLSTM,,,false
General-317-20260718-15:48:02-5193,param,Florasat_Individual_Sats.terminal[7].dlk.mac,useAnalytical,,,false
General-317-20260718-15:48:02-5193,param,Florasat_Individual_Sats.terminal[7].dlk,typename,,,"""Nodes._10_Terminal._20_Data_Link.Ter_Dlk"""
General-317-20260718-15:48:02-5193,param,Florasat_Individual_Sats.terminal[7].net.routing,typename,,,"""Global.Base._30_Network.Ter_Null_Routing"""
General-317-20260718-15:48:02-5193,param,Florasat_Individual_Sats.terminal[7].net,typename,,,"""Nodes._10_Terminal._30_Network.Ter_Net"""
General-317-20260718-15:48:02-5193,param,Florasat_Individual_Sats.terminal[7].net,layerName,,,"""Ter_Net"""
General-317-20260718-15:48:02-5193,attr,Florasat_Individual_Sats.terminal[7].net,layerName,optional,,
General-317-20260718-15:48:02-5193,param,Florasat_Individual_Sats.terminal[7].net,routingType,,,"""Ter_Null_Routing"""
General-317-20260718-15:48:02-5193,param,Florasat_Individual_Sats.terminal[7].app,typename,,,"""Nodes._10_Terminal._40_Application.Ter_App"""
General-317-20260718-15:48:02-5193,param,Florasat_Individual_Sats.terminal[7].app,layerName,,,"""TerminalApplicationLayer"""
General-317-20260718-15:48:02-5193,attr,Florasat_Individual_Sats.terminal[7].app,layerName,optional,,
General-317-20260718-15:48:02-5193,param,Florasat_Individual_Sats.terminal[7].app,numberOfPacketsToSend,,,0
General-317-20260718-15:48:02-5193,param,Florasat_Individual_Sats.terminal[7].app,timeToFirstPacket,,,1s
General-317-20260718-15:48:02-5193,attr,Florasat_Individual_Sats.terminal[7].app,timeToFirstPacket,unit,s,
General-317-20260718-15:48:02-5193,param,Florasat_Individual_Sats.terminal[7].app,timeToNextPacket,,,115s
General-317-20260718-15:48:02-5193,attr,Florasat_Individual_Sats.terminal[7].app,timeToNextPacket,unit,s,
General-317-20260718-15:48:02-5193,param,Florasat_Individual_Sats.terminal[7].app,timeToResponse,,,30s
General-317-20260718-15:48:02-5193,attr,Florasat_Individual_Sats.terminal[7].app,timeToResponse,unit,s,
General-317-20260718-15:48:02-5193,param,Florasat_Individual_Sats.terminal[7].app,timeToRetry,,,10s
General-317-20260718-15:48:02-5193,attr,Florasat_Individual_Sats.terminal[7].app,timeToRetry,unit,s,
General-317-20260718-15:48:02-5193,param,Florasat_Individual_Sats.terminal[7].app,ackTimeout,,,7s
General-317-20260718-15:48:02-5193,attr,Florasat_Individual_Sats.terminal[7].app,ackTimeout,unit,s,
General-317-20260718-15:48:02-5193,param,Florasat_Individual_Sats.terminal[7].app,timer,,,1s
General-317-20260718-15:48:02-5193,attr,Florasat_Individual_Sats.terminal[7].app,timer,unit,s,
General-317-20260718-15:48:02-5193,param,Florasat_Individual_Sats.terminal[7].app,initialLoRaTP,,,14dBm
General-317-20260718-15:48:02-5193,attr,Florasat_Individual_Sats.terminal[7].app,initialLoRaTP,unit,dBm,
General-317-20260718-15:48:02-5193,param,Florasat_Individual_Sats.terminal[7].app,initialLoRaCF,,,8.68e+08Hz
General-317-20260718-15:48:02-5193,attr,Florasat_Individual_Sats.terminal[7].app,initialLoRaCF,unit,Hz,
General-317-20260718-15:48:02-5193,param,Florasat_Individual_Sats.terminal[7].app,initialLoRaSF,,,12
General-317-20260718-15:48:02-5193,param,Florasat_Individual_Sats.terminal[7].app,initialLoRaBW,,,125000Hz
General-317-20260718-15:48:02-5193,attr,Florasat_Individual_Sats.terminal[7].app,initialLoRaBW,unit,Hz,
General-317-20260718-15:48:02-5193,param,Florasat_Individual_Sats.terminal[7].app,initialLoRaCR,,,4
General-317-20260718-15:48:02-5193,param,Florasat_Individual_Sats.terminal[7].app,initialUseHeader,,,true
General-317-20260718-15:48:02-5193,param,Florasat_Individual_Sats.terminal[7].app,initialPingSlot,,,1
General-317-20260718-15:48:02-5193,param,Florasat_Individual_Sats.terminal[7].app,InitClassA,,,true
General-317-20260718-15:48:02-5193,param,Florasat_Individual_Sats.terminal[7].app,InitClassB,,,false
General-317-20260718-15:48:02-5193,param,Florasat_Individual_Sats.terminal[7].app,evaluateADRinNode,,,false
General-317-20260718-15:48:02-5193,param,Florasat_Individual_Sats.terminal[7].app,payloadSize,,,10B
General-317-20260718-15:48:02-5193,attr,Florasat_Individual_Sats.terminal[7].app,payloadSize,unit,B,
General-317-20260718-15:48:02-5193,param,Florasat_Individual_Sats.terminal[7].app,usingAck,,,true
General-317-20260718-15:48:02-5193,param,Florasat_Individual_Sats.terminal[7].app,numGroundLinks,,,40
General-317-20260718-15:48:02-5193,param,Florasat_Individual_Sats.terminal[7].app,maxHops,,,50
General-317-20260718-15:48:02-5193,param,Florasat_Individual_Sats.terminal[7].app,nroMaxAttempts,,,0
General-317-20260718-15:48:02-5193,param,Florasat_Individual_Sats.terminal[7].eng,typename,,,"""Nodes._10_Terminal._50_Energy.Ter_Ene"""
General-317-20260718-15:48:02-5193,param,Florasat_Individual_Sats.terminal[7].mob,typename,,,"""Nodes._10_Terminal._60_Mobility.Ter_Mob"""
General-317-20260718-15:48:02-5193,param,Florasat_Individual_Sats.terminal[7].mob,subjectModule,,,"""^"""
General-317-20260718-15:48:02-5193,param,Florasat_Individual_Sats.terminal[7].mob,coordinateSystemModule,,,""""""
General-317-20260718-15:48:02-5193,param,Florasat_Individual_Sats.terminal[7].mob,displayStringTextFormat,,,"""p: %p\nv: %v"""
General-317-20260718-15:48:02-5193,attr,Florasat_Individual_Sats.terminal[7].mob,displayStringTextFormat,mutable,,
General-317-20260718-15:48:02-5193,param,Florasat_Individual_Sats.terminal[7].mob,updateDisplayString,,,true
General-317-20260718-15:48:02-5193,param,Florasat_Individual_Sats.terminal[7].mob,constraintAreaMinX,,,-inf m
General-317-20260718-15:48:02-5193,attr,Florasat_Individual_Sats.terminal[7].mob,constraintAreaMinX,unit,m,
General-317-20260718-15:48:02-5193,param,Florasat_Individual_Sats.terminal[7].mob,constraintAreaMinY,,,-inf m
General-317-20260718-15:48:02-5193,attr,Florasat_Individual_Sats.terminal[7].mob,constraintAreaMinY,unit,m,
General-317-20260718-15:48:02-5193,param,Florasat_Individual_Sats.terminal[7].mob,constraintAreaMinZ,,,-inf m
General-317-20260718-15:48:02-5193,attr,Florasat_Individual_Sats.terminal[7].mob,constraintAreaMinZ,unit,m,
General-317-20260718-15:48:02-5193,param,Florasat_Individual_Sats.terminal[7].mob,constraintAreaMaxX,,,inf m
General-317-20260718-15:48:02-5193,attr,Florasat_Individual_Sats.terminal[7].mob,constraintAreaMaxX,unit,m,
General-317-20260718-15:48:02-5193,param,Florasat_Individual_Sats.terminal[7].mob,constraintAreaMaxY,,,inf m
General-317-20260718-15:48:02-5193,attr,Florasat_Individual_Sats.terminal[7].mob,constraintAreaMaxY,unit,m,
General-317-20260718-15:48:02-5193,param,Florasat_Individual_Sats.terminal[7].mob,constraintAreaMaxZ,,,inf m
General-317-20260718-15:48:02-5193,attr,Florasat_Individual_Sats.terminal[7].mob,constraintAreaMaxZ,unit,m,
General-317-20260718-15:48:02-5193,param,Florasat_Individual_Sats.terminal[7].mob,initialX,,,nan m
General-317-20260718-15:48:02-5193,attr,Florasat_Individual_Sats.terminal[7].mob,initialX,unit,m,
General-317-20260718-15:48:02-5193,param,Florasat_Individual_Sats.terminal[7].mob,initialY,,,nan m
General-317-20260718-15:48:02-5193,attr,Florasat_Individual_Sats.terminal[7].mob,initialY,unit,m,
General-317-20260718-15:48:02-5193,param,Florasat_Individual_Sats.terminal[7].mob,initialZ,,,0m
General-317-20260718-15:48:02-5193,attr,Florasat_Individual_Sats.terminal[7].mob,initialZ,unit,m,
General-317-20260718-15:48:02-5193,param,Florasat_Individual_Sats.terminal[7].mob,initialLatitude,,,nan deg
General-317-20260718-15:48:02-5193,attr,Florasat_Individual_Sats.terminal[7].mob,initialLatitude,unit,deg,
General-317-20260718-15:48:02-5193,param,Florasat_Individual_Sats.terminal[7].mob,initialLongitude,,,nan deg
General-317-20260718-15:48:02-5193,attr,Florasat_Individual_Sats.terminal[7].mob,initialLongitude,unit,deg,
General-317-20260718-15:48:02-5193,param,Florasat_Individual_Sats.terminal[7].mob,initialAltitude,,,0m
General-317-20260718-15:48:02-5193,attr,Florasat_Individual_Sats.terminal[7].mob,initialAltitude,unit,m,
General-317-20260718-15:48:02-5193,param,Florasat_Individual_Sats.terminal[7].mob,initialHeading,,,0deg
General-317-20260718-15:48:02-5193,attr,Florasat_Individual_Sats.terminal[7].mob,initialHeading,unit,deg,
General-317-20260718-15:48:02-5193,param,Florasat_Individual_Sats.terminal[7].mob,initialElevation,,,0deg
General-317-20260718-15:48:02-5193,attr,Florasat_Individual_Sats.terminal[7].mob,initialElevation,unit,deg,
General-317-20260718-15:48:02-5193,param,Florasat_Individual_Sats.terminal[7].mob,initialBank,,,0deg
General-317-20260718-15:48:02-5193,attr,Florasat_Individual_Sats.terminal[7].mob,initialBank,unit,deg,
General-317-20260718-15:48:02-5193,param,Florasat_Individual_Sats.terminal[7].mob,initFromDisplayString,,,false
General-317-20260718-15:48:02-5193,param,Florasat_Individual_Sats.terminal[7].mob,updateFromDisplayString,,,false
General-317-20260718-15:48:02-5193,param,Florasat_Individual_Sats.terminal[7].mob,centerLatitude,,,40.965
General-317-20260718-15:48:02-5193,param,Florasat_Individual_Sats.terminal[7].mob,centerLongitude,,,-5.664
General-317-20260718-15:48:02-5193,param,Florasat_Individual_Sats.terminal[7].mob,deploymentRadius,,,200
General-317-20260718-15:48:02-5193,param,Florasat_Individual_Sats.terminal[7],typename,,,"""Nodes._10_Terminal.Terminal"""
General-317-20260718-15:48:02-5193,param,Florasat_Individual_Sats.terminal[7],layerName,,,"""Terminal"""
General-317-20260718-15:48:02-5193,attr,Florasat_Individual_Sats.terminal[7],layerName,optional,,
General-317-20260718-15:48:02-5193,param,Florasat_Individual_Sats.terminal[7],sendData,,,true
General-317-20260718-15:48:02-5193,attr,Florasat_Individual_Sats.terminal[7],sendData,mutable,,
General-317-20260718-15:48:02-5193,param,Florasat_Individual_Sats.terminal[7],dstGsOrDev,,,0
General-317-20260718-15:48:02-5193,param,Florasat_Individual_Sats.terminal[8].phy.radio.antenna,typename,,,"""inet.physicallayer.wireless.common.antenna.IsotropicAntenna"""
General-317-20260718-15:48:02-5193,param,Florasat_Individual_Sats.terminal[8].phy.radio.antenna,mobilityModule,,,"""^.^.^.mob"""
General-317-20260718-15:48:02-5193,param,Florasat_Individual_Sats.terminal[8].phy.radio.antenna,numAntennas,,,1
General-317-20260718-15:48:02-5193,param,Florasat_Individual_Sats.terminal[8].phy.radio.transmitter,typename,,,"""Global.Transceiver.LoRaTransmitter"""
General-317-20260718-15:48:02-5193,param,Florasat_Individual_Sats.terminal[8].phy.radio.transmitter,preambleDuration,,,0.001s
General-317-20260718-15:48:02-5193,attr,Florasat_Individual_Sats.terminal[8].phy.radio.transmitter,preambleDuration,unit,s,
General-317-20260718-15:48:02-5193,param,Florasat_Individual_Sats.terminal[8].phy.radio.transmitter,headerLength,,,40b
General-317-20260718-15:48:02-5193,attr,Florasat_Individual_Sats.terminal[8].phy.radio.transmitter,headerLength,unit,b,
General-317-20260718-15:48:02-5193,param,Florasat_Individual_Sats.terminal[8].phy.radio.transmitter,bitrate,,,250000bps
General-317-20260718-15:48:02-5193,attr,Florasat_Individual_Sats.terminal[8].phy.radio.transmitter,bitrate,unit,bps,
General-317-20260718-15:48:02-5193,param,Florasat_Individual_Sats.terminal[8].phy.radio.transmitter,power,,,0.025118W
General-317-20260718-15:48:02-5193,attr,Florasat_Individual_Sats.terminal[8].phy.radio.transmitter,power,unit,W,
General-317-20260718-15:48:02-5193,param,Florasat_Individual_Sats.terminal[8].phy.radio.transmitter,centerFrequency,,,8.68e+08Hz
General-317-20260718-15:48:02-5193,attr,Florasat_Individual_Sats.terminal[8].phy.radio.transmitter,centerFrequency,unit,Hz,
General-317-20260718-15:48:02-5193,param,Florasat_Individual_Sats.terminal[8].phy.radio.transmitter,bandwidth,,,250000Hz
General-317-20260718-15:48:02-5193,attr,Florasat_Individual_Sats.terminal[8].phy.radio.transmitter,bandwidth,unit,Hz,
General-317-20260718-15:48:02-5193,param,Florasat_Individual_Sats.terminal[8].phy.radio.transmitter,codeRate,,,1
General-317-20260718-15:48:02-5193,param,Florasat_Individual_Sats.terminal[8].phy.radio.transmitter,modulation,,,"""LoRaModulation"""
General-317-20260718-15:48:02-5193,param,Florasat_Individual_Sats.terminal[8].phy.radio.receiver,typename,,,"""Global.Transceiver.LoRaReceiver"""
General-317-20260718-15:48:02-5193,param,Florasat_Individual_Sats.terminal[8].phy.radio.receiver,energyDetection,,,-90dBm
General-317-20260718-15:48:02-5193,attr,Florasat_Individual_Sats.terminal[8].phy.radio.receiver,energyDetection,unit,dBm,
General-317-20260718-15:48:02-5193,param,Florasat_Individual_Sats.terminal[8].phy.radio.receiver,sensitivity,,,-137dBm
General-317-20260718-15:48:02-5193,attr,Florasat_Individual_Sats.terminal[8].phy.radio.receiver,sensitivity,unit,dBm,
General-317-20260718-15:48:02-5193,param,Florasat_Individual_Sats.terminal[8].phy.radio.receiver,snirThreshold,,,-8dB
General-317-20260718-15:48:02-5193,attr,Florasat_Individual_Sats.terminal[8].phy.radio.receiver,snirThreshold,unit,dB,
General-317-20260718-15:48:02-5193,param,Florasat_Individual_Sats.terminal[8].phy.radio.receiver,centerFrequency,,,8.68e+08Hz
General-317-20260718-15:48:02-5193,attr,Florasat_Individual_Sats.terminal[8].phy.radio.receiver,centerFrequency,unit,Hz,
General-317-20260718-15:48:02-5193,param,Florasat_Individual_Sats.terminal[8].phy.radio.receiver,bandwidth,,,250000Hz
General-317-20260718-15:48:02-5193,attr,Florasat_Individual_Sats.terminal[8].phy.radio.receiver,bandwidth,unit,Hz,
General-317-20260718-15:48:02-5193,param,Florasat_Individual_Sats.terminal[8].phy.radio.receiver,alohaChannelModel,,,false
General-317-20260718-15:48:02-5193,param,Florasat_Individual_Sats.terminal[8].phy.radio.receiver,errorModelType,,,""""""
General-317-20260718-15:48:02-5193,param,Florasat_Individual_Sats.terminal[8].phy.radio.receiver,ignoreInterference,,,false
General-317-20260718-15:48:02-5193,param,Florasat_Individual_Sats.terminal[8].phy.radio.receiver,enableCollisionOverlap,,,false
General-317-20260718-15:48:02-5193,param,Florasat_Individual_Sats.terminal[8].phy.radio.receiver,minCollisionOverlap,,,0s
General-317-20260718-15:48:02-5193,attr,Florasat_Individual_Sats.terminal[8].phy.radio.receiver,minCollisionOverlap,unit,s,
General-317-20260718-15:48:02-5193,param,Florasat_Individual_Sats.terminal[8].phy.radio.IdealEpEnergyStorage,typename,,,"""inet.power.storage.IdealEpEnergyStorage"""
General-317-20260718-15:48:02-5193,param,Florasat_Individual_Sats.terminal[8].phy.radio,typename,,,"""Nodes._10_Terminal._10_Physical.Ter_Phy_LoRaRadio"""
General-317-20260718-15:48:02-5193,param,Florasat_Individual_Sats.terminal[8].phy.radio,radioMediumModule,,,"""radioMedium"""
General-317-20260718-15:48:02-5193,param,Florasat_Individual_Sats.terminal[8].phy.radio,energySourceModule,,,""""""
General-317-20260718-15:48:02-5193,param,Florasat_Individual_Sats.terminal[8].phy.radio,initialRadioMode,,,"""off"""
General-317-20260718-15:48:02-5193,attr,Florasat_Individual_Sats.terminal[8].phy.radio,initialRadioMode,enum,"off,sleep,receiver,transmitter,transceiver",
General-317-20260718-15:48:02-5193,param,Florasat_Individual_Sats.terminal[8].phy.radio,switchingTimes,,,"""ms 0 0 0 0 0 0 0 0 0 0 0 0 0 0 0 0 0 0 0 0 0 0 0 0 0"""
General-317-20260718-15:48:02-5193,param,Florasat_Individual_Sats.terminal[8].phy.radio,sendRawBytes,,,false
General-317-20260718-15:48:02-5193,param,Florasat_Individual_Sats.terminal[8].phy.radio,separateTransmissionParts,,,false
General-317-20260718-15:48:02-5193,param,Florasat_Individual_Sats.terminal[8].phy.radio,separateReceptionParts,,,false
General-317-20260718-15:48:02-5193,param,Florasat_Individual_Sats.terminal[8].phy.radio,displayCommunicationRange,,,false
General-317-20260718-15:48:02-5193,param,Florasat_Individual_Sats.terminal[8].phy.radio,displayInterferenceRange,,,false
General-317-20260718-15:48:02-5193,param,Florasat_Individual_Sats.terminal[8].phy.radio,centerFrequency,,,8.68e+08Hz
General-317-20260718-15:48:02-5193,attr,Florasat_Individual_Sats.terminal[8].phy.radio,centerFrequency,unit,Hz,
General-317-20260718-15:48:02-5193,param,Florasat_Individual_Sats.terminal[8].phy.radio,bandwidth,,,250000Hz
General-317-20260718-15:48:02-5193,attr,Florasat_Individual_Sats.terminal[8].phy.radio,bandwidth,unit,Hz,
General-317-20260718-15:48:02-5193,param,Florasat_Individual_Sats.terminal[8].phy.radio,iAmGateway,,,false
General-317-20260718-15:48:02-5193,param,Florasat_Individual_Sats.terminal[8].phy,typename,,,"""Nodes._10_Terminal._10_Physical.Ter_Phy"""
General-317-20260718-15:48:02-5193,param,Florasat_Individual_Sats.terminal[8].phy,layerName,,,"""Ter_Phy"""
General-317-20260718-15:48:02-5193,attr,Florasat_Individual_Sats.terminal[8].phy,layerName,optional,,
General-317-20260718-15:48:02-5193,param,Florasat_Individual_Sats.terminal[8].dlk.mac.queue,typename,,,"""inet.queueing.queue.DropTailQueue"""
General-317-20260718-15:48:02-5193,param,Florasat_Individual_Sats.terminal[8].dlk.mac.queue,displayStringTextFormat,,,"""contains %p pk (%l) pushed %u\npulled %o removed %r dropped %d"""
General-317-20260718-15:48:02-5193,param,Florasat_Individual_Sats.terminal[8].dlk.mac.queue,packetCapacity,,,-1
General-317-20260718-15:48:02-5193,param,Florasat_Individual_Sats.terminal[8].dlk.mac.queue,dataCapacity,,,-1b
General-317-20260718-15:48:02-5193,attr,Florasat_Individual_Sats.terminal[8].dlk.mac.queue,dataCapacity,unit,b,
General-317-20260718-15:48:02-5193,param,Florasat_Individual_Sats.terminal[8].dlk.mac.queue,dropperClass,,,"""inet::queueing::PacketAtCollectionEndDropper"""
General-317-20260718-15:48:02-5193,param,Florasat_Individual_Sats.terminal[8].dlk.mac.queue,comparatorClass,,,""""""
General-317-20260718-15:48:02-5193,param,Florasat_Individual_Sats.terminal[8].dlk.mac.queue,bufferModule,,,""""""
General-317-20260718-15:48:02-5193,param,Florasat_Individual_Sats.terminal[8].dlk.mac.mlBox,typename,,,"""Nodes._10_Terminal._20_Data_Link.Transmission_Predictor.Transmission_Predictor"""
General-317-20260718-15:48:02-5193,param,Florasat_Individual_Sats.terminal[8].dlk.mac.mlBox,modelPath,,,"""/home/ylnner/Documents/omnet++/omnetpp-6.3.0/projects/florasat_v4_ult_routing/simulations/Test_Individual/mlmodels/transformer_scripted.pt"""
General-317-20260718-15:48:02-5193,param,Florasat_Individual_Sats.terminal[8].dlk.mac.mlBox,threshold,,,0.2
General-317-20260718-15:48:02-5193,param,Florasat_Individual_Sats.terminal[8].dlk.mac.mlBox,scalerPath,,,""""""
General-317-20260718-15:48:02-5193,param,Florasat_Individual_Sats.terminal[8].dlk.mac,typename,,,"""Nodes._10_Terminal._20_Data_Link.Ter_Dlk_KiWan"""
General-317-20260718-15:48:02-5193,param,Florasat_Individual_Sats.terminal[8].dlk.mac,interfaceTableModule,,,""""""
General-317-20260718-15:48:02-5193,param,Florasat_Individual_Sats.terminal[8].dlk.mac,radioModule,,,"""^.^.phy.radio"""
General-317-20260718-15:48:02-5193,param,Florasat_Individual_Sats.terminal[8].dlk.mac,address,,,"""0A-AA-00-00-00-09"""
General-317-20260718-15:48:02-5193,attr,Florasat_Individual_Sats.terminal[8].dlk.mac,address,mutable,,
General-317-20260718-15:48:02-5193,param,Florasat_Individual_Sats.terminal[8].dlk.mac,mtu,,,1500
General-317-20260718-15:48:02-5193,param,Florasat_Individual_Sats.terminal[8].dlk.mac,ttwDuration,,,100s
General-317-20260718-15:48:02-5193,attr,Florasat_Individual_Sats.terminal[8].dlk.mac,ttwDuration,unit,s,
General-317-20260718-15:48:02-5193,param,Florasat_Individual_Sats.terminal[8].dlk.mac,ttwIdle,,,0s
General-317-20260718-15:48:02-5193,attr,Florasat_Individual_Sats.terminal[8].dlk.mac,ttwIdle,unit,s,
General-317-20260718-15:48:02-5193,param,Florasat_Individual_Sats.terminal[8].dlk.mac,ttxStart_min,,,0s
General-317-20260718-15:48:02-5193,attr,Florasat_Individual_Sats.terminal[8].dlk.mac,ttxStart_min,unit,s,
General-317-20260718-15:48:02-5193,param,Florasat_Individual_Sats.terminal[8].dlk.mac,ttxStart_max,,,1s
General-317-20260718-15:48:02-5193,attr,Florasat_Individual_Sats.terminal[8].dlk.mac,ttxStart_max,unit,s,
General-317-20260718-15:48:02-5193,param,Florasat_Individual_Sats.terminal[8].dlk.mac,ttxIdle_min,,,10s
General-317-20260718-15:48:02-5193,attr,Florasat_Individual_Sats.terminal[8].dlk.mac,ttxIdle_min,unit,s,
General-317-20260718-15:48:02-5193,param,Florasat_Individual_Sats.terminal[8].dlk.mac,ttxIdle_max,,,15s
General-317-20260718-15:48:02-5193,attr,Florasat_Individual_Sats.terminal[8].dlk.mac,ttxIdle_max,unit,s,
General-317-20260718-15:48:02-5193,param,Florasat_Individual_Sats.terminal[8].dlk.mac,Ntw,,,1
General-317-20260718-15:48:02-5193,param,Florasat_Individual_Sats.terminal[8].dlk.mac,Ntx,,,5
General-317-20260718-15:48:02-5193,param,Florasat_Individual_Sats.terminal[8].dlk.mac,enableSatDetect,,,false
General-317-20260718-15:48:02-5193,param,Florasat_Individual_Sats.terminal[8].dlk.mac,tsdStart_min,,,0s
General-317-20260718-15:48:02-5193,attr,Florasat_Individual_Sats.terminal[8].dlk.mac,tsdStart_min,unit,s,
General-317-20260718-15:48:02-5193,param,Florasat_Individual_Sats.terminal[8].dlk.mac,tsdStart_max,,,60s
General-317-20260718-15:48:02-5193,attr,Florasat_Individual_Sats.terminal[8].dlk.mac,tsdStart_max,unit,s,
General-317-20260718-15:48:02-5193,param,Florasat_Individual_Sats.terminal[8].dlk.mac,Ndetect,,,4
General-317-20260718-15:48:02-5193,param,Florasat_Individual_Sats.terminal[8].dlk.mac,NsdSync,,,2
General-317-20260718-15:48:02-5193,param,Florasat_Individual_Sats.terminal[8].dlk.mac,tsyncIdle,,,60s
General-317-20260718-15:48:02-5193,attr,Florasat_Individual_Sats.terminal[8].dlk.mac,tsyncIdle,unit,s,
General-317-20260718-15:48:02-5193,param,Florasat_Individual_Sats.terminal[8].dlk.mac,tsdIdle,,,240s
General-317-20260718-15:48:02-5193,attr,Florasat_Individual_Sats.terminal[8].dlk.mac,tsdIdle,unit,s,
General-317-20260718-15:48:02-5193,param,Florasat_Individual_Sats.terminal[8].dlk.mac,satelliteDetectionProbability,,,0.9
General-317-20260718-15:48:02-5193,param,Florasat_Individual_Sats.terminal[8].dlk.mac,minimumElevation,,,5
General-317-20260718-15:48:02-5193,param,Florasat_Individual_Sats.terminal[8].dlk.mac,detectInitialListen,,,0.33s
General-317-20260718-15:48:02-5193,attr,Florasat_Individual_Sats.terminal[8].dlk.mac,detectInitialListen,unit,s,
General-317-20260718-15:48:02-5193,param,Florasat_Individual_Sats.terminal[8].dlk.mac,detectSuccessExtraMin,,,0.075s
General-317-20260718-15:48:02-5193,attr,Florasat_Individual_Sats.terminal[8].dlk.mac,detectSuccessExtraMin,unit,s,
General-317-20260718-15:48:02-5193,param,Florasat_Individual_Sats.terminal[8].dlk.mac,detectSuccessExtraMax,,,1.67s
General-317-20260718-15:48:02-5193,attr,Florasat_Individual_Sats.terminal[8].dlk.mac,detectSuccessExtraMax,unit,s,
General-317-20260718-15:48:02-5193,param,Florasat_Individual_Sats.terminal[8].dlk.mac,detectMissExtra,,,1.67s
General-317-20260718-15:48:02-5193,attr,Florasat_Individual_Sats.terminal[8].dlk.mac,detectMissExtra,unit,s,
General-317-20260718-15:48:02-5193,param,Florasat_Individual_Sats.terminal[8].dlk.mac,LoRaSF,,,12
General-317-20260718-15:48:02-5193,param,Florasat_Individual_Sats.terminal[8].dlk.mac,LoRaTP,,,14
General-317-20260718-15:48:02-5193,param,Florasat_Individual_Sats.terminal[8].dlk.mac,LoRaCF,,,8.68e+08
General-317-20260718-15:48:02-5193,param,Florasat_Individual_Sats.terminal[8].dlk.mac,LoRaBW,,,125000
General-317-20260718-15:48:02-5193,param,Florasat_Individual_Sats.terminal[8].dlk.mac,LoRaCR,,,1
General-317-20260718-15:48:02-5193,param,Florasat_Individual_Sats.terminal[8].dlk.mac,useMLBox,,,true
General-317-20260718-15:48:02-5193,param,Florasat_Individual_Sats.terminal[8].dlk.mac,useMLBoxBiLSTM,,,false
General-317-20260718-15:48:02-5193,param,Florasat_Individual_Sats.terminal[8].dlk.mac,useAnalytical,,,false
General-317-20260718-15:48:02-5193,param,Florasat_Individual_Sats.terminal[8].dlk,typename,,,"""Nodes._10_Terminal._20_Data_Link.Ter_Dlk"""
General-317-20260718-15:48:02-5193,param,Florasat_Individual_Sats.terminal[8].net.routing,typename,,,"""Global.Base._30_Network.Ter_Null_Routing"""
General-317-20260718-15:48:02-5193,param,Florasat_Individual_Sats.terminal[8].net,typename,,,"""Nodes._10_Terminal._30_Network.Ter_Net"""
General-317-20260718-15:48:02-5193,param,Florasat_Individual_Sats.terminal[8].net,layerName,,,"""Ter_Net"""
General-317-20260718-15:48:02-5193,attr,Florasat_Individual_Sats.terminal[8].net,layerName,optional,,
General-317-20260718-15:48:02-5193,param,Florasat_Individual_Sats.terminal[8].net,routingType,,,"""Ter_Null_Routing"""
General-317-20260718-15:48:02-5193,param,Florasat_Individual_Sats.terminal[8].app,typename,,,"""Nodes._10_Terminal._40_Application.Ter_App"""
General-317-20260718-15:48:02-5193,param,Florasat_Individual_Sats.terminal[8].app,layerName,,,"""TerminalApplicationLayer"""
General-317-20260718-15:48:02-5193,attr,Florasat_Individual_Sats.terminal[8].app,layerName,optional,,
General-317-20260718-15:48:02-5193,param,Florasat_Individual_Sats.terminal[8].app,numberOfPacketsToSend,,,0
General-317-20260718-15:48:02-5193,param,Florasat_Individual_Sats.terminal[8].app,timeToFirstPacket,,,1s
General-317-20260718-15:48:02-5193,attr,Florasat_Individual_Sats.terminal[8].app,timeToFirstPacket,unit,s,
General-317-20260718-15:48:02-5193,param,Florasat_Individual_Sats.terminal[8].app,timeToNextPacket,,,115s
General-317-20260718-15:48:02-5193,attr,Florasat_Individual_Sats.terminal[8].app,timeToNextPacket,unit,s,
General-317-20260718-15:48:02-5193,param,Florasat_Individual_Sats.terminal[8].app,timeToResponse,,,30s
General-317-20260718-15:48:02-5193,attr,Florasat_Individual_Sats.terminal[8].app,timeToResponse,unit,s,
General-317-20260718-15:48:02-5193,param,Florasat_Individual_Sats.terminal[8].app,timeToRetry,,,10s
General-317-20260718-15:48:02-5193,attr,Florasat_Individual_Sats.terminal[8].app,timeToRetry,unit,s,
General-317-20260718-15:48:02-5193,param,Florasat_Individual_Sats.terminal[8].app,ackTimeout,,,7s
General-317-20260718-15:48:02-5193,attr,Florasat_Individual_Sats.terminal[8].app,ackTimeout,unit,s,
General-317-20260718-15:48:02-5193,param,Florasat_Individual_Sats.terminal[8].app,timer,,,1s
General-317-20260718-15:48:02-5193,attr,Florasat_Individual_Sats.terminal[8].app,timer,unit,s,
General-317-20260718-15:48:02-5193,param,Florasat_Individual_Sats.terminal[8].app,initialLoRaTP,,,14dBm
General-317-20260718-15:48:02-5193,attr,Florasat_Individual_Sats.terminal[8].app,initialLoRaTP,unit,dBm,
General-317-20260718-15:48:02-5193,param,Florasat_Individual_Sats.terminal[8].app,initialLoRaCF,,,8.68e+08Hz
General-317-20260718-15:48:02-5193,attr,Florasat_Individual_Sats.terminal[8].app,initialLoRaCF,unit,Hz,
General-317-20260718-15:48:02-5193,param,Florasat_Individual_Sats.terminal[8].app,initialLoRaSF,,,12
General-317-20260718-15:48:02-5193,param,Florasat_Individual_Sats.terminal[8].app,initialLoRaBW,,,125000Hz
General-317-20260718-15:48:02-5193,attr,Florasat_Individual_Sats.terminal[8].app,initialLoRaBW,unit,Hz,
General-317-20260718-15:48:02-5193,param,Florasat_Individual_Sats.terminal[8].app,initialLoRaCR,,,4
General-317-20260718-15:48:02-5193,param,Florasat_Individual_Sats.terminal[8].app,initialUseHeader,,,true
General-317-20260718-15:48:02-5193,param,Florasat_Individual_Sats.terminal[8].app,initialPingSlot,,,1
General-317-20260718-15:48:02-5193,param,Florasat_Individual_Sats.terminal[8].app,InitClassA,,,true
General-317-20260718-15:48:02-5193,param,Florasat_Individual_Sats.terminal[8].app,InitClassB,,,false
General-317-20260718-15:48:02-5193,param,Florasat_Individual_Sats.terminal[8].app,evaluateADRinNode,,,false
General-317-20260718-15:48:02-5193,param,Florasat_Individual_Sats.terminal[8].app,payloadSize,,,10B
General-317-20260718-15:48:02-5193,attr,Florasat_Individual_Sats.terminal[8].app,payloadSize,unit,B,
General-317-20260718-15:48:02-5193,param,Florasat_Individual_Sats.terminal[8].app,usingAck,,,true
General-317-20260718-15:48:02-5193,param,Florasat_Individual_Sats.terminal[8].app,numGroundLinks,,,40
General-317-20260718-15:48:02-5193,param,Florasat_Individual_Sats.terminal[8].app,maxHops,,,50
General-317-20260718-15:48:02-5193,param,Florasat_Individual_Sats.terminal[8].app,nroMaxAttempts,,,0
General-317-20260718-15:48:02-5193,param,Florasat_Individual_Sats.terminal[8].eng,typename,,,"""Nodes._10_Terminal._50_Energy.Ter_Ene"""
General-317-20260718-15:48:02-5193,param,Florasat_Individual_Sats.terminal[8].mob,typename,,,"""Nodes._10_Terminal._60_Mobility.Ter_Mob"""
General-317-20260718-15:48:02-5193,param,Florasat_Individual_Sats.terminal[8].mob,subjectModule,,,"""^"""
General-317-20260718-15:48:02-5193,param,Florasat_Individual_Sats.terminal[8].mob,coordinateSystemModule,,,""""""
General-317-20260718-15:48:02-5193,param,Florasat_Individual_Sats.terminal[8].mob,displayStringTextFormat,,,"""p: %p\nv: %v"""
General-317-20260718-15:48:02-5193,attr,Florasat_Individual_Sats.terminal[8].mob,displayStringTextFormat,mutable,,
General-317-20260718-15:48:02-5193,param,Florasat_Individual_Sats.terminal[8].mob,updateDisplayString,,,true
General-317-20260718-15:48:02-5193,param,Florasat_Individual_Sats.terminal[8].mob,constraintAreaMinX,,,-inf m
General-317-20260718-15:48:02-5193,attr,Florasat_Individual_Sats.terminal[8].mob,constraintAreaMinX,unit,m,
General-317-20260718-15:48:02-5193,param,Florasat_Individual_Sats.terminal[8].mob,constraintAreaMinY,,,-inf m
General-317-20260718-15:48:02-5193,attr,Florasat_Individual_Sats.terminal[8].mob,constraintAreaMinY,unit,m,
General-317-20260718-15:48:02-5193,param,Florasat_Individual_Sats.terminal[8].mob,constraintAreaMinZ,,,-inf m
General-317-20260718-15:48:02-5193,attr,Florasat_Individual_Sats.terminal[8].mob,constraintAreaMinZ,unit,m,
General-317-20260718-15:48:02-5193,param,Florasat_Individual_Sats.terminal[8].mob,constraintAreaMaxX,,,inf m
General-317-20260718-15:48:02-5193,attr,Florasat_Individual_Sats.terminal[8].mob,constraintAreaMaxX,unit,m,
General-317-20260718-15:48:02-5193,param,Florasat_Individual_Sats.terminal[8].mob,constraintAreaMaxY,,,inf m
General-317-20260718-15:48:02-5193,attr,Florasat_Individual_Sats.terminal[8].mob,constraintAreaMaxY,unit,m,
General-317-20260718-15:48:02-5193,param,Florasat_Individual_Sats.terminal[8].mob,constraintAreaMaxZ,,,inf m
General-317-20260718-15:48:02-5193,attr,Florasat_Individual_Sats.terminal[8].mob,constraintAreaMaxZ,unit,m,
General-317-20260718-15:48:02-5193,param,Florasat_Individual_Sats.terminal[8].mob,initialX,,,nan m
General-317-20260718-15:48:02-5193,attr,Florasat_Individual_Sats.terminal[8].mob,initialX,unit,m,
General-317-20260718-15:48:02-5193,param,Florasat_Individual_Sats.terminal[8].mob,initialY,,,nan m
General-317-20260718-15:48:02-5193,attr,Florasat_Individual_Sats.terminal[8].mob,initialY,unit,m,
General-317-20260718-15:48:02-5193,param,Florasat_Individual_Sats.terminal[8].mob,initialZ,,,0m
General-317-20260718-15:48:02-5193,attr,Florasat_Individual_Sats.terminal[8].mob,initialZ,unit,m,
General-317-20260718-15:48:02-5193,param,Florasat_Individual_Sats.terminal[8].mob,initialLatitude,,,nan deg
General-317-20260718-15:48:02-5193,attr,Florasat_Individual_Sats.terminal[8].mob,initialLatitude,unit,deg,
General-317-20260718-15:48:02-5193,param,Florasat_Individual_Sats.terminal[8].mob,initialLongitude,,,nan deg
General-317-20260718-15:48:02-5193,attr,Florasat_Individual_Sats.terminal[8].mob,initialLongitude,unit,deg,
General-317-20260718-15:48:02-5193,param,Florasat_Individual_Sats.terminal[8].mob,initialAltitude,,,0m
General-317-20260718-15:48:02-5193,attr,Florasat_Individual_Sats.terminal[8].mob,initialAltitude,unit,m,
General-317-20260718-15:48:02-5193,param,Florasat_Individual_Sats.terminal[8].mob,initialHeading,,,0deg
General-317-20260718-15:48:02-5193,attr,Florasat_Individual_Sats.terminal[8].mob,initialHeading,unit,deg,
General-317-20260718-15:48:02-5193,param,Florasat_Individual_Sats.terminal[8].mob,initialElevation,,,0deg
General-317-20260718-15:48:02-5193,attr,Florasat_Individual_Sats.terminal[8].mob,initialElevation,unit,deg,
General-317-20260718-15:48:02-5193,param,Florasat_Individual_Sats.terminal[8].mob,initialBank,,,0deg
General-317-20260718-15:48:02-5193,attr,Florasat_Individual_Sats.terminal[8].mob,initialBank,unit,deg,
General-317-20260718-15:48:02-5193,param,Florasat_Individual_Sats.terminal[8].mob,initFromDisplayString,,,false
General-317-20260718-15:48:02-5193,param,Florasat_Individual_Sats.terminal[8].mob,updateFromDisplayString,,,false
General-317-20260718-15:48:02-5193,param,Florasat_Individual_Sats.terminal[8].mob,centerLatitude,,,40.657
General-317-20260718-15:48:02-5193,param,Florasat_Individual_Sats.terminal[8].mob,centerLongitude,,,-7.914
General-317-20260718-15:48:02-5193,param,Florasat_Individual_Sats.terminal[8].mob,deploymentRadius,,,200
General-317-20260718-15:48:02-5193,param,Florasat_Individual_Sats.terminal[8],typename,,,"""Nodes._10_Terminal.Terminal"""
General-317-20260718-15:48:02-5193,param,Florasat_Individual_Sats.terminal[8],layerName,,,"""Terminal"""
General-317-20260718-15:48:02-5193,attr,Florasat_Individual_Sats.terminal[8],layerName,optional,,
General-317-20260718-15:48:02-5193,param,Florasat_Individual_Sats.terminal[8],sendData,,,true
General-317-20260718-15:48:02-5193,attr,Florasat_Individual_Sats.terminal[8],sendData,mutable,,
General-317-20260718-15:48:02-5193,param,Florasat_Individual_Sats.terminal[8],dstGsOrDev,,,0
General-317-20260718-15:48:02-5193,param,Florasat_Individual_Sats.terminal[9].phy.radio.antenna,typename,,,"""inet.physicallayer.wireless.common.antenna.IsotropicAntenna"""
General-317-20260718-15:48:02-5193,param,Florasat_Individual_Sats.terminal[9].phy.radio.antenna,mobilityModule,,,"""^.^.^.mob"""
General-317-20260718-15:48:02-5193,param,Florasat_Individual_Sats.terminal[9].phy.radio.antenna,numAntennas,,,1
General-317-20260718-15:48:02-5193,param,Florasat_Individual_Sats.terminal[9].phy.radio.transmitter,typename,,,"""Global.Transceiver.LoRaTransmitter"""
General-317-20260718-15:48:02-5193,param,Florasat_Individual_Sats.terminal[9].phy.radio.transmitter,preambleDuration,,,0.001s
General-317-20260718-15:48:02-5193,attr,Florasat_Individual_Sats.terminal[9].phy.radio.transmitter,preambleDuration,unit,s,
General-317-20260718-15:48:02-5193,param,Florasat_Individual_Sats.terminal[9].phy.radio.transmitter,headerLength,,,40b
General-317-20260718-15:48:02-5193,attr,Florasat_Individual_Sats.terminal[9].phy.radio.transmitter,headerLength,unit,b,
General-317-20260718-15:48:02-5193,param,Florasat_Individual_Sats.terminal[9].phy.radio.transmitter,bitrate,,,250000bps
General-317-20260718-15:48:02-5193,attr,Florasat_Individual_Sats.terminal[9].phy.radio.transmitter,bitrate,unit,bps,
General-317-20260718-15:48:02-5193,param,Florasat_Individual_Sats.terminal[9].phy.radio.transmitter,power,,,0.025118W
General-317-20260718-15:48:02-5193,attr,Florasat_Individual_Sats.terminal[9].phy.radio.transmitter,power,unit,W,
General-317-20260718-15:48:02-5193,param,Florasat_Individual_Sats.terminal[9].phy.radio.transmitter,centerFrequency,,,8.68e+08Hz
General-317-20260718-15:48:02-5193,attr,Florasat_Individual_Sats.terminal[9].phy.radio.transmitter,centerFrequency,unit,Hz,
General-317-20260718-15:48:02-5193,param,Florasat_Individual_Sats.terminal[9].phy.radio.transmitter,bandwidth,,,250000Hz
General-317-20260718-15:48:02-5193,attr,Florasat_Individual_Sats.terminal[9].phy.radio.transmitter,bandwidth,unit,Hz,
General-317-20260718-15:48:02-5193,param,Florasat_Individual_Sats.terminal[9].phy.radio.transmitter,codeRate,,,1
General-317-20260718-15:48:02-5193,param,Florasat_Individual_Sats.terminal[9].phy.radio.transmitter,modulation,,,"""LoRaModulation"""
General-317-20260718-15:48:02-5193,param,Florasat_Individual_Sats.terminal[9].phy.radio.receiver,typename,,,"""Global.Transceiver.LoRaReceiver"""
General-317-20260718-15:48:02-5193,param,Florasat_Individual_Sats.terminal[9].phy.radio.receiver,energyDetection,,,-90dBm
General-317-20260718-15:48:02-5193,attr,Florasat_Individual_Sats.terminal[9].phy.radio.receiver,energyDetection,unit,dBm,
General-317-20260718-15:48:02-5193,param,Florasat_Individual_Sats.terminal[9].phy.radio.receiver,sensitivity,,,-137dBm
General-317-20260718-15:48:02-5193,attr,Florasat_Individual_Sats.terminal[9].phy.radio.receiver,sensitivity,unit,dBm,
General-317-20260718-15:48:02-5193,param,Florasat_Individual_Sats.terminal[9].phy.radio.receiver,snirThreshold,,,-8dB
General-317-20260718-15:48:02-5193,attr,Florasat_Individual_Sats.terminal[9].phy.radio.receiver,snirThreshold,unit,dB,
General-317-20260718-15:48:02-5193,param,Florasat_Individual_Sats.terminal[9].phy.radio.receiver,centerFrequency,,,8.68e+08Hz
General-317-20260718-15:48:02-5193,attr,Florasat_Individual_Sats.terminal[9].phy.radio.receiver,centerFrequency,unit,Hz,
General-317-20260718-15:48:02-5193,param,Florasat_Individual_Sats.terminal[9].phy.radio.receiver,bandwidth,,,250000Hz
General-317-20260718-15:48:02-5193,attr,Florasat_Individual_Sats.terminal[9].phy.radio.receiver,bandwidth,unit,Hz,
General-317-20260718-15:48:02-5193,param,Florasat_Individual_Sats.terminal[9].phy.radio.receiver,alohaChannelModel,,,false
General-317-20260718-15:48:02-5193,param,Florasat_Individual_Sats.terminal[9].phy.radio.receiver,errorModelType,,,""""""
General-317-20260718-15:48:02-5193,param,Florasat_Individual_Sats.terminal[9].phy.radio.receiver,ignoreInterference,,,false
General-317-20260718-15:48:02-5193,param,Florasat_Individual_Sats.terminal[9].phy.radio.receiver,enableCollisionOverlap,,,false
General-317-20260718-15:48:02-5193,param,Florasat_Individual_Sats.terminal[9].phy.radio.receiver,minCollisionOverlap,,,0s
General-317-20260718-15:48:02-5193,attr,Florasat_Individual_Sats.terminal[9].phy.radio.receiver,minCollisionOverlap,unit,s,
General-317-20260718-15:48:02-5193,param,Florasat_Individual_Sats.terminal[9].phy.radio.IdealEpEnergyStorage,typename,,,"""inet.power.storage.IdealEpEnergyStorage"""
General-317-20260718-15:48:02-5193,param,Florasat_Individual_Sats.terminal[9].phy.radio,typename,,,"""Nodes._10_Terminal._10_Physical.Ter_Phy_LoRaRadio"""
General-317-20260718-15:48:02-5193,param,Florasat_Individual_Sats.terminal[9].phy.radio,radioMediumModule,,,"""radioMedium"""
General-317-20260718-15:48:02-5193,param,Florasat_Individual_Sats.terminal[9].phy.radio,energySourceModule,,,""""""
General-317-20260718-15:48:02-5193,param,Florasat_Individual_Sats.terminal[9].phy.radio,initialRadioMode,,,"""off"""
General-317-20260718-15:48:02-5193,attr,Florasat_Individual_Sats.terminal[9].phy.radio,initialRadioMode,enum,"off,sleep,receiver,transmitter,transceiver",
General-317-20260718-15:48:02-5193,param,Florasat_Individual_Sats.terminal[9].phy.radio,switchingTimes,,,"""ms 0 0 0 0 0 0 0 0 0 0 0 0 0 0 0 0 0 0 0 0 0 0 0 0 0"""
General-317-20260718-15:48:02-5193,param,Florasat_Individual_Sats.terminal[9].phy.radio,sendRawBytes,,,false
General-317-20260718-15:48:02-5193,param,Florasat_Individual_Sats.terminal[9].phy.radio,separateTransmissionParts,,,false
General-317-20260718-15:48:02-5193,param,Florasat_Individual_Sats.terminal[9].phy.radio,separateReceptionParts,,,false
General-317-20260718-15:48:02-5193,param,Florasat_Individual_Sats.terminal[9].phy.radio,displayCommunicationRange,,,false
General-317-20260718-15:48:02-5193,param,Florasat_Individual_Sats.terminal[9].phy.radio,displayInterferenceRange,,,false
General-317-20260718-15:48:02-5193,param,Florasat_Individual_Sats.terminal[9].phy.radio,centerFrequency,,,8.68e+08Hz
General-317-20260718-15:48:02-5193,attr,Florasat_Individual_Sats.terminal[9].phy.radio,centerFrequency,unit,Hz,
General-317-20260718-15:48:02-5193,param,Florasat_Individual_Sats.terminal[9].phy.radio,bandwidth,,,250000Hz
General-317-20260718-15:48:02-5193,attr,Florasat_Individual_Sats.terminal[9].phy.radio,bandwidth,unit,Hz,
General-317-20260718-15:48:02-5193,param,Florasat_Individual_Sats.terminal[9].phy.radio,iAmGateway,,,false
General-317-20260718-15:48:02-5193,param,Florasat_Individual_Sats.terminal[9].phy,typename,,,"""Nodes._10_Terminal._10_Physical.Ter_Phy"""
General-317-20260718-15:48:02-5193,param,Florasat_Individual_Sats.terminal[9].phy,layerName,,,"""Ter_Phy"""
General-317-20260718-15:48:02-5193,attr,Florasat_Individual_Sats.terminal[9].phy,layerName,optional,,
General-317-20260718-15:48:02-5193,param,Florasat_Individual_Sats.terminal[9].dlk.mac.queue,typename,,,"""inet.queueing.queue.DropTailQueue"""
General-317-20260718-15:48:02-5193,param,Florasat_Individual_Sats.terminal[9].dlk.mac.queue,displayStringTextFormat,,,"""contains %p pk (%l) pushed %u\npulled %o removed %r dropped %d"""
General-317-20260718-15:48:02-5193,param,Florasat_Individual_Sats.terminal[9].dlk.mac.queue,packetCapacity,,,-1
General-317-20260718-15:48:02-5193,param,Florasat_Individual_Sats.terminal[9].dlk.mac.queue,dataCapacity,,,-1b
General-317-20260718-15:48:02-5193,attr,Florasat_Individual_Sats.terminal[9].dlk.mac.queue,dataCapacity,unit,b,
General-317-20260718-15:48:02-5193,param,Florasat_Individual_Sats.terminal[9].dlk.mac.queue,dropperClass,,,"""inet::queueing::PacketAtCollectionEndDropper"""
General-317-20260718-15:48:02-5193,param,Florasat_Individual_Sats.terminal[9].dlk.mac.queue,comparatorClass,,,""""""
General-317-20260718-15:48:02-5193,param,Florasat_Individual_Sats.terminal[9].dlk.mac.queue,bufferModule,,,""""""
General-317-20260718-15:48:02-5193,param,Florasat_Individual_Sats.terminal[9].dlk.mac.mlBox,typename,,,"""Nodes._10_Terminal._20_Data_Link.Transmission_Predictor.Transmission_Predictor"""
General-317-20260718-15:48:02-5193,param,Florasat_Individual_Sats.terminal[9].dlk.mac.mlBox,modelPath,,,"""/home/ylnner/Documents/omnet++/omnetpp-6.3.0/projects/florasat_v4_ult_routing/simulations/Test_Individual/mlmodels/transformer_scripted.pt"""
General-317-20260718-15:48:02-5193,param,Florasat_Individual_Sats.terminal[9].dlk.mac.mlBox,threshold,,,0.2
General-317-20260718-15:48:02-5193,param,Florasat_Individual_Sats.terminal[9].dlk.mac.mlBox,scalerPath,,,""""""
General-317-20260718-15:48:02-5193,param,Florasat_Individual_Sats.terminal[9].dlk.mac,typename,,,"""Nodes._10_Terminal._20_Data_Link.Ter_Dlk_KiWan"""
General-317-20260718-15:48:02-5193,param,Florasat_Individual_Sats.terminal[9].dlk.mac,interfaceTableModule,,,""""""
General-317-20260718-15:48:02-5193,param,Florasat_Individual_Sats.terminal[9].dlk.mac,radioModule,,,"""^.^.phy.radio"""
General-317-20260718-15:48:02-5193,param,Florasat_Individual_Sats.terminal[9].dlk.mac,address,,,"""0A-AA-00-00-00-0A"""
General-317-20260718-15:48:02-5193,attr,Florasat_Individual_Sats.terminal[9].dlk.mac,address,mutable,,
General-317-20260718-15:48:02-5193,param,Florasat_Individual_Sats.terminal[9].dlk.mac,mtu,,,1500
General-317-20260718-15:48:02-5193,param,Florasat_Individual_Sats.terminal[9].dlk.mac,ttwDuration,,,100s
General-317-20260718-15:48:02-5193,attr,Florasat_Individual_Sats.terminal[9].dlk.mac,ttwDuration,unit,s,
General-317-20260718-15:48:02-5193,param,Florasat_Individual_Sats.terminal[9].dlk.mac,ttwIdle,,,0s
General-317-20260718-15:48:02-5193,attr,Florasat_Individual_Sats.terminal[9].dlk.mac,ttwIdle,unit,s,
General-317-20260718-15:48:02-5193,param,Florasat_Individual_Sats.terminal[9].dlk.mac,ttxStart_min,,,0s
General-317-20260718-15:48:02-5193,attr,Florasat_Individual_Sats.terminal[9].dlk.mac,ttxStart_min,unit,s,
General-317-20260718-15:48:02-5193,param,Florasat_Individual_Sats.terminal[9].dlk.mac,ttxStart_max,,,1s
General-317-20260718-15:48:02-5193,attr,Florasat_Individual_Sats.terminal[9].dlk.mac,ttxStart_max,unit,s,
General-317-20260718-15:48:02-5193,param,Florasat_Individual_Sats.terminal[9].dlk.mac,ttxIdle_min,,,10s
General-317-20260718-15:48:02-5193,attr,Florasat_Individual_Sats.terminal[9].dlk.mac,ttxIdle_min,unit,s,
General-317-20260718-15:48:02-5193,param,Florasat_Individual_Sats.terminal[9].dlk.mac,ttxIdle_max,,,15s
General-317-20260718-15:48:02-5193,attr,Florasat_Individual_Sats.terminal[9].dlk.mac,ttxIdle_max,unit,s,
General-317-20260718-15:48:02-5193,param,Florasat_Individual_Sats.terminal[9].dlk.mac,Ntw,,,1
General-317-20260718-15:48:02-5193,param,Florasat_Individual_Sats.terminal[9].dlk.mac,Ntx,,,5
General-317-20260718-15:48:02-5193,param,Florasat_Individual_Sats.terminal[9].dlk.mac,enableSatDetect,,,false
General-317-20260718-15:48:02-5193,param,Florasat_Individual_Sats.terminal[9].dlk.mac,tsdStart_min,,,0s
General-317-20260718-15:48:02-5193,attr,Florasat_Individual_Sats.terminal[9].dlk.mac,tsdStart_min,unit,s,
General-317-20260718-15:48:02-5193,param,Florasat_Individual_Sats.terminal[9].dlk.mac,tsdStart_max,,,60s
General-317-20260718-15:48:02-5193,attr,Florasat_Individual_Sats.terminal[9].dlk.mac,tsdStart_max,unit,s,
General-317-20260718-15:48:02-5193,param,Florasat_Individual_Sats.terminal[9].dlk.mac,Ndetect,,,4
General-317-20260718-15:48:02-5193,param,Florasat_Individual_Sats.terminal[9].dlk.mac,NsdSync,,,2
General-317-20260718-15:48:02-5193,param,Florasat_Individual_Sats.terminal[9].dlk.mac,tsyncIdle,,,60s
General-317-20260718-15:48:02-5193,attr,Florasat_Individual_Sats.terminal[9].dlk.mac,tsyncIdle,unit,s,
General-317-20260718-15:48:02-5193,param,Florasat_Individual_Sats.terminal[9].dlk.mac,tsdIdle,,,240s
General-317-20260718-15:48:02-5193,attr,Florasat_Individual_Sats.terminal[9].dlk.mac,tsdIdle,unit,s,
General-317-20260718-15:48:02-5193,param,Florasat_Individual_Sats.terminal[9].dlk.mac,satelliteDetectionProbability,,,0.9
General-317-20260718-15:48:02-5193,param,Florasat_Individual_Sats.terminal[9].dlk.mac,minimumElevation,,,5
General-317-20260718-15:48:02-5193,param,Florasat_Individual_Sats.terminal[9].dlk.mac,detectInitialListen,,,0.33s
General-317-20260718-15:48:02-5193,attr,Florasat_Individual_Sats.terminal[9].dlk.mac,detectInitialListen,unit,s,
General-317-20260718-15:48:02-5193,param,Florasat_Individual_Sats.terminal[9].dlk.mac,detectSuccessExtraMin,,,0.075s
General-317-20260718-15:48:02-5193,attr,Florasat_Individual_Sats.terminal[9].dlk.mac,detectSuccessExtraMin,unit,s,
General-317-20260718-15:48:02-5193,param,Florasat_Individual_Sats.terminal[9].dlk.mac,detectSuccessExtraMax,,,1.67s
General-317-20260718-15:48:02-5193,attr,Florasat_Individual_Sats.terminal[9].dlk.mac,detectSuccessExtraMax,unit,s,
General-317-20260718-15:48:02-5193,param,Florasat_Individual_Sats.terminal[9].dlk.mac,detectMissExtra,,,1.67s
General-317-20260718-15:48:02-5193,attr,Florasat_Individual_Sats.terminal[9].dlk.mac,detectMissExtra,unit,s,
General-317-20260718-15:48:02-5193,param,Florasat_Individual_Sats.terminal[9].dlk.mac,LoRaSF,,,12
General-317-20260718-15:48:02-5193,param,Florasat_Individual_Sats.terminal[9].dlk.mac,LoRaTP,,,13
General-317-20260718-15:48:02-5193,param,Florasat_Individual_Sats.terminal[9].dlk.mac,LoRaCF,,,8.68e+08
General-317-20260718-15:48:02-5193,param,Florasat_Individual_Sats.terminal[9].dlk.mac,LoRaBW,,,125000
General-317-20260718-15:48:02-5193,param,Florasat_Individual_Sats.terminal[9].dlk.mac,LoRaCR,,,1
General-317-20260718-15:48:02-5193,param,Florasat_Individual_Sats.terminal[9].dlk.mac,useMLBox,,,true
General-317-20260718-15:48:02-5193,param,Florasat_Individual_Sats.terminal[9].dlk.mac,useMLBoxBiLSTM,,,false
General-317-20260718-15:48:02-5193,param,Florasat_Individual_Sats.terminal[9].dlk.mac,useAnalytical,,,false
General-317-20260718-15:48:02-5193,param,Florasat_Individual_Sats.terminal[9].dlk,typename,,,"""Nodes._10_Terminal._20_Data_Link.Ter_Dlk"""
General-317-20260718-15:48:02-5193,param,Florasat_Individual_Sats.terminal[9].net.routing,typename,,,"""Global.Base._30_Network.Ter_Null_Routing"""
General-317-20260718-15:48:02-5193,param,Florasat_Individual_Sats.terminal[9].net,typename,,,"""Nodes._10_Terminal._30_Network.Ter_Net"""
General-317-20260718-15:48:02-5193,param,Florasat_Individual_Sats.terminal[9].net,layerName,,,"""Ter_Net"""
General-317-20260718-15:48:02-5193,attr,Florasat_Individual_Sats.terminal[9].net,layerName,optional,,
General-317-20260718-15:48:02-5193,param,Florasat_Individual_Sats.terminal[9].net,routingType,,,"""Ter_Null_Routing"""
General-317-20260718-15:48:02-5193,param,Florasat_Individual_Sats.terminal[9].app,typename,,,"""Nodes._10_Terminal._40_Application.Ter_App"""
General-317-20260718-15:48:02-5193,param,Florasat_Individual_Sats.terminal[9].app,layerName,,,"""TerminalApplicationLayer"""
General-317-20260718-15:48:02-5193,attr,Florasat_Individual_Sats.terminal[9].app,layerName,optional,,
General-317-20260718-15:48:02-5193,param,Florasat_Individual_Sats.terminal[9].app,numberOfPacketsToSend,,,0
General-317-20260718-15:48:02-5193,param,Florasat_Individual_Sats.terminal[9].app,timeToFirstPacket,,,1s
General-317-20260718-15:48:02-5193,attr,Florasat_Individual_Sats.terminal[9].app,timeToFirstPacket,unit,s,
General-317-20260718-15:48:02-5193,param,Florasat_Individual_Sats.terminal[9].app,timeToNextPacket,,,115s
General-317-20260718-15:48:02-5193,attr,Florasat_Individual_Sats.terminal[9].app,timeToNextPacket,unit,s,
General-317-20260718-15:48:02-5193,param,Florasat_Individual_Sats.terminal[9].app,timeToResponse,,,30s
General-317-20260718-15:48:02-5193,attr,Florasat_Individual_Sats.terminal[9].app,timeToResponse,unit,s,
General-317-20260718-15:48:02-5193,param,Florasat_Individual_Sats.terminal[9].app,timeToRetry,,,10s
General-317-20260718-15:48:02-5193,attr,Florasat_Individual_Sats.terminal[9].app,timeToRetry,unit,s,
General-317-20260718-15:48:02-5193,param,Florasat_Individual_Sats.terminal[9].app,ackTimeout,,,7s
General-317-20260718-15:48:02-5193,attr,Florasat_Individual_Sats.terminal[9].app,ackTimeout,unit,s,
General-317-20260718-15:48:02-5193,param,Florasat_Individual_Sats.terminal[9].app,timer,,,1s
General-317-20260718-15:48:02-5193,attr,Florasat_Individual_Sats.terminal[9].app,timer,unit,s,
General-317-20260718-15:48:02-5193,param,Florasat_Individual_Sats.terminal[9].app,initialLoRaTP,,,14dBm
General-317-20260718-15:48:02-5193,attr,Florasat_Individual_Sats.terminal[9].app,initialLoRaTP,unit,dBm,
General-317-20260718-15:48:02-5193,param,Florasat_Individual_Sats.terminal[9].app,initialLoRaCF,,,8.68e+08Hz
General-317-20260718-15:48:02-5193,attr,Florasat_Individual_Sats.terminal[9].app,initialLoRaCF,unit,Hz,
General-317-20260718-15:48:02-5193,param,Florasat_Individual_Sats.terminal[9].app,initialLoRaSF,,,12
General-317-20260718-15:48:02-5193,param,Florasat_Individual_Sats.terminal[9].app,initialLoRaBW,,,125000Hz
General-317-20260718-15:48:02-5193,attr,Florasat_Individual_Sats.terminal[9].app,initialLoRaBW,unit,Hz,
General-317-20260718-15:48:02-5193,param,Florasat_Individual_Sats.terminal[9].app,initialLoRaCR,,,4
General-317-20260718-15:48:02-5193,param,Florasat_Individual_Sats.terminal[9].app,initialUseHeader,,,true
General-317-20260718-15:48:02-5193,param,Florasat_Individual_Sats.terminal[9].app,initialPingSlot,,,1
General-317-20260718-15:48:02-5193,param,Florasat_Individual_Sats.terminal[9].app,InitClassA,,,true
General-317-20260718-15:48:02-5193,param,Florasat_Individual_Sats.terminal[9].app,InitClassB,,,false
General-317-20260718-15:48:02-5193,param,Florasat_Individual_Sats.terminal[9].app,evaluateADRinNode,,,false
General-317-20260718-15:48:02-5193,param,Florasat_Individual_Sats.terminal[9].app,payloadSize,,,10B
General-317-20260718-15:48:02-5193,attr,Florasat_Individual_Sats.terminal[9].app,payloadSize,unit,B,
General-317-20260718-15:48:02-5193,param,Florasat_Individual_Sats.terminal[9].app,usingAck,,,true
General-317-20260718-15:48:02-5193,param,Florasat_Individual_Sats.terminal[9].app,numGroundLinks,,,40
General-317-20260718-15:48:02-5193,param,Florasat_Individual_Sats.terminal[9].app,maxHops,,,50
General-317-20260718-15:48:02-5193,param,Florasat_Individual_Sats.terminal[9].app,nroMaxAttempts,,,0
General-317-20260718-15:48:02-5193,param,Florasat_Individual_Sats.terminal[9].eng,typename,,,"""Nodes._10_Terminal._50_Energy.Ter_Ene"""
General-317-20260718-15:48:02-5193,param,Florasat_Individual_Sats.terminal[9].mob,typename,,,"""Nodes._10_Terminal._60_Mobility.Ter_Mob"""
General-317-20260718-15:48:02-5193,param,Florasat_Individual_Sats.terminal[9].mob,subjectModule,,,"""^"""
General-317-20260718-15:48:02-5193,param,Florasat_Individual_Sats.terminal[9].mob,coordinateSystemModule,,,""""""
General-317-20260718-15:48:02-5193,param,Florasat_Individual_Sats.terminal[9].mob,displayStringTextFormat,,,"""p: %p\nv: %v"""
General-317-20260718-15:48:02-5193,attr,Florasat_Individual_Sats.terminal[9].mob,displayStringTextFormat,mutable,,
General-317-20260718-15:48:02-5193,param,Florasat_Individual_Sats.terminal[9].mob,updateDisplayString,,,true
General-317-20260718-15:48:02-5193,param,Florasat_Individual_Sats.terminal[9].mob,constraintAreaMinX,,,-inf m
General-317-20260718-15:48:02-5193,attr,Florasat_Individual_Sats.terminal[9].mob,constraintAreaMinX,unit,m,
General-317-20260718-15:48:02-5193,param,Florasat_Individual_Sats.terminal[9].mob,constraintAreaMinY,,,-inf m
General-317-20260718-15:48:02-5193,attr,Florasat_Individual_Sats.terminal[9].mob,constraintAreaMinY,unit,m,
General-317-20260718-15:48:02-5193,param,Florasat_Individual_Sats.terminal[9].mob,constraintAreaMinZ,,,-inf m
General-317-20260718-15:48:02-5193,attr,Florasat_Individual_Sats.terminal[9].mob,constraintAreaMinZ,unit,m,
General-317-20260718-15:48:02-5193,param,Florasat_Individual_Sats.terminal[9].mob,constraintAreaMaxX,,,inf m
General-317-20260718-15:48:02-5193,attr,Florasat_Individual_Sats.terminal[9].mob,constraintAreaMaxX,unit,m,
General-317-20260718-15:48:02-5193,param,Florasat_Individual_Sats.terminal[9].mob,constraintAreaMaxY,,,inf m
General-317-20260718-15:48:02-5193,attr,Florasat_Individual_Sats.terminal[9].mob,constraintAreaMaxY,unit,m,
General-317-20260718-15:48:02-5193,param,Florasat_Individual_Sats.terminal[9].mob,constraintAreaMaxZ,,,inf m
General-317-20260718-15:48:02-5193,attr,Florasat_Individual_Sats.terminal[9].mob,constraintAreaMaxZ,unit,m,
General-317-20260718-15:48:02-5193,param,Florasat_Individual_Sats.terminal[9].mob,initialX,,,nan m
General-317-20260718-15:48:02-5193,attr,Florasat_Individual_Sats.terminal[9].mob,initialX,unit,m,
General-317-20260718-15:48:02-5193,param,Florasat_Individual_Sats.terminal[9].mob,initialY,,,nan m
General-317-20260718-15:48:02-5193,attr,Florasat_Individual_Sats.terminal[9].mob,initialY,unit,m,
General-317-20260718-15:48:02-5193,param,Florasat_Individual_Sats.terminal[9].mob,initialZ,,,0m
General-317-20260718-15:48:02-5193,attr,Florasat_Individual_Sats.terminal[9].mob,initialZ,unit,m,
General-317-20260718-15:48:02-5193,param,Florasat_Individual_Sats.terminal[9].mob,initialLatitude,,,nan deg
General-317-20260718-15:48:02-5193,attr,Florasat_Individual_Sats.terminal[9].mob,initialLatitude,unit,deg,
General-317-20260718-15:48:02-5193,param,Florasat_Individual_Sats.terminal[9].mob,initialLongitude,,,nan deg
General-317-20260718-15:48:02-5193,attr,Florasat_Individual_Sats.terminal[9].mob,initialLongitude,unit,deg,
General-317-20260718-15:48:02-5193,param,Florasat_Individual_Sats.terminal[9].mob,initialAltitude,,,0m
General-317-20260718-15:48:02-5193,attr,Florasat_Individual_Sats.terminal[9].mob,initialAltitude,unit,m,
General-317-20260718-15:48:02-5193,param,Florasat_Individual_Sats.terminal[9].mob,initialHeading,,,0deg
General-317-20260718-15:48:02-5193,attr,Florasat_Individual_Sats.terminal[9].mob,initialHeading,unit,deg,
General-317-20260718-15:48:02-5193,param,Florasat_Individual_Sats.terminal[9].mob,initialElevation,,,0deg
General-317-20260718-15:48:02-5193,attr,Florasat_Individual_Sats.terminal[9].mob,initialElevation,unit,deg,
General-317-20260718-15:48:02-5193,param,Florasat_Individual_Sats.terminal[9].mob,initialBank,,,0deg
General-317-20260718-15:48:02-5193,attr,Florasat_Individual_Sats.terminal[9].mob,initialBank,unit,deg,
General-317-20260718-15:48:02-5193,param,Florasat_Individual_Sats.terminal[9].mob,initFromDisplayString,,,false
General-317-20260718-15:48:02-5193,param,Florasat_Individual_Sats.terminal[9].mob,updateFromDisplayString,,,false
General-317-20260718-15:48:02-5193,param,Florasat_Individual_Sats.terminal[9].mob,centerLatitude,,,51.34
General-317-20260718-15:48:02-5193,param,Florasat_Individual_Sats.terminal[9].mob,centerLongitude,,,12.373
General-317-20260718-15:48:02-5193,param,Florasat_Individual_Sats.terminal[9].mob,deploymentRadius,,,200
General-317-20260718-15:48:02-5193,param,Florasat_Individual_Sats.terminal[9],typename,,,"""Nodes._10_Terminal.Terminal"""
General-317-20260718-15:48:02-5193,param,Florasat_Individual_Sats.terminal[9],layerName,,,"""Terminal"""
General-317-20260718-15:48:02-5193,attr,Florasat_Individual_Sats.terminal[9],layerName,optional,,
General-317-20260718-15:48:02-5193,param,Florasat_Individual_Sats.terminal[9],sendData,,,true
General-317-20260718-15:48:02-5193,attr,Florasat_Individual_Sats.terminal[9],sendData,mutable,,
General-317-20260718-15:48:02-5193,param,Florasat_Individual_Sats.terminal[9],dstGsOrDev,,,0
General-317-20260718-15:48:02-5193,param,Florasat_Individual_Sats.terminal[10].phy.radio.antenna,typename,,,"""inet.physicallayer.wireless.common.antenna.IsotropicAntenna"""
General-317-20260718-15:48:02-5193,param,Florasat_Individual_Sats.terminal[10].phy.radio.antenna,mobilityModule,,,"""^.^.^.mob"""
General-317-20260718-15:48:02-5193,param,Florasat_Individual_Sats.terminal[10].phy.radio.antenna,numAntennas,,,1
General-317-20260718-15:48:02-5193,param,Florasat_Individual_Sats.terminal[10].phy.radio.transmitter,typename,,,"""Global.Transceiver.LoRaTransmitter"""
General-317-20260718-15:48:02-5193,param,Florasat_Individual_Sats.terminal[10].phy.radio.transmitter,preambleDuration,,,0.001s
General-317-20260718-15:48:02-5193,attr,Florasat_Individual_Sats.terminal[10].phy.radio.transmitter,preambleDuration,unit,s,
General-317-20260718-15:48:02-5193,param,Florasat_Individual_Sats.terminal[10].phy.radio.transmitter,headerLength,,,40b
General-317-20260718-15:48:02-5193,attr,Florasat_Individual_Sats.terminal[10].phy.radio.transmitter,headerLength,unit,b,
General-317-20260718-15:48:02-5193,param,Florasat_Individual_Sats.terminal[10].phy.radio.transmitter,bitrate,,,250000bps
General-317-20260718-15:48:02-5193,attr,Florasat_Individual_Sats.terminal[10].phy.radio.transmitter,bitrate,unit,bps,
General-317-20260718-15:48:02-5193,param,Florasat_Individual_Sats.terminal[10].phy.radio.transmitter,power,,,0.025118W
General-317-20260718-15:48:02-5193,attr,Florasat_Individual_Sats.terminal[10].phy.radio.transmitter,power,unit,W,
General-317-20260718-15:48:02-5193,param,Florasat_Individual_Sats.terminal[10].phy.radio.transmitter,centerFrequency,,,8.68e+08Hz
General-317-20260718-15:48:02-5193,attr,Florasat_Individual_Sats.terminal[10].phy.radio.transmitter,centerFrequency,unit,Hz,
General-317-20260718-15:48:02-5193,param,Florasat_Individual_Sats.terminal[10].phy.radio.transmitter,bandwidth,,,250000Hz
General-317-20260718-15:48:02-5193,attr,Florasat_Individual_Sats.terminal[10].phy.radio.transmitter,bandwidth,unit,Hz,
General-317-20260718-15:48:02-5193,param,Florasat_Individual_Sats.terminal[10].phy.radio.transmitter,codeRate,,,1
General-317-20260718-15:48:02-5193,param,Florasat_Individual_Sats.terminal[10].phy.radio.transmitter,modulation,,,"""LoRaModulation"""
General-317-20260718-15:48:02-5193,param,Florasat_Individual_Sats.terminal[10].phy.radio.receiver,typename,,,"""Global.Transceiver.LoRaReceiver"""
General-317-20260718-15:48:02-5193,param,Florasat_Individual_Sats.terminal[10].phy.radio.receiver,energyDetection,,,-90dBm
General-317-20260718-15:48:02-5193,attr,Florasat_Individual_Sats.terminal[10].phy.radio.receiver,energyDetection,unit,dBm,
General-317-20260718-15:48:02-5193,param,Florasat_Individual_Sats.terminal[10].phy.radio.receiver,sensitivity,,,-137dBm
General-317-20260718-15:48:02-5193,attr,Florasat_Individual_Sats.terminal[10].phy.radio.receiver,sensitivity,unit,dBm,
General-317-20260718-15:48:02-5193,param,Florasat_Individual_Sats.terminal[10].phy.radio.receiver,snirThreshold,,,-8dB
General-317-20260718-15:48:02-5193,attr,Florasat_Individual_Sats.terminal[10].phy.radio.receiver,snirThreshold,unit,dB,
General-317-20260718-15:48:02-5193,param,Florasat_Individual_Sats.terminal[10].phy.radio.receiver,centerFrequency,,,8.68e+08Hz
General-317-20260718-15:48:02-5193,attr,Florasat_Individual_Sats.terminal[10].phy.radio.receiver,centerFrequency,unit,Hz,
General-317-20260718-15:48:02-5193,param,Florasat_Individual_Sats.terminal[10].phy.radio.receiver,bandwidth,,,250000Hz
General-317-20260718-15:48:02-5193,attr,Florasat_Individual_Sats.terminal[10].phy.radio.receiver,bandwidth,unit,Hz,
General-317-20260718-15:48:02-5193,param,Florasat_Individual_Sats.terminal[10].phy.radio.receiver,alohaChannelModel,,,false
General-317-20260718-15:48:02-5193,param,Florasat_Individual_Sats.terminal[10].phy.radio.receiver,errorModelType,,,""""""
General-317-20260718-15:48:02-5193,param,Florasat_Individual_Sats.terminal[10].phy.radio.receiver,ignoreInterference,,,false
General-317-20260718-15:48:02-5193,param,Florasat_Individual_Sats.terminal[10].phy.radio.receiver,enableCollisionOverlap,,,false
General-317-20260718-15:48:02-5193,param,Florasat_Individual_Sats.terminal[10].phy.radio.receiver,minCollisionOverlap,,,0s
General-317-20260718-15:48:02-5193,attr,Florasat_Individual_Sats.terminal[10].phy.radio.receiver,minCollisionOverlap,unit,s,
General-317-20260718-15:48:02-5193,param,Florasat_Individual_Sats.terminal[10].phy.radio.IdealEpEnergyStorage,typename,,,"""inet.power.storage.IdealEpEnergyStorage"""
General-317-20260718-15:48:02-5193,param,Florasat_Individual_Sats.terminal[10].phy.radio,typename,,,"""Nodes._10_Terminal._10_Physical.Ter_Phy_LoRaRadio"""
General-317-20260718-15:48:02-5193,param,Florasat_Individual_Sats.terminal[10].phy.radio,radioMediumModule,,,"""radioMedium"""
General-317-20260718-15:48:02-5193,param,Florasat_Individual_Sats.terminal[10].phy.radio,energySourceModule,,,""""""
General-317-20260718-15:48:02-5193,param,Florasat_Individual_Sats.terminal[10].phy.radio,initialRadioMode,,,"""off"""
General-317-20260718-15:48:02-5193,attr,Florasat_Individual_Sats.terminal[10].phy.radio,initialRadioMode,enum,"off,sleep,receiver,transmitter,transceiver",
General-317-20260718-15:48:02-5193,param,Florasat_Individual_Sats.terminal[10].phy.radio,switchingTimes,,,"""ms 0 0 0 0 0 0 0 0 0 0 0 0 0 0 0 0 0 0 0 0 0 0 0 0 0"""
General-317-20260718-15:48:02-5193,param,Florasat_Individual_Sats.terminal[10].phy.radio,sendRawBytes,,,false
General-317-20260718-15:48:02-5193,param,Florasat_Individual_Sats.terminal[10].phy.radio,separateTransmissionParts,,,false
General-317-20260718-15:48:02-5193,param,Florasat_Individual_Sats.terminal[10].phy.radio,separateReceptionParts,,,false
General-317-20260718-15:48:02-5193,param,Florasat_Individual_Sats.terminal[10].phy.radio,displayCommunicationRange,,,false
General-317-20260718-15:48:02-5193,param,Florasat_Individual_Sats.terminal[10].phy.radio,displayInterferenceRange,,,false
General-317-20260718-15:48:02-5193,param,Florasat_Individual_Sats.terminal[10].phy.radio,centerFrequency,,,8.68e+08Hz
General-317-20260718-15:48:02-5193,attr,Florasat_Individual_Sats.terminal[10].phy.radio,centerFrequency,unit,Hz,
General-317-20260718-15:48:02-5193,param,Florasat_Individual_Sats.terminal[10].phy.radio,bandwidth,,,250000Hz
General-317-20260718-15:48:02-5193,attr,Florasat_Individual_Sats.terminal[10].phy.radio,bandwidth,unit,Hz,
General-317-20260718-15:48:02-5193,param,Florasat_Individual_Sats.terminal[10].phy.radio,iAmGateway,,,false
General-317-20260718-15:48:02-5193,param,Florasat_Individual_Sats.terminal[10].phy,typename,,,"""Nodes._10_Terminal._10_Physical.Ter_Phy"""
General-317-20260718-15:48:02-5193,param,Florasat_Individual_Sats.terminal[10].phy,layerName,,,"""Ter_Phy"""
General-317-20260718-15:48:02-5193,attr,Florasat_Individual_Sats.terminal[10].phy,layerName,optional,,
General-317-20260718-15:48:02-5193,param,Florasat_Individual_Sats.terminal[10].dlk.mac.queue,typename,,,"""inet.queueing.queue.DropTailQueue"""
General-317-20260718-15:48:02-5193,param,Florasat_Individual_Sats.terminal[10].dlk.mac.queue,displayStringTextFormat,,,"""contains %p pk (%l) pushed %u\npulled %o removed %r dropped %d"""
General-317-20260718-15:48:02-5193,param,Florasat_Individual_Sats.terminal[10].dlk.mac.queue,packetCapacity,,,-1
General-317-20260718-15:48:02-5193,param,Florasat_Individual_Sats.terminal[10].dlk.mac.queue,dataCapacity,,,-1b
General-317-20260718-15:48:02-5193,attr,Florasat_Individual_Sats.terminal[10].dlk.mac.queue,dataCapacity,unit,b,
General-317-20260718-15:48:02-5193,param,Florasat_Individual_Sats.terminal[10].dlk.mac.queue,dropperClass,,,"""inet::queueing::PacketAtCollectionEndDropper"""
General-317-20260718-15:48:02-5193,param,Florasat_Individual_Sats.terminal[10].dlk.mac.queue,comparatorClass,,,""""""
General-317-20260718-15:48:02-5193,param,Florasat_Individual_Sats.terminal[10].dlk.mac.queue,bufferModule,,,""""""
General-317-20260718-15:48:02-5193,param,Florasat_Individual_Sats.terminal[10].dlk.mac.mlBox,typename,,,"""Nodes._10_Terminal._20_Data_Link.Transmission_Predictor.Transmission_Predictor"""
General-317-20260718-15:48:02-5193,param,Florasat_Individual_Sats.terminal[10].dlk.mac.mlBox,modelPath,,,"""/home/ylnner/Documents/omnet++/omnetpp-6.3.0/projects/florasat_v4_ult_routing/simulations/Test_Individual/mlmodels/transformer_scripted.pt"""
General-317-20260718-15:48:02-5193,param,Florasat_Individual_Sats.terminal[10].dlk.mac.mlBox,threshold,,,0.2
General-317-20260718-15:48:02-5193,param,Florasat_Individual_Sats.terminal[10].dlk.mac.mlBox,scalerPath,,,""""""
General-317-20260718-15:48:02-5193,param,Florasat_Individual_Sats.terminal[10].dlk.mac,typename,,,"""Nodes._10_Terminal._20_Data_Link.Ter_Dlk_KiWan"""
General-317-20260718-15:48:02-5193,param,Florasat_Individual_Sats.terminal[10].dlk.mac,interfaceTableModule,,,""""""
General-317-20260718-15:48:02-5193,param,Florasat_Individual_Sats.terminal[10].dlk.mac,radioModule,,,"""^.^.phy.radio"""
General-317-20260718-15:48:02-5193,param,Florasat_Individual_Sats.terminal[10].dlk.mac,address,,,"""0A-AA-00-00-00-0B"""
General-317-20260718-15:48:02-5193,attr,Florasat_Individual_Sats.terminal[10].dlk.mac,address,mutable,,
General-317-20260718-15:48:02-5193,param,Florasat_Individual_Sats.terminal[10].dlk.mac,mtu,,,1500
General-317-20260718-15:48:02-5193,param,Florasat_Individual_Sats.terminal[10].dlk.mac,ttwDuration,,,100s
General-317-20260718-15:48:02-5193,attr,Florasat_Individual_Sats.terminal[10].dlk.mac,ttwDuration,unit,s,
General-317-20260718-15:48:02-5193,param,Florasat_Individual_Sats.terminal[10].dlk.mac,ttwIdle,,,0s
General-317-20260718-15:48:02-5193,attr,Florasat_Individual_Sats.terminal[10].dlk.mac,ttwIdle,unit,s,
General-317-20260718-15:48:02-5193,param,Florasat_Individual_Sats.terminal[10].dlk.mac,ttxStart_min,,,0s
General-317-20260718-15:48:02-5193,attr,Florasat_Individual_Sats.terminal[10].dlk.mac,ttxStart_min,unit,s,
General-317-20260718-15:48:02-5193,param,Florasat_Individual_Sats.terminal[10].dlk.mac,ttxStart_max,,,1s
General-317-20260718-15:48:02-5193,attr,Florasat_Individual_Sats.terminal[10].dlk.mac,ttxStart_max,unit,s,
General-317-20260718-15:48:02-5193,param,Florasat_Individual_Sats.terminal[10].dlk.mac,ttxIdle_min,,,10s
General-317-20260718-15:48:02-5193,attr,Florasat_Individual_Sats.terminal[10].dlk.mac,ttxIdle_min,unit,s,
General-317-20260718-15:48:02-5193,param,Florasat_Individual_Sats.terminal[10].dlk.mac,ttxIdle_max,,,15s
General-317-20260718-15:48:02-5193,attr,Florasat_Individual_Sats.terminal[10].dlk.mac,ttxIdle_max,unit,s,
General-317-20260718-15:48:02-5193,param,Florasat_Individual_Sats.terminal[10].dlk.mac,Ntw,,,1
General-317-20260718-15:48:02-5193,param,Florasat_Individual_Sats.terminal[10].dlk.mac,Ntx,,,5
General-317-20260718-15:48:02-5193,param,Florasat_Individual_Sats.terminal[10].dlk.mac,enableSatDetect,,,false
General-317-20260718-15:48:02-5193,param,Florasat_Individual_Sats.terminal[10].dlk.mac,tsdStart_min,,,0s
General-317-20260718-15:48:02-5193,attr,Florasat_Individual_Sats.terminal[10].dlk.mac,tsdStart_min,unit,s,
General-317-20260718-15:48:02-5193,param,Florasat_Individual_Sats.terminal[10].dlk.mac,tsdStart_max,,,60s
General-317-20260718-15:48:02-5193,attr,Florasat_Individual_Sats.terminal[10].dlk.mac,tsdStart_max,unit,s,
General-317-20260718-15:48:02-5193,param,Florasat_Individual_Sats.terminal[10].dlk.mac,Ndetect,,,4
General-317-20260718-15:48:02-5193,param,Florasat_Individual_Sats.terminal[10].dlk.mac,NsdSync,,,2
General-317-20260718-15:48:02-5193,param,Florasat_Individual_Sats.terminal[10].dlk.mac,tsyncIdle,,,60s
General-317-20260718-15:48:02-5193,attr,Florasat_Individual_Sats.terminal[10].dlk.mac,tsyncIdle,unit,s,
General-317-20260718-15:48:02-5193,param,Florasat_Individual_Sats.terminal[10].dlk.mac,tsdIdle,,,240s
General-317-20260718-15:48:02-5193,attr,Florasat_Individual_Sats.terminal[10].dlk.mac,tsdIdle,unit,s,
General-317-20260718-15:48:02-5193,param,Florasat_Individual_Sats.terminal[10].dlk.mac,satelliteDetectionProbability,,,0.9
General-317-20260718-15:48:02-5193,param,Florasat_Individual_Sats.terminal[10].dlk.mac,minimumElevation,,,5
General-317-20260718-15:48:02-5193,param,Florasat_Individual_Sats.terminal[10].dlk.mac,detectInitialListen,,,0.33s
General-317-20260718-15:48:02-5193,attr,Florasat_Individual_Sats.terminal[10].dlk.mac,detectInitialListen,unit,s,
General-317-20260718-15:48:02-5193,param,Florasat_Individual_Sats.terminal[10].dlk.mac,detectSuccessExtraMin,,,0.075s
General-317-20260718-15:48:02-5193,attr,Florasat_Individual_Sats.terminal[10].dlk.mac,detectSuccessExtraMin,unit,s,
General-317-20260718-15:48:02-5193,param,Florasat_Individual_Sats.terminal[10].dlk.mac,detectSuccessExtraMax,,,1.67s
General-317-20260718-15:48:02-5193,attr,Florasat_Individual_Sats.terminal[10].dlk.mac,detectSuccessExtraMax,unit,s,
General-317-20260718-15:48:02-5193,param,Florasat_Individual_Sats.terminal[10].dlk.mac,detectMissExtra,,,1.67s
General-317-20260718-15:48:02-5193,attr,Florasat_Individual_Sats.terminal[10].dlk.mac,detectMissExtra,unit,s,
General-317-20260718-15:48:02-5193,param,Florasat_Individual_Sats.terminal[10].dlk.mac,LoRaSF,,,12
General-317-20260718-15:48:02-5193,param,Florasat_Individual_Sats.terminal[10].dlk.mac,LoRaTP,,,13
General-317-20260718-15:48:02-5193,param,Florasat_Individual_Sats.terminal[10].dlk.mac,LoRaCF,,,8.68e+08
General-317-20260718-15:48:02-5193,param,Florasat_Individual_Sats.terminal[10].dlk.mac,LoRaBW,,,125000
General-317-20260718-15:48:02-5193,param,Florasat_Individual_Sats.terminal[10].dlk.mac,LoRaCR,,,1
General-317-20260718-15:48:02-5193,param,Florasat_Individual_Sats.terminal[10].dlk.mac,useMLBox,,,true
General-317-20260718-15:48:02-5193,param,Florasat_Individual_Sats.terminal[10].dlk.mac,useMLBoxBiLSTM,,,false
General-317-20260718-15:48:02-5193,param,Florasat_Individual_Sats.terminal[10].dlk.mac,useAnalytical,,,false
General-317-20260718-15:48:02-5193,param,Florasat_Individual_Sats.terminal[10].dlk,typename,,,"""Nodes._10_Terminal._20_Data_Link.Ter_Dlk"""
General-317-20260718-15:48:02-5193,param,Florasat_Individual_Sats.terminal[10].net.routing,typename,,,"""Global.Base._30_Network.Ter_Null_Routing"""
General-317-20260718-15:48:02-5193,param,Florasat_Individual_Sats.terminal[10].net,typename,,,"""Nodes._10_Terminal._30_Network.Ter_Net"""
General-317-20260718-15:48:02-5193,param,Florasat_Individual_Sats.terminal[10].net,layerName,,,"""Ter_Net"""
General-317-20260718-15:48:02-5193,attr,Florasat_Individual_Sats.terminal[10].net,layerName,optional,,
General-317-20260718-15:48:02-5193,param,Florasat_Individual_Sats.terminal[10].net,routingType,,,"""Ter_Null_Routing"""
General-317-20260718-15:48:02-5193,param,Florasat_Individual_Sats.terminal[10].app,typename,,,"""Nodes._10_Terminal._40_Application.Ter_App"""
General-317-20260718-15:48:02-5193,param,Florasat_Individual_Sats.terminal[10].app,layerName,,,"""TerminalApplicationLayer"""
General-317-20260718-15:48:02-5193,attr,Florasat_Individual_Sats.terminal[10].app,layerName,optional,,
General-317-20260718-15:48:02-5193,param,Florasat_Individual_Sats.terminal[10].app,numberOfPacketsToSend,,,0
General-317-20260718-15:48:02-5193,param,Florasat_Individual_Sats.terminal[10].app,timeToFirstPacket,,,1s
General-317-20260718-15:48:02-5193,attr,Florasat_Individual_Sats.terminal[10].app,timeToFirstPacket,unit,s,
General-317-20260718-15:48:02-5193,param,Florasat_Individual_Sats.terminal[10].app,timeToNextPacket,,,115s
General-317-20260718-15:48:02-5193,attr,Florasat_Individual_Sats.terminal[10].app,timeToNextPacket,unit,s,
General-317-20260718-15:48:02-5193,param,Florasat_Individual_Sats.terminal[10].app,timeToResponse,,,30s
General-317-20260718-15:48:02-5193,attr,Florasat_Individual_Sats.terminal[10].app,timeToResponse,unit,s,
General-317-20260718-15:48:02-5193,param,Florasat_Individual_Sats.terminal[10].app,timeToRetry,,,10s
General-317-20260718-15:48:02-5193,attr,Florasat_Individual_Sats.terminal[10].app,timeToRetry,unit,s,
General-317-20260718-15:48:02-5193,param,Florasat_Individual_Sats.terminal[10].app,ackTimeout,,,7s
General-317-20260718-15:48:02-5193,attr,Florasat_Individual_Sats.terminal[10].app,ackTimeout,unit,s,
General-317-20260718-15:48:02-5193,param,Florasat_Individual_Sats.terminal[10].app,timer,,,1s
General-317-20260718-15:48:02-5193,attr,Florasat_Individual_Sats.terminal[10].app,timer,unit,s,
General-317-20260718-15:48:02-5193,param,Florasat_Individual_Sats.terminal[10].app,initialLoRaTP,,,14dBm
General-317-20260718-15:48:02-5193,attr,Florasat_Individual_Sats.terminal[10].app,initialLoRaTP,unit,dBm,
General-317-20260718-15:48:02-5193,param,Florasat_Individual_Sats.terminal[10].app,initialLoRaCF,,,8.68e+08Hz
General-317-20260718-15:48:02-5193,attr,Florasat_Individual_Sats.terminal[10].app,initialLoRaCF,unit,Hz,
General-317-20260718-15:48:02-5193,param,Florasat_Individual_Sats.terminal[10].app,initialLoRaSF,,,12
General-317-20260718-15:48:02-5193,param,Florasat_Individual_Sats.terminal[10].app,initialLoRaBW,,,125000Hz
General-317-20260718-15:48:02-5193,attr,Florasat_Individual_Sats.terminal[10].app,initialLoRaBW,unit,Hz,
General-317-20260718-15:48:02-5193,param,Florasat_Individual_Sats.terminal[10].app,initialLoRaCR,,,4
General-317-20260718-15:48:02-5193,param,Florasat_Individual_Sats.terminal[10].app,initialUseHeader,,,true
General-317-20260718-15:48:02-5193,param,Florasat_Individual_Sats.terminal[10].app,initialPingSlot,,,1
General-317-20260718-15:48:02-5193,param,Florasat_Individual_Sats.terminal[10].app,InitClassA,,,true
General-317-20260718-15:48:02-5193,param,Florasat_Individual_Sats.terminal[10].app,InitClassB,,,false
General-317-20260718-15:48:02-5193,param,Florasat_Individual_Sats.terminal[10].app,evaluateADRinNode,,,false
General-317-20260718-15:48:02-5193,param,Florasat_Individual_Sats.terminal[10].app,payloadSize,,,10B
General-317-20260718-15:48:02-5193,attr,Florasat_Individual_Sats.terminal[10].app,payloadSize,unit,B,
General-317-20260718-15:48:02-5193,param,Florasat_Individual_Sats.terminal[10].app,usingAck,,,true
General-317-20260718-15:48:02-5193,param,Florasat_Individual_Sats.terminal[10].app,numGroundLinks,,,40
General-317-20260718-15:48:02-5193,param,Florasat_Individual_Sats.terminal[10].app,maxHops,,,50
General-317-20260718-15:48:02-5193,param,Florasat_Individual_Sats.terminal[10].app,nroMaxAttempts,,,0
General-317-20260718-15:48:02-5193,param,Florasat_Individual_Sats.terminal[10].eng,typename,,,"""Nodes._10_Terminal._50_Energy.Ter_Ene"""
General-317-20260718-15:48:02-5193,param,Florasat_Individual_Sats.terminal[10].mob,typename,,,"""Nodes._10_Terminal._60_Mobility.Ter_Mob"""
General-317-20260718-15:48:02-5193,param,Florasat_Individual_Sats.terminal[10].mob,subjectModule,,,"""^"""
General-317-20260718-15:48:02-5193,param,Florasat_Individual_Sats.terminal[10].mob,coordinateSystemModule,,,""""""
General-317-20260718-15:48:02-5193,param,Florasat_Individual_Sats.terminal[10].mob,displayStringTextFormat,,,"""p: %p\nv: %v"""
General-317-20260718-15:48:02-5193,attr,Florasat_Individual_Sats.terminal[10].mob,displayStringTextFormat,mutable,,
General-317-20260718-15:48:02-5193,param,Florasat_Individual_Sats.terminal[10].mob,updateDisplayString,,,true
General-317-20260718-15:48:02-5193,param,Florasat_Individual_Sats.terminal[10].mob,constraintAreaMinX,,,-inf m
General-317-20260718-15:48:02-5193,attr,Florasat_Individual_Sats.terminal[10].mob,constraintAreaMinX,unit,m,
General-317-20260718-15:48:02-5193,param,Florasat_Individual_Sats.terminal[10].mob,constraintAreaMinY,,,-inf m
General-317-20260718-15:48:02-5193,attr,Florasat_Individual_Sats.terminal[10].mob,constraintAreaMinY,unit,m,
General-317-20260718-15:48:02-5193,param,Florasat_Individual_Sats.terminal[10].mob,constraintAreaMinZ,,,-inf m
General-317-20260718-15:48:02-5193,attr,Florasat_Individual_Sats.terminal[10].mob,constraintAreaMinZ,unit,m,
General-317-20260718-15:48:02-5193,param,Florasat_Individual_Sats.terminal[10].mob,constraintAreaMaxX,,,inf m
General-317-20260718-15:48:02-5193,attr,Florasat_Individual_Sats.terminal[10].mob,constraintAreaMaxX,unit,m,
General-317-20260718-15:48:02-5193,param,Florasat_Individual_Sats.terminal[10].mob,constraintAreaMaxY,,,inf m
General-317-20260718-15:48:02-5193,attr,Florasat_Individual_Sats.terminal[10].mob,constraintAreaMaxY,unit,m,
General-317-20260718-15:48:02-5193,param,Florasat_Individual_Sats.terminal[10].mob,constraintAreaMaxZ,,,inf m
General-317-20260718-15:48:02-5193,attr,Florasat_Individual_Sats.terminal[10].mob,constraintAreaMaxZ,unit,m,
General-317-20260718-15:48:02-5193,param,Florasat_Individual_Sats.terminal[10].mob,initialX,,,nan m
General-317-20260718-15:48:02-5193,attr,Florasat_Individual_Sats.terminal[10].mob,initialX,unit,m,
General-317-20260718-15:48:02-5193,param,Florasat_Individual_Sats.terminal[10].mob,initialY,,,nan m
General-317-20260718-15:48:02-5193,attr,Florasat_Individual_Sats.terminal[10].mob,initialY,unit,m,
General-317-20260718-15:48:02-5193,param,Florasat_Individual_Sats.terminal[10].mob,initialZ,,,0m
General-317-20260718-15:48:02-5193,attr,Florasat_Individual_Sats.terminal[10].mob,initialZ,unit,m,
General-317-20260718-15:48:02-5193,param,Florasat_Individual_Sats.terminal[10].mob,initialLatitude,,,nan deg
General-317-20260718-15:48:02-5193,attr,Florasat_Individual_Sats.terminal[10].mob,initialLatitude,unit,deg,
General-317-20260718-15:48:02-5193,param,Florasat_Individual_Sats.terminal[10].mob,initialLongitude,,,nan deg
General-317-20260718-15:48:02-5193,attr,Florasat_Individual_Sats.terminal[10].mob,initialLongitude,unit,deg,
General-317-20260718-15:48:02-5193,param,Florasat_Individual_Sats.terminal[10].mob,initialAltitude,,,0m
General-317-20260718-15:48:02-5193,attr,Florasat_Individual_Sats.terminal[10].mob,initialAltitude,unit,m,
General-317-20260718-15:48:02-5193,param,Florasat_Individual_Sats.terminal[10].mob,initialHeading,,,0deg
General-317-20260718-15:48:02-5193,attr,Florasat_Individual_Sats.terminal[10].mob,initialHeading,unit,deg,
General-317-20260718-15:48:02-5193,param,Florasat_Individual_Sats.terminal[10].mob,initialElevation,,,0deg
General-317-20260718-15:48:02-5193,attr,Florasat_Individual_Sats.terminal[10].mob,initialElevation,unit,deg,
General-317-20260718-15:48:02-5193,param,Florasat_Individual_Sats.terminal[10].mob,initialBank,,,0deg
General-317-20260718-15:48:02-5193,attr,Florasat_Individual_Sats.terminal[10].mob,initialBank,unit,deg,
General-317-20260718-15:48:02-5193,param,Florasat_Individual_Sats.terminal[10].mob,initFromDisplayString,,,false
General-317-20260718-15:48:02-5193,param,Florasat_Individual_Sats.terminal[10].mob,updateFromDisplayString,,,false
General-317-20260718-15:48:02-5193,param,Florasat_Individual_Sats.terminal[10].mob,centerLatitude,,,51.455
General-317-20260718-15:48:02-5193,param,Florasat_Individual_Sats.terminal[10].mob,centerLongitude,,,7.011
General-317-20260718-15:48:02-5193,param,Florasat_Individual_Sats.terminal[10].mob,deploymentRadius,,,200
General-317-20260718-15:48:02-5193,param,Florasat_Individual_Sats.terminal[10],typename,,,"""Nodes._10_Terminal.Terminal"""
General-317-20260718-15:48:02-5193,param,Florasat_Individual_Sats.terminal[10],layerName,,,"""Terminal"""
General-317-20260718-15:48:02-5193,attr,Florasat_Individual_Sats.terminal[10],layerName,optional,,
General-317-20260718-15:48:02-5193,param,Florasat_Individual_Sats.terminal[10],sendData,,,true
General-317-20260718-15:48:02-5193,attr,Florasat_Individual_Sats.terminal[10],sendData,mutable,,
General-317-20260718-15:48:02-5193,param,Florasat_Individual_Sats.terminal[10],dstGsOrDev,,,0
General-317-20260718-15:48:02-5193,param,Florasat_Individual_Sats.terminal[11].phy.radio.antenna,typename,,,"""inet.physicallayer.wireless.common.antenna.IsotropicAntenna"""
General-317-20260718-15:48:02-5193,param,Florasat_Individual_Sats.terminal[11].phy.radio.antenna,mobilityModule,,,"""^.^.^.mob"""
General-317-20260718-15:48:02-5193,param,Florasat_Individual_Sats.terminal[11].phy.radio.antenna,numAntennas,,,1
General-317-20260718-15:48:02-5193,param,Florasat_Individual_Sats.terminal[11].phy.radio.transmitter,typename,,,"""Global.Transceiver.LoRaTransmitter"""
General-317-20260718-15:48:02-5193,param,Florasat_Individual_Sats.terminal[11].phy.radio.transmitter,preambleDuration,,,0.001s
General-317-20260718-15:48:02-5193,attr,Florasat_Individual_Sats.terminal[11].phy.radio.transmitter,preambleDuration,unit,s,
General-317-20260718-15:48:02-5193,param,Florasat_Individual_Sats.terminal[11].phy.radio.transmitter,headerLength,,,40b
General-317-20260718-15:48:02-5193,attr,Florasat_Individual_Sats.terminal[11].phy.radio.transmitter,headerLength,unit,b,
General-317-20260718-15:48:02-5193,param,Florasat_Individual_Sats.terminal[11].phy.radio.transmitter,bitrate,,,250000bps
General-317-20260718-15:48:02-5193,attr,Florasat_Individual_Sats.terminal[11].phy.radio.transmitter,bitrate,unit,bps,
General-317-20260718-15:48:02-5193,param,Florasat_Individual_Sats.terminal[11].phy.radio.transmitter,power,,,0.025118W
General-317-20260718-15:48:02-5193,attr,Florasat_Individual_Sats.terminal[11].phy.radio.transmitter,power,unit,W,
General-317-20260718-15:48:02-5193,param,Florasat_Individual_Sats.terminal[11].phy.radio.transmitter,centerFrequency,,,8.68e+08Hz
General-317-20260718-15:48:02-5193,attr,Florasat_Individual_Sats.terminal[11].phy.radio.transmitter,centerFrequency,unit,Hz,
General-317-20260718-15:48:02-5193,param,Florasat_Individual_Sats.terminal[11].phy.radio.transmitter,bandwidth,,,250000Hz
General-317-20260718-15:48:02-5193,attr,Florasat_Individual_Sats.terminal[11].phy.radio.transmitter,bandwidth,unit,Hz,
General-317-20260718-15:48:02-5193,param,Florasat_Individual_Sats.terminal[11].phy.radio.transmitter,codeRate,,,1
General-317-20260718-15:48:02-5193,param,Florasat_Individual_Sats.terminal[11].phy.radio.transmitter,modulation,,,"""LoRaModulation"""
General-317-20260718-15:48:02-5193,param,Florasat_Individual_Sats.terminal[11].phy.radio.receiver,typename,,,"""Global.Transceiver.LoRaReceiver"""
General-317-20260718-15:48:02-5193,param,Florasat_Individual_Sats.terminal[11].phy.radio.receiver,energyDetection,,,-90dBm
General-317-20260718-15:48:02-5193,attr,Florasat_Individual_Sats.terminal[11].phy.radio.receiver,energyDetection,unit,dBm,
General-317-20260718-15:48:02-5193,param,Florasat_Individual_Sats.terminal[11].phy.radio.receiver,sensitivity,,,-137dBm
General-317-20260718-15:48:02-5193,attr,Florasat_Individual_Sats.terminal[11].phy.radio.receiver,sensitivity,unit,dBm,
General-317-20260718-15:48:02-5193,param,Florasat_Individual_Sats.terminal[11].phy.radio.receiver,snirThreshold,,,-8dB
General-317-20260718-15:48:02-5193,attr,Florasat_Individual_Sats.terminal[11].phy.radio.receiver,snirThreshold,unit,dB,
General-317-20260718-15:48:02-5193,param,Florasat_Individual_Sats.terminal[11].phy.radio.receiver,centerFrequency,,,8.68e+08Hz
General-317-20260718-15:48:02-5193,attr,Florasat_Individual_Sats.terminal[11].phy.radio.receiver,centerFrequency,unit,Hz,
General-317-20260718-15:48:02-5193,param,Florasat_Individual_Sats.terminal[11].phy.radio.receiver,bandwidth,,,250000Hz
General-317-20260718-15:48:02-5193,attr,Florasat_Individual_Sats.terminal[11].phy.radio.receiver,bandwidth,unit,Hz,
General-317-20260718-15:48:02-5193,param,Florasat_Individual_Sats.terminal[11].phy.radio.receiver,alohaChannelModel,,,false
General-317-20260718-15:48:02-5193,param,Florasat_Individual_Sats.terminal[11].phy.radio.receiver,errorModelType,,,""""""
General-317-20260718-15:48:02-5193,param,Florasat_Individual_Sats.terminal[11].phy.radio.receiver,ignoreInterference,,,false
General-317-20260718-15:48:02-5193,param,Florasat_Individual_Sats.terminal[11].phy.radio.receiver,enableCollisionOverlap,,,false
General-317-20260718-15:48:02-5193,param,Florasat_Individual_Sats.terminal[11].phy.radio.receiver,minCollisionOverlap,,,0s
General-317-20260718-15:48:02-5193,attr,Florasat_Individual_Sats.terminal[11].phy.radio.receiver,minCollisionOverlap,unit,s,
General-317-20260718-15:48:02-5193,param,Florasat_Individual_Sats.terminal[11].phy.radio.IdealEpEnergyStorage,typename,,,"""inet.power.storage.IdealEpEnergyStorage"""
General-317-20260718-15:48:02-5193,param,Florasat_Individual_Sats.terminal[11].phy.radio,typename,,,"""Nodes._10_Terminal._10_Physical.Ter_Phy_LoRaRadio"""
General-317-20260718-15:48:02-5193,param,Florasat_Individual_Sats.terminal[11].phy.radio,radioMediumModule,,,"""radioMedium"""
General-317-20260718-15:48:02-5193,param,Florasat_Individual_Sats.terminal[11].phy.radio,energySourceModule,,,""""""
General-317-20260718-15:48:02-5193,param,Florasat_Individual_Sats.terminal[11].phy.radio,initialRadioMode,,,"""off"""
General-317-20260718-15:48:02-5193,attr,Florasat_Individual_Sats.terminal[11].phy.radio,initialRadioMode,enum,"off,sleep,receiver,transmitter,transceiver",
General-317-20260718-15:48:02-5193,param,Florasat_Individual_Sats.terminal[11].phy.radio,switchingTimes,,,"""ms 0 0 0 0 0 0 0 0 0 0 0 0 0 0 0 0 0 0 0 0 0 0 0 0 0"""
General-317-20260718-15:48:02-5193,param,Florasat_Individual_Sats.terminal[11].phy.radio,sendRawBytes,,,false
General-317-20260718-15:48:02-5193,param,Florasat_Individual_Sats.terminal[11].phy.radio,separateTransmissionParts,,,false
General-317-20260718-15:48:02-5193,param,Florasat_Individual_Sats.terminal[11].phy.radio,separateReceptionParts,,,false
General-317-20260718-15:48:02-5193,param,Florasat_Individual_Sats.terminal[11].phy.radio,displayCommunicationRange,,,false
General-317-20260718-15:48:02-5193,param,Florasat_Individual_Sats.terminal[11].phy.radio,displayInterferenceRange,,,false
General-317-20260718-15:48:02-5193,param,Florasat_Individual_Sats.terminal[11].phy.radio,centerFrequency,,,8.68e+08Hz
General-317-20260718-15:48:02-5193,attr,Florasat_Individual_Sats.terminal[11].phy.radio,centerFrequency,unit,Hz,
General-317-20260718-15:48:02-5193,param,Florasat_Individual_Sats.terminal[11].phy.radio,bandwidth,,,250000Hz
General-317-20260718-15:48:02-5193,attr,Florasat_Individual_Sats.terminal[11].phy.radio,bandwidth,unit,Hz,
General-317-20260718-15:48:02-5193,param,Florasat_Individual_Sats.terminal[11].phy.radio,iAmGateway,,,false
General-317-20260718-15:48:02-5193,param,Florasat_Individual_Sats.terminal[11].phy,typename,,,"""Nodes._10_Terminal._10_Physical.Ter_Phy"""
General-317-20260718-15:48:02-5193,param,Florasat_Individual_Sats.terminal[11].phy,layerName,,,"""Ter_Phy"""
General-317-20260718-15:48:02-5193,attr,Florasat_Individual_Sats.terminal[11].phy,layerName,optional,,
General-317-20260718-15:48:02-5193,param,Florasat_Individual_Sats.terminal[11].dlk.mac.queue,typename,,,"""inet.queueing.queue.DropTailQueue"""
General-317-20260718-15:48:02-5193,param,Florasat_Individual_Sats.terminal[11].dlk.mac.queue,displayStringTextFormat,,,"""contains %p pk (%l) pushed %u\npulled %o removed %r dropped %d"""
General-317-20260718-15:48:02-5193,param,Florasat_Individual_Sats.terminal[11].dlk.mac.queue,packetCapacity,,,-1
General-317-20260718-15:48:02-5193,param,Florasat_Individual_Sats.terminal[11].dlk.mac.queue,dataCapacity,,,-1b
General-317-20260718-15:48:02-5193,attr,Florasat_Individual_Sats.terminal[11].dlk.mac.queue,dataCapacity,unit,b,
General-317-20260718-15:48:02-5193,param,Florasat_Individual_Sats.terminal[11].dlk.mac.queue,dropperClass,,,"""inet::queueing::PacketAtCollectionEndDropper"""
General-317-20260718-15:48:02-5193,param,Florasat_Individual_Sats.terminal[11].dlk.mac.queue,comparatorClass,,,""""""
General-317-20260718-15:48:02-5193,param,Florasat_Individual_Sats.terminal[11].dlk.mac.queue,bufferModule,,,""""""
General-317-20260718-15:48:02-5193,param,Florasat_Individual_Sats.terminal[11].dlk.mac.mlBox,typename,,,"""Nodes._10_Terminal._20_Data_Link.Transmission_Predictor.Transmission_Predictor"""
General-317-20260718-15:48:02-5193,param,Florasat_Individual_Sats.terminal[11].dlk.mac.mlBox,modelPath,,,"""/home/ylnner/Documents/omnet++/omnetpp-6.3.0/projects/florasat_v4_ult_routing/simulations/Test_Individual/mlmodels/transformer_scripted.pt"""
General-317-20260718-15:48:02-5193,param,Florasat_Individual_Sats.terminal[11].dlk.mac.mlBox,threshold,,,0.2
General-317-20260718-15:48:02-5193,param,Florasat_Individual_Sats.terminal[11].dlk.mac.mlBox,scalerPath,,,""""""
General-317-20260718-15:48:02-5193,param,Florasat_Individual_Sats.terminal[11].dlk.mac,typename,,,"""Nodes._10_Terminal._20_Data_Link.Ter_Dlk_KiWan"""
General-317-20260718-15:48:02-5193,param,Florasat_Individual_Sats.terminal[11].dlk.mac,interfaceTableModule,,,""""""
General-317-20260718-15:48:02-5193,param,Florasat_Individual_Sats.terminal[11].dlk.mac,radioModule,,,"""^.^.phy.radio"""
General-317-20260718-15:48:02-5193,param,Florasat_Individual_Sats.terminal[11].dlk.mac,address,,,"""0A-AA-00-00-00-0C"""
General-317-20260718-15:48:02-5193,attr,Florasat_Individual_Sats.terminal[11].dlk.mac,address,mutable,,
General-317-20260718-15:48:02-5193,param,Florasat_Individual_Sats.terminal[11].dlk.mac,mtu,,,1500
General-317-20260718-15:48:02-5193,param,Florasat_Individual_Sats.terminal[11].dlk.mac,ttwDuration,,,100s
General-317-20260718-15:48:02-5193,attr,Florasat_Individual_Sats.terminal[11].dlk.mac,ttwDuration,unit,s,
General-317-20260718-15:48:02-5193,param,Florasat_Individual_Sats.terminal[11].dlk.mac,ttwIdle,,,0s
General-317-20260718-15:48:02-5193,attr,Florasat_Individual_Sats.terminal[11].dlk.mac,ttwIdle,unit,s,
General-317-20260718-15:48:02-5193,param,Florasat_Individual_Sats.terminal[11].dlk.mac,ttxStart_min,,,0s
General-317-20260718-15:48:02-5193,attr,Florasat_Individual_Sats.terminal[11].dlk.mac,ttxStart_min,unit,s,
General-317-20260718-15:48:02-5193,param,Florasat_Individual_Sats.terminal[11].dlk.mac,ttxStart_max,,,1s
General-317-20260718-15:48:02-5193,attr,Florasat_Individual_Sats.terminal[11].dlk.mac,ttxStart_max,unit,s,
General-317-20260718-15:48:02-5193,param,Florasat_Individual_Sats.terminal[11].dlk.mac,ttxIdle_min,,,10s
General-317-20260718-15:48:02-5193,attr,Florasat_Individual_Sats.terminal[11].dlk.mac,ttxIdle_min,unit,s,
General-317-20260718-15:48:02-5193,param,Florasat_Individual_Sats.terminal[11].dlk.mac,ttxIdle_max,,,15s
General-317-20260718-15:48:02-5193,attr,Florasat_Individual_Sats.terminal[11].dlk.mac,ttxIdle_max,unit,s,
General-317-20260718-15:48:02-5193,param,Florasat_Individual_Sats.terminal[11].dlk.mac,Ntw,,,1
General-317-20260718-15:48:02-5193,param,Florasat_Individual_Sats.terminal[11].dlk.mac,Ntx,,,5
General-317-20260718-15:48:02-5193,param,Florasat_Individual_Sats.terminal[11].dlk.mac,enableSatDetect,,,false
General-317-20260718-15:48:02-5193,param,Florasat_Individual_Sats.terminal[11].dlk.mac,tsdStart_min,,,0s
General-317-20260718-15:48:02-5193,attr,Florasat_Individual_Sats.terminal[11].dlk.mac,tsdStart_min,unit,s,
General-317-20260718-15:48:02-5193,param,Florasat_Individual_Sats.terminal[11].dlk.mac,tsdStart_max,,,60s
General-317-20260718-15:48:02-5193,attr,Florasat_Individual_Sats.terminal[11].dlk.mac,tsdStart_max,unit,s,
General-317-20260718-15:48:02-5193,param,Florasat_Individual_Sats.terminal[11].dlk.mac,Ndetect,,,4
General-317-20260718-15:48:02-5193,param,Florasat_Individual_Sats.terminal[11].dlk.mac,NsdSync,,,2
General-317-20260718-15:48:02-5193,param,Florasat_Individual_Sats.terminal[11].dlk.mac,tsyncIdle,,,60s
General-317-20260718-15:48:02-5193,attr,Florasat_Individual_Sats.terminal[11].dlk.mac,tsyncIdle,unit,s,
General-317-20260718-15:48:02-5193,param,Florasat_Individual_Sats.terminal[11].dlk.mac,tsdIdle,,,240s
General-317-20260718-15:48:02-5193,attr,Florasat_Individual_Sats.terminal[11].dlk.mac,tsdIdle,unit,s,
General-317-20260718-15:48:02-5193,param,Florasat_Individual_Sats.terminal[11].dlk.mac,satelliteDetectionProbability,,,0.9
General-317-20260718-15:48:02-5193,param,Florasat_Individual_Sats.terminal[11].dlk.mac,minimumElevation,,,5
General-317-20260718-15:48:02-5193,param,Florasat_Individual_Sats.terminal[11].dlk.mac,detectInitialListen,,,0.33s
General-317-20260718-15:48:02-5193,attr,Florasat_Individual_Sats.terminal[11].dlk.mac,detectInitialListen,unit,s,
General-317-20260718-15:48:02-5193,param,Florasat_Individual_Sats.terminal[11].dlk.mac,detectSuccessExtraMin,,,0.075s
General-317-20260718-15:48:02-5193,attr,Florasat_Individual_Sats.terminal[11].dlk.mac,detectSuccessExtraMin,unit,s,
General-317-20260718-15:48:02-5193,param,Florasat_Individual_Sats.terminal[11].dlk.mac,detectSuccessExtraMax,,,1.67s
General-317-20260718-15:48:02-5193,attr,Florasat_Individual_Sats.terminal[11].dlk.mac,detectSuccessExtraMax,unit,s,
General-317-20260718-15:48:02-5193,param,Florasat_Individual_Sats.terminal[11].dlk.mac,detectMissExtra,,,1.67s
General-317-20260718-15:48:02-5193,attr,Florasat_Individual_Sats.terminal[11].dlk.mac,detectMissExtra,unit,s,
General-317-20260718-15:48:02-5193,param,Florasat_Individual_Sats.terminal[11].dlk.mac,LoRaSF,,,10
General-317-20260718-15:48:02-5193,param,Florasat_Individual_Sats.terminal[11].dlk.mac,LoRaTP,,,12
General-317-20260718-15:48:02-5193,param,Florasat_Individual_Sats.terminal[11].dlk.mac,LoRaCF,,,8.68e+08
General-317-20260718-15:48:02-5193,param,Florasat_Individual_Sats.terminal[11].dlk.mac,LoRaBW,,,125000
General-317-20260718-15:48:02-5193,param,Florasat_Individual_Sats.terminal[11].dlk.mac,LoRaCR,,,1
General-317-20260718-15:48:02-5193,param,Florasat_Individual_Sats.terminal[11].dlk.mac,useMLBox,,,true
General-317-20260718-15:48:02-5193,param,Florasat_Individual_Sats.terminal[11].dlk.mac,useMLBoxBiLSTM,,,false
General-317-20260718-15:48:02-5193,param,Florasat_Individual_Sats.terminal[11].dlk.mac,useAnalytical,,,false
General-317-20260718-15:48:02-5193,param,Florasat_Individual_Sats.terminal[11].dlk,typename,,,"""Nodes._10_Terminal._20_Data_Link.Ter_Dlk"""
General-317-20260718-15:48:02-5193,param,Florasat_Individual_Sats.terminal[11].net.routing,typename,,,"""Global.Base._30_Network.Ter_Null_Routing"""
General-317-20260718-15:48:02-5193,param,Florasat_Individual_Sats.terminal[11].net,typename,,,"""Nodes._10_Terminal._30_Network.Ter_Net"""
General-317-20260718-15:48:02-5193,param,Florasat_Individual_Sats.terminal[11].net,layerName,,,"""Ter_Net"""
General-317-20260718-15:48:02-5193,attr,Florasat_Individual_Sats.terminal[11].net,layerName,optional,,
General-317-20260718-15:48:02-5193,param,Florasat_Individual_Sats.terminal[11].net,routingType,,,"""Ter_Null_Routing"""
General-317-20260718-15:48:02-5193,param,Florasat_Individual_Sats.terminal[11].app,typename,,,"""Nodes._10_Terminal._40_Application.Ter_App"""
General-317-20260718-15:48:02-5193,param,Florasat_Individual_Sats.terminal[11].app,layerName,,,"""TerminalApplicationLayer"""
General-317-20260718-15:48:02-5193,attr,Florasat_Individual_Sats.terminal[11].app,layerName,optional,,
General-317-20260718-15:48:02-5193,param,Florasat_Individual_Sats.terminal[11].app,numberOfPacketsToSend,,,0
General-317-20260718-15:48:02-5193,param,Florasat_Individual_Sats.terminal[11].app,timeToFirstPacket,,,1s
General-317-20260718-15:48:02-5193,attr,Florasat_Individual_Sats.terminal[11].app,timeToFirstPacket,unit,s,
General-317-20260718-15:48:02-5193,param,Florasat_Individual_Sats.terminal[11].app,timeToNextPacket,,,115s
General-317-20260718-15:48:02-5193,attr,Florasat_Individual_Sats.terminal[11].app,timeToNextPacket,unit,s,
General-317-20260718-15:48:02-5193,param,Florasat_Individual_Sats.terminal[11].app,timeToResponse,,,30s
General-317-20260718-15:48:02-5193,attr,Florasat_Individual_Sats.terminal[11].app,timeToResponse,unit,s,
General-317-20260718-15:48:02-5193,param,Florasat_Individual_Sats.terminal[11].app,timeToRetry,,,10s
General-317-20260718-15:48:02-5193,attr,Florasat_Individual_Sats.terminal[11].app,timeToRetry,unit,s,
General-317-20260718-15:48:02-5193,param,Florasat_Individual_Sats.terminal[11].app,ackTimeout,,,7s
General-317-20260718-15:48:02-5193,attr,Florasat_Individual_Sats.terminal[11].app,ackTimeout,unit,s,
General-317-20260718-15:48:02-5193,param,Florasat_Individual_Sats.terminal[11].app,timer,,,1s
General-317-20260718-15:48:02-5193,attr,Florasat_Individual_Sats.terminal[11].app,timer,unit,s,
General-317-20260718-15:48:02-5193,param,Florasat_Individual_Sats.terminal[11].app,initialLoRaTP,,,14dBm
General-317-20260718-15:48:02-5193,attr,Florasat_Individual_Sats.terminal[11].app,initialLoRaTP,unit,dBm,
General-317-20260718-15:48:02-5193,param,Florasat_Individual_Sats.terminal[11].app,initialLoRaCF,,,8.68e+08Hz
General-317-20260718-15:48:02-5193,attr,Florasat_Individual_Sats.terminal[11].app,initialLoRaCF,unit,Hz,
General-317-20260718-15:48:02-5193,param,Florasat_Individual_Sats.terminal[11].app,initialLoRaSF,,,12
General-317-20260718-15:48:02-5193,param,Florasat_Individual_Sats.terminal[11].app,initialLoRaBW,,,125000Hz
General-317-20260718-15:48:02-5193,attr,Florasat_Individual_Sats.terminal[11].app,initialLoRaBW,unit,Hz,
General-317-20260718-15:48:02-5193,param,Florasat_Individual_Sats.terminal[11].app,initialLoRaCR,,,4
General-317-20260718-15:48:02-5193,param,Florasat_Individual_Sats.terminal[11].app,initialUseHeader,,,true
General-317-20260718-15:48:02-5193,param,Florasat_Individual_Sats.terminal[11].app,initialPingSlot,,,1
General-317-20260718-15:48:02-5193,param,Florasat_Individual_Sats.terminal[11].app,InitClassA,,,true
General-317-20260718-15:48:02-5193,param,Florasat_Individual_Sats.terminal[11].app,InitClassB,,,false
General-317-20260718-15:48:02-5193,param,Florasat_Individual_Sats.terminal[11].app,evaluateADRinNode,,,false
General-317-20260718-15:48:02-5193,param,Florasat_Individual_Sats.terminal[11].app,payloadSize,,,10B
General-317-20260718-15:48:02-5193,attr,Florasat_Individual_Sats.terminal[11].app,payloadSize,unit,B,
General-317-20260718-15:48:02-5193,param,Florasat_Individual_Sats.terminal[11].app,usingAck,,,true
General-317-20260718-15:48:02-5193,param,Florasat_Individual_Sats.terminal[11].app,numGroundLinks,,,40
General-317-20260718-15:48:02-5193,param,Florasat_Individual_Sats.terminal[11].app,maxHops,,,50
General-317-20260718-15:48:02-5193,param,Florasat_Individual_Sats.terminal[11].app,nroMaxAttempts,,,0
General-317-20260718-15:48:02-5193,param,Florasat_Individual_Sats.terminal[11].eng,typename,,,"""Nodes._10_Terminal._50_Energy.Ter_Ene"""
General-317-20260718-15:48:02-5193,param,Florasat_Individual_Sats.terminal[11].mob,typename,,,"""Nodes._10_Terminal._60_Mobility.Ter_Mob"""
General-317-20260718-15:48:02-5193,param,Florasat_Individual_Sats.terminal[11].mob,subjectModule,,,"""^"""
General-317-20260718-15:48:02-5193,param,Florasat_Individual_Sats.terminal[11].mob,coordinateSystemModule,,,""""""
General-317-20260718-15:48:02-5193,param,Florasat_Individual_Sats.terminal[11].mob,displayStringTextFormat,,,"""p: %p\nv: %v"""
General-317-20260718-15:48:02-5193,attr,Florasat_Individual_Sats.terminal[11].mob,displayStringTextFormat,mutable,,
General-317-20260718-15:48:02-5193,param,Florasat_Individual_Sats.terminal[11].mob,updateDisplayString,,,true
General-317-20260718-15:48:02-5193,param,Florasat_Individual_Sats.terminal[11].mob,constraintAreaMinX,,,-inf m
General-317-20260718-15:48:02-5193,attr,Florasat_Individual_Sats.terminal[11].mob,constraintAreaMinX,unit,m,
General-317-20260718-15:48:02-5193,param,Florasat_Individual_Sats.terminal[11].mob,constraintAreaMinY,,,-inf m
General-317-20260718-15:48:02-5193,attr,Florasat_Individual_Sats.terminal[11].mob,constraintAreaMinY,unit,m,
General-317-20260718-15:48:02-5193,param,Florasat_Individual_Sats.terminal[11].mob,constraintAreaMinZ,,,-inf m
General-317-20260718-15:48:02-5193,attr,Florasat_Individual_Sats.terminal[11].mob,constraintAreaMinZ,unit,m,
General-317-20260718-15:48:02-5193,param,Florasat_Individual_Sats.terminal[11].mob,constraintAreaMaxX,,,inf m
General-317-20260718-15:48:02-5193,attr,Florasat_Individual_Sats.terminal[11].mob,constraintAreaMaxX,unit,m,
General-317-20260718-15:48:02-5193,param,Florasat_Individual_Sats.terminal[11].mob,constraintAreaMaxY,,,inf m
General-317-20260718-15:48:02-5193,attr,Florasat_Individual_Sats.terminal[11].mob,constraintAreaMaxY,unit,m,
General-317-20260718-15:48:02-5193,param,Florasat_Individual_Sats.terminal[11].mob,constraintAreaMaxZ,,,inf m
General-317-20260718-15:48:02-5193,attr,Florasat_Individual_Sats.terminal[11].mob,constraintAreaMaxZ,unit,m,
General-317-20260718-15:48:02-5193,param,Florasat_Individual_Sats.terminal[11].mob,initialX,,,nan m
General-317-20260718-15:48:02-5193,attr,Florasat_Individual_Sats.terminal[11].mob,initialX,unit,m,
General-317-20260718-15:48:02-5193,param,Florasat_Individual_Sats.terminal[11].mob,initialY,,,nan m
General-317-20260718-15:48:02-5193,attr,Florasat_Individual_Sats.terminal[11].mob,initialY,unit,m,
General-317-20260718-15:48:02-5193,param,Florasat_Individual_Sats.terminal[11].mob,initialZ,,,0m
General-317-20260718-15:48:02-5193,attr,Florasat_Individual_Sats.terminal[11].mob,initialZ,unit,m,
General-317-20260718-15:48:02-5193,param,Florasat_Individual_Sats.terminal[11].mob,initialLatitude,,,nan deg
General-317-20260718-15:48:02-5193,attr,Florasat_Individual_Sats.terminal[11].mob,initialLatitude,unit,deg,
General-317-20260718-15:48:02-5193,param,Florasat_Individual_Sats.terminal[11].mob,initialLongitude,,,nan deg
General-317-20260718-15:48:02-5193,attr,Florasat_Individual_Sats.terminal[11].mob,initialLongitude,unit,deg,
General-317-20260718-15:48:02-5193,param,Florasat_Individual_Sats.terminal[11].mob,initialAltitude,,,0m
General-317-20260718-15:48:02-5193,attr,Florasat_Individual_Sats.terminal[11].mob,initialAltitude,unit,m,
General-317-20260718-15:48:02-5193,param,Florasat_Individual_Sats.terminal[11].mob,initialHeading,,,0deg
General-317-20260718-15:48:02-5193,attr,Florasat_Individual_Sats.terminal[11].mob,initialHeading,unit,deg,
General-317-20260718-15:48:02-5193,param,Florasat_Individual_Sats.terminal[11].mob,initialElevation,,,0deg
General-317-20260718-15:48:02-5193,attr,Florasat_Individual_Sats.terminal[11].mob,initialElevation,unit,deg,
General-317-20260718-15:48:02-5193,param,Florasat_Individual_Sats.terminal[11].mob,initialBank,,,0deg
General-317-20260718-15:48:02-5193,attr,Florasat_Individual_Sats.terminal[11].mob,initialBank,unit,deg,
General-317-20260718-15:48:02-5193,param,Florasat_Individual_Sats.terminal[11].mob,initFromDisplayString,,,false
General-317-20260718-15:48:02-5193,param,Florasat_Individual_Sats.terminal[11].mob,updateFromDisplayString,,,false
General-317-20260718-15:48:02-5193,param,Florasat_Individual_Sats.terminal[11].mob,centerLatitude,,,49.452
General-317-20260718-15:48:02-5193,param,Florasat_Individual_Sats.terminal[11].mob,centerLongitude,,,11.076
General-317-20260718-15:48:02-5193,param,Florasat_Individual_Sats.terminal[11].mob,deploymentRadius,,,200
General-317-20260718-15:48:02-5193,param,Florasat_Individual_Sats.terminal[11],typename,,,"""Nodes._10_Terminal.Terminal"""
General-317-20260718-15:48:02-5193,param,Florasat_Individual_Sats.terminal[11],layerName,,,"""Terminal"""
General-317-20260718-15:48:02-5193,attr,Florasat_Individual_Sats.terminal[11],layerName,optional,,
General-317-20260718-15:48:02-5193,param,Florasat_Individual_Sats.terminal[11],sendData,,,true
General-317-20260718-15:48:02-5193,attr,Florasat_Individual_Sats.terminal[11],sendData,mutable,,
General-317-20260718-15:48:02-5193,param,Florasat_Individual_Sats.terminal[11],dstGsOrDev,,,0
General-317-20260718-15:48:02-5193,param,Florasat_Individual_Sats.terminal[12].phy.radio.antenna,typename,,,"""inet.physicallayer.wireless.common.antenna.IsotropicAntenna"""
General-317-20260718-15:48:02-5193,param,Florasat_Individual_Sats.terminal[12].phy.radio.antenna,mobilityModule,,,"""^.^.^.mob"""
General-317-20260718-15:48:02-5193,param,Florasat_Individual_Sats.terminal[12].phy.radio.antenna,numAntennas,,,1
General-317-20260718-15:48:02-5193,param,Florasat_Individual_Sats.terminal[12].phy.radio.transmitter,typename,,,"""Global.Transceiver.LoRaTransmitter"""
General-317-20260718-15:48:02-5193,param,Florasat_Individual_Sats.terminal[12].phy.radio.transmitter,preambleDuration,,,0.001s
General-317-20260718-15:48:02-5193,attr,Florasat_Individual_Sats.terminal[12].phy.radio.transmitter,preambleDuration,unit,s,
General-317-20260718-15:48:02-5193,param,Florasat_Individual_Sats.terminal[12].phy.radio.transmitter,headerLength,,,40b
General-317-20260718-15:48:02-5193,attr,Florasat_Individual_Sats.terminal[12].phy.radio.transmitter,headerLength,unit,b,
General-317-20260718-15:48:02-5193,param,Florasat_Individual_Sats.terminal[12].phy.radio.transmitter,bitrate,,,250000bps
General-317-20260718-15:48:02-5193,attr,Florasat_Individual_Sats.terminal[12].phy.radio.transmitter,bitrate,unit,bps,
General-317-20260718-15:48:02-5193,param,Florasat_Individual_Sats.terminal[12].phy.radio.transmitter,power,,,0.025118W
General-317-20260718-15:48:02-5193,attr,Florasat_Individual_Sats.terminal[12].phy.radio.transmitter,power,unit,W,
General-317-20260718-15:48:02-5193,param,Florasat_Individual_Sats.terminal[12].phy.radio.transmitter,centerFrequency,,,8.68e+08Hz
General-317-20260718-15:48:02-5193,attr,Florasat_Individual_Sats.terminal[12].phy.radio.transmitter,centerFrequency,unit,Hz,
General-317-20260718-15:48:02-5193,param,Florasat_Individual_Sats.terminal[12].phy.radio.transmitter,bandwidth,,,250000Hz
General-317-20260718-15:48:02-5193,attr,Florasat_Individual_Sats.terminal[12].phy.radio.transmitter,bandwidth,unit,Hz,
General-317-20260718-15:48:02-5193,param,Florasat_Individual_Sats.terminal[12].phy.radio.transmitter,codeRate,,,1
General-317-20260718-15:48:02-5193,param,Florasat_Individual_Sats.terminal[12].phy.radio.transmitter,modulation,,,"""LoRaModulation"""
General-317-20260718-15:48:02-5193,param,Florasat_Individual_Sats.terminal[12].phy.radio.receiver,typename,,,"""Global.Transceiver.LoRaReceiver"""
General-317-20260718-15:48:02-5193,param,Florasat_Individual_Sats.terminal[12].phy.radio.receiver,energyDetection,,,-90dBm
General-317-20260718-15:48:02-5193,attr,Florasat_Individual_Sats.terminal[12].phy.radio.receiver,energyDetection,unit,dBm,
General-317-20260718-15:48:02-5193,param,Florasat_Individual_Sats.terminal[12].phy.radio.receiver,sensitivity,,,-137dBm
General-317-20260718-15:48:02-5193,attr,Florasat_Individual_Sats.terminal[12].phy.radio.receiver,sensitivity,unit,dBm,
General-317-20260718-15:48:02-5193,param,Florasat_Individual_Sats.terminal[12].phy.radio.receiver,snirThreshold,,,-8dB
General-317-20260718-15:48:02-5193,attr,Florasat_Individual_Sats.terminal[12].phy.radio.receiver,snirThreshold,unit,dB,
General-317-20260718-15:48:02-5193,param,Florasat_Individual_Sats.terminal[12].phy.radio.receiver,centerFrequency,,,8.68e+08Hz
General-317-20260718-15:48:02-5193,attr,Florasat_Individual_Sats.terminal[12].phy.radio.receiver,centerFrequency,unit,Hz,
General-317-20260718-15:48:02-5193,param,Florasat_Individual_Sats.terminal[12].phy.radio.receiver,bandwidth,,,250000Hz
General-317-20260718-15:48:02-5193,attr,Florasat_Individual_Sats.terminal[12].phy.radio.receiver,bandwidth,unit,Hz,
General-317-20260718-15:48:02-5193,param,Florasat_Individual_Sats.terminal[12].phy.radio.receiver,alohaChannelModel,,,false
General-317-20260718-15:48:02-5193,param,Florasat_Individual_Sats.terminal[12].phy.radio.receiver,errorModelType,,,""""""
General-317-20260718-15:48:02-5193,param,Florasat_Individual_Sats.terminal[12].phy.radio.receiver,ignoreInterference,,,false
General-317-20260718-15:48:02-5193,param,Florasat_Individual_Sats.terminal[12].phy.radio.receiver,enableCollisionOverlap,,,false
General-317-20260718-15:48:02-5193,param,Florasat_Individual_Sats.terminal[12].phy.radio.receiver,minCollisionOverlap,,,0s
General-317-20260718-15:48:02-5193,attr,Florasat_Individual_Sats.terminal[12].phy.radio.receiver,minCollisionOverlap,unit,s,
General-317-20260718-15:48:02-5193,param,Florasat_Individual_Sats.terminal[12].phy.radio.IdealEpEnergyStorage,typename,,,"""inet.power.storage.IdealEpEnergyStorage"""
General-317-20260718-15:48:02-5193,param,Florasat_Individual_Sats.terminal[12].phy.radio,typename,,,"""Nodes._10_Terminal._10_Physical.Ter_Phy_LoRaRadio"""
General-317-20260718-15:48:02-5193,param,Florasat_Individual_Sats.terminal[12].phy.radio,radioMediumModule,,,"""radioMedium"""
General-317-20260718-15:48:02-5193,param,Florasat_Individual_Sats.terminal[12].phy.radio,energySourceModule,,,""""""
General-317-20260718-15:48:02-5193,param,Florasat_Individual_Sats.terminal[12].phy.radio,initialRadioMode,,,"""off"""
General-317-20260718-15:48:02-5193,attr,Florasat_Individual_Sats.terminal[12].phy.radio,initialRadioMode,enum,"off,sleep,receiver,transmitter,transceiver",
General-317-20260718-15:48:02-5193,param,Florasat_Individual_Sats.terminal[12].phy.radio,switchingTimes,,,"""ms 0 0 0 0 0 0 0 0 0 0 0 0 0 0 0 0 0 0 0 0 0 0 0 0 0"""
General-317-20260718-15:48:02-5193,param,Florasat_Individual_Sats.terminal[12].phy.radio,sendRawBytes,,,false
General-317-20260718-15:48:02-5193,param,Florasat_Individual_Sats.terminal[12].phy.radio,separateTransmissionParts,,,false
General-317-20260718-15:48:02-5193,param,Florasat_Individual_Sats.terminal[12].phy.radio,separateReceptionParts,,,false
General-317-20260718-15:48:02-5193,param,Florasat_Individual_Sats.terminal[12].phy.radio,displayCommunicationRange,,,false
General-317-20260718-15:48:02-5193,param,Florasat_Individual_Sats.terminal[12].phy.radio,displayInterferenceRange,,,false
General-317-20260718-15:48:02-5193,param,Florasat_Individual_Sats.terminal[12].phy.radio,centerFrequency,,,8.68e+08Hz
General-317-20260718-15:48:02-5193,attr,Florasat_Individual_Sats.terminal[12].phy.radio,centerFrequency,unit,Hz,
General-317-20260718-15:48:02-5193,param,Florasat_Individual_Sats.terminal[12].phy.radio,bandwidth,,,250000Hz
General-317-20260718-15:48:02-5193,attr,Florasat_Individual_Sats.terminal[12].phy.radio,bandwidth,unit,Hz,
General-317-20260718-15:48:02-5193,param,Florasat_Individual_Sats.terminal[12].phy.radio,iAmGateway,,,false
General-317-20260718-15:48:02-5193,param,Florasat_Individual_Sats.terminal[12].phy,typename,,,"""Nodes._10_Terminal._10_Physical.Ter_Phy"""
General-317-20260718-15:48:02-5193,param,Florasat_Individual_Sats.terminal[12].phy,layerName,,,"""Ter_Phy"""
General-317-20260718-15:48:02-5193,attr,Florasat_Individual_Sats.terminal[12].phy,layerName,optional,,
General-317-20260718-15:48:02-5193,param,Florasat_Individual_Sats.terminal[12].dlk.mac.queue,typename,,,"""inet.queueing.queue.DropTailQueue"""
General-317-20260718-15:48:02-5193,param,Florasat_Individual_Sats.terminal[12].dlk.mac.queue,displayStringTextFormat,,,"""contains %p pk (%l) pushed %u\npulled %o removed %r dropped %d"""
General-317-20260718-15:48:02-5193,param,Florasat_Individual_Sats.terminal[12].dlk.mac.queue,packetCapacity,,,-1
General-317-20260718-15:48:02-5193,param,Florasat_Individual_Sats.terminal[12].dlk.mac.queue,dataCapacity,,,-1b
General-317-20260718-15:48:02-5193,attr,Florasat_Individual_Sats.terminal[12].dlk.mac.queue,dataCapacity,unit,b,
General-317-20260718-15:48:02-5193,param,Florasat_Individual_Sats.terminal[12].dlk.mac.queue,dropperClass,,,"""inet::queueing::PacketAtCollectionEndDropper"""
General-317-20260718-15:48:02-5193,param,Florasat_Individual_Sats.terminal[12].dlk.mac.queue,comparatorClass,,,""""""
General-317-20260718-15:48:02-5193,param,Florasat_Individual_Sats.terminal[12].dlk.mac.queue,bufferModule,,,""""""
General-317-20260718-15:48:02-5193,param,Florasat_Individual_Sats.terminal[12].dlk.mac.mlBox,typename,,,"""Nodes._10_Terminal._20_Data_Link.Transmission_Predictor.Transmission_Predictor"""
General-317-20260718-15:48:02-5193,param,Florasat_Individual_Sats.terminal[12].dlk.mac.mlBox,modelPath,,,"""/home/ylnner/Documents/omnet++/omnetpp-6.3.0/projects/florasat_v4_ult_routing/simulations/Test_Individual/mlmodels/transformer_scripted.pt"""
General-317-20260718-15:48:02-5193,param,Florasat_Individual_Sats.terminal[12].dlk.mac.mlBox,threshold,,,0.2
General-317-20260718-15:48:02-5193,param,Florasat_Individual_Sats.terminal[12].dlk.mac.mlBox,scalerPath,,,""""""
General-317-20260718-15:48:02-5193,param,Florasat_Individual_Sats.terminal[12].dlk.mac,typename,,,"""Nodes._10_Terminal._20_Data_Link.Ter_Dlk_KiWan"""
General-317-20260718-15:48:02-5193,param,Florasat_Individual_Sats.terminal[12].dlk.mac,interfaceTableModule,,,""""""
General-317-20260718-15:48:02-5193,param,Florasat_Individual_Sats.terminal[12].dlk.mac,radioModule,,,"""^.^.phy.radio"""
General-317-20260718-15:48:02-5193,param,Florasat_Individual_Sats.terminal[12].dlk.mac,address,,,"""0A-AA-00-00-00-0D"""
General-317-20260718-15:48:02-5193,attr,Florasat_Individual_Sats.terminal[12].dlk.mac,address,mutable,,
General-317-20260718-15:48:02-5193,param,Florasat_Individual_Sats.terminal[12].dlk.mac,mtu,,,1500
General-317-20260718-15:48:02-5193,param,Florasat_Individual_Sats.terminal[12].dlk.mac,ttwDuration,,,100s
General-317-20260718-15:48:02-5193,attr,Florasat_Individual_Sats.terminal[12].dlk.mac,ttwDuration,unit,s,
General-317-20260718-15:48:02-5193,param,Florasat_Individual_Sats.terminal[12].dlk.mac,ttwIdle,,,0s
General-317-20260718-15:48:02-5193,attr,Florasat_Individual_Sats.terminal[12].dlk.mac,ttwIdle,unit,s,
General-317-20260718-15:48:02-5193,param,Florasat_Individual_Sats.terminal[12].dlk.mac,ttxStart_min,,,0s
General-317-20260718-15:48:02-5193,attr,Florasat_Individual_Sats.terminal[12].dlk.mac,ttxStart_min,unit,s,
General-317-20260718-15:48:02-5193,param,Florasat_Individual_Sats.terminal[12].dlk.mac,ttxStart_max,,,1s
General-317-20260718-15:48:02-5193,attr,Florasat_Individual_Sats.terminal[12].dlk.mac,ttxStart_max,unit,s,
General-317-20260718-15:48:02-5193,param,Florasat_Individual_Sats.terminal[12].dlk.mac,ttxIdle_min,,,10s
General-317-20260718-15:48:02-5193,attr,Florasat_Individual_Sats.terminal[12].dlk.mac,ttxIdle_min,unit,s,
General-317-20260718-15:48:02-5193,param,Florasat_Individual_Sats.terminal[12].dlk.mac,ttxIdle_max,,,15s
General-317-20260718-15:48:02-5193,attr,Florasat_Individual_Sats.terminal[12].dlk.mac,ttxIdle_max,unit,s,
General-317-20260718-15:48:02-5193,param,Florasat_Individual_Sats.terminal[12].dlk.mac,Ntw,,,1
General-317-20260718-15:48:02-5193,param,Florasat_Individual_Sats.terminal[12].dlk.mac,Ntx,,,5
General-317-20260718-15:48:02-5193,param,Florasat_Individual_Sats.terminal[12].dlk.mac,enableSatDetect,,,false
General-317-20260718-15:48:02-5193,param,Florasat_Individual_Sats.terminal[12].dlk.mac,tsdStart_min,,,0s
General-317-20260718-15:48:02-5193,attr,Florasat_Individual_Sats.terminal[12].dlk.mac,tsdStart_min,unit,s,
General-317-20260718-15:48:02-5193,param,Florasat_Individual_Sats.terminal[12].dlk.mac,tsdStart_max,,,60s
General-317-20260718-15:48:02-5193,attr,Florasat_Individual_Sats.terminal[12].dlk.mac,tsdStart_max,unit,s,
General-317-20260718-15:48:02-5193,param,Florasat_Individual_Sats.terminal[12].dlk.mac,Ndetect,,,4
General-317-20260718-15:48:02-5193,param,Florasat_Individual_Sats.terminal[12].dlk.mac,NsdSync,,,2
General-317-20260718-15:48:02-5193,param,Florasat_Individual_Sats.terminal[12].dlk.mac,tsyncIdle,,,60s
General-317-20260718-15:48:02-5193,attr,Florasat_Individual_Sats.terminal[12].dlk.mac,tsyncIdle,unit,s,
General-317-20260718-15:48:02-5193,param,Florasat_Individual_Sats.terminal[12].dlk.mac,tsdIdle,,,240s
General-317-20260718-15:48:02-5193,attr,Florasat_Individual_Sats.terminal[12].dlk.mac,tsdIdle,unit,s,
General-317-20260718-15:48:02-5193,param,Florasat_Individual_Sats.terminal[12].dlk.mac,satelliteDetectionProbability,,,0.9
General-317-20260718-15:48:02-5193,param,Florasat_Individual_Sats.terminal[12].dlk.mac,minimumElevation,,,5
General-317-20260718-15:48:02-5193,param,Florasat_Individual_Sats.terminal[12].dlk.mac,detectInitialListen,,,0.33s
General-317-20260718-15:48:02-5193,attr,Florasat_Individual_Sats.terminal[12].dlk.mac,detectInitialListen,unit,s,
General-317-20260718-15:48:02-5193,param,Florasat_Individual_Sats.terminal[12].dlk.mac,detectSuccessExtraMin,,,0.075s
General-317-20260718-15:48:02-5193,attr,Florasat_Individual_Sats.terminal[12].dlk.mac,detectSuccessExtraMin,unit,s,
General-317-20260718-15:48:02-5193,param,Florasat_Individual_Sats.terminal[12].dlk.mac,detectSuccessExtraMax,,,1.67s
General-317-20260718-15:48:02-5193,attr,Florasat_Individual_Sats.terminal[12].dlk.mac,detectSuccessExtraMax,unit,s,
General-317-20260718-15:48:02-5193,param,Florasat_Individual_Sats.terminal[12].dlk.mac,detectMissExtra,,,1.67s
General-317-20260718-15:48:02-5193,attr,Florasat_Individual_Sats.terminal[12].dlk.mac,detectMissExtra,unit,s,
General-317-20260718-15:48:02-5193,param,Florasat_Individual_Sats.terminal[12].dlk.mac,LoRaSF,,,11
General-317-20260718-15:48:02-5193,param,Florasat_Individual_Sats.terminal[12].dlk.mac,LoRaTP,,,14
General-317-20260718-15:48:02-5193,param,Florasat_Individual_Sats.terminal[12].dlk.mac,LoRaCF,,,8.68e+08
General-317-20260718-15:48:02-5193,param,Florasat_Individual_Sats.terminal[12].dlk.mac,LoRaBW,,,125000
General-317-20260718-15:48:02-5193,param,Florasat_Individual_Sats.terminal[12].dlk.mac,LoRaCR,,,1
General-317-20260718-15:48:02-5193,param,Florasat_Individual_Sats.terminal[12].dlk.mac,useMLBox,,,true
General-317-20260718-15:48:02-5193,param,Florasat_Individual_Sats.terminal[12].dlk.mac,useMLBoxBiLSTM,,,false
General-317-20260718-15:48:02-5193,param,Florasat_Individual_Sats.terminal[12].dlk.mac,useAnalytical,,,false
General-317-20260718-15:48:02-5193,param,Florasat_Individual_Sats.terminal[12].dlk,typename,,,"""Nodes._10_Terminal._20_Data_Link.Ter_Dlk"""
General-317-20260718-15:48:02-5193,param,Florasat_Individual_Sats.terminal[12].net.routing,typename,,,"""Global.Base._30_Network.Ter_Null_Routing"""
General-317-20260718-15:48:02-5193,param,Florasat_Individual_Sats.terminal[12].net,typename,,,"""Nodes._10_Terminal._30_Network.Ter_Net"""
General-317-20260718-15:48:02-5193,param,Florasat_Individual_Sats.terminal[12].net,layerName,,,"""Ter_Net"""
General-317-20260718-15:48:02-5193,attr,Florasat_Individual_Sats.terminal[12].net,layerName,optional,,
General-317-20260718-15:48:02-5193,param,Florasat_Individual_Sats.terminal[12].net,routingType,,,"""Ter_Null_Routing"""
General-317-20260718-15:48:02-5193,param,Florasat_Individual_Sats.terminal[12].app,typename,,,"""Nodes._10_Terminal._40_Application.Ter_App"""
General-317-20260718-15:48:02-5193,param,Florasat_Individual_Sats.terminal[12].app,layerName,,,"""TerminalApplicationLayer"""
General-317-20260718-15:48:02-5193,attr,Florasat_Individual_Sats.terminal[12].app,layerName,optional,,
General-317-20260718-15:48:02-5193,param,Florasat_Individual_Sats.terminal[12].app,numberOfPacketsToSend,,,0
General-317-20260718-15:48:02-5193,param,Florasat_Individual_Sats.terminal[12].app,timeToFirstPacket,,,1s
General-317-20260718-15:48:02-5193,attr,Florasat_Individual_Sats.terminal[12].app,timeToFirstPacket,unit,s,
General-317-20260718-15:48:02-5193,param,Florasat_Individual_Sats.terminal[12].app,timeToNextPacket,,,115s
General-317-20260718-15:48:02-5193,attr,Florasat_Individual_Sats.terminal[12].app,timeToNextPacket,unit,s,
General-317-20260718-15:48:02-5193,param,Florasat_Individual_Sats.terminal[12].app,timeToResponse,,,30s
General-317-20260718-15:48:02-5193,attr,Florasat_Individual_Sats.terminal[12].app,timeToResponse,unit,s,
General-317-20260718-15:48:02-5193,param,Florasat_Individual_Sats.terminal[12].app,timeToRetry,,,10s
General-317-20260718-15:48:02-5193,attr,Florasat_Individual_Sats.terminal[12].app,timeToRetry,unit,s,
General-317-20260718-15:48:02-5193,param,Florasat_Individual_Sats.terminal[12].app,ackTimeout,,,7s
General-317-20260718-15:48:02-5193,attr,Florasat_Individual_Sats.terminal[12].app,ackTimeout,unit,s,
General-317-20260718-15:48:02-5193,param,Florasat_Individual_Sats.terminal[12].app,timer,,,1s
General-317-20260718-15:48:02-5193,attr,Florasat_Individual_Sats.terminal[12].app,timer,unit,s,
General-317-20260718-15:48:02-5193,param,Florasat_Individual_Sats.terminal[12].app,initialLoRaTP,,,14dBm
General-317-20260718-15:48:02-5193,attr,Florasat_Individual_Sats.terminal[12].app,initialLoRaTP,unit,dBm,
General-317-20260718-15:48:02-5193,param,Florasat_Individual_Sats.terminal[12].app,initialLoRaCF,,,8.68e+08Hz
General-317-20260718-15:48:02-5193,attr,Florasat_Individual_Sats.terminal[12].app,initialLoRaCF,unit,Hz,
General-317-20260718-15:48:02-5193,param,Florasat_Individual_Sats.terminal[12].app,initialLoRaSF,,,12
General-317-20260718-15:48:02-5193,param,Florasat_Individual_Sats.terminal[12].app,initialLoRaBW,,,125000Hz
General-317-20260718-15:48:02-5193,attr,Florasat_Individual_Sats.terminal[12].app,initialLoRaBW,unit,Hz,
General-317-20260718-15:48:02-5193,param,Florasat_Individual_Sats.terminal[12].app,initialLoRaCR,,,4
General-317-20260718-15:48:02-5193,param,Florasat_Individual_Sats.terminal[12].app,initialUseHeader,,,true
General-317-20260718-15:48:02-5193,param,Florasat_Individual_Sats.terminal[12].app,initialPingSlot,,,1
General-317-20260718-15:48:02-5193,param,Florasat_Individual_Sats.terminal[12].app,InitClassA,,,true
General-317-20260718-15:48:02-5193,param,Florasat_Individual_Sats.terminal[12].app,InitClassB,,,false
General-317-20260718-15:48:02-5193,param,Florasat_Individual_Sats.terminal[12].app,evaluateADRinNode,,,false
General-317-20260718-15:48:02-5193,param,Florasat_Individual_Sats.terminal[12].app,payloadSize,,,10B
General-317-20260718-15:48:02-5193,attr,Florasat_Individual_Sats.terminal[12].app,payloadSize,unit,B,
General-317-20260718-15:48:02-5193,param,Florasat_Individual_Sats.terminal[12].app,usingAck,,,true
General-317-20260718-15:48:02-5193,param,Florasat_Individual_Sats.terminal[12].app,numGroundLinks,,,40
General-317-20260718-15:48:02-5193,param,Florasat_Individual_Sats.terminal[12].app,maxHops,,,50
General-317-20260718-15:48:02-5193,param,Florasat_Individual_Sats.terminal[12].app,nroMaxAttempts,,,0
General-317-20260718-15:48:02-5193,param,Florasat_Individual_Sats.terminal[12].eng,typename,,,"""Nodes._10_Terminal._50_Energy.Ter_Ene"""
General-317-20260718-15:48:02-5193,param,Florasat_Individual_Sats.terminal[12].mob,typename,,,"""Nodes._10_Terminal._60_Mobility.Ter_Mob"""
General-317-20260718-15:48:02-5193,param,Florasat_Individual_Sats.terminal[12].mob,subjectModule,,,"""^"""
General-317-20260718-15:48:02-5193,param,Florasat_Individual_Sats.terminal[12].mob,coordinateSystemModule,,,""""""
General-317-20260718-15:48:02-5193,param,Florasat_Individual_Sats.terminal[12].mob,displayStringTextFormat,,,"""p: %p\nv: %v"""
General-317-20260718-15:48:02-5193,attr,Florasat_Individual_Sats.terminal[12].mob,displayStringTextFormat,mutable,,
General-317-20260718-15:48:02-5193,param,Florasat_Individual_Sats.terminal[12].mob,updateDisplayString,,,true
General-317-20260718-15:48:02-5193,param,Florasat_Individual_Sats.terminal[12].mob,constraintAreaMinX,,,-inf m
General-317-20260718-15:48:02-5193,attr,Florasat_Individual_Sats.terminal[12].mob,constraintAreaMinX,unit,m,
General-317-20260718-15:48:02-5193,param,Florasat_Individual_Sats.terminal[12].mob,constraintAreaMinY,,,-inf m
General-317-20260718-15:48:02-5193,attr,Florasat_Individual_Sats.terminal[12].mob,constraintAreaMinY,unit,m,
General-317-20260718-15:48:02-5193,param,Florasat_Individual_Sats.terminal[12].mob,constraintAreaMinZ,,,-inf m
General-317-20260718-15:48:02-5193,attr,Florasat_Individual_Sats.terminal[12].mob,constraintAreaMinZ,unit,m,
General-317-20260718-15:48:02-5193,param,Florasat_Individual_Sats.terminal[12].mob,constraintAreaMaxX,,,inf m
General-317-20260718-15:48:02-5193,attr,Florasat_Individual_Sats.terminal[12].mob,constraintAreaMaxX,unit,m,
General-317-20260718-15:48:02-5193,param,Florasat_Individual_Sats.terminal[12].mob,constraintAreaMaxY,,,inf m
General-317-20260718-15:48:02-5193,attr,Florasat_Individual_Sats.terminal[12].mob,constraintAreaMaxY,unit,m,
General-317-20260718-15:48:02-5193,param,Florasat_Individual_Sats.terminal[12].mob,constraintAreaMaxZ,,,inf m
General-317-20260718-15:48:02-5193,attr,Florasat_Individual_Sats.terminal[12].mob,constraintAreaMaxZ,unit,m,
General-317-20260718-15:48:02-5193,param,Florasat_Individual_Sats.terminal[12].mob,initialX,,,nan m
General-317-20260718-15:48:02-5193,attr,Florasat_Individual_Sats.terminal[12].mob,initialX,unit,m,
General-317-20260718-15:48:02-5193,param,Florasat_Individual_Sats.terminal[12].mob,initialY,,,nan m
General-317-20260718-15:48:02-5193,attr,Florasat_Individual_Sats.terminal[12].mob,initialY,unit,m,
General-317-20260718-15:48:02-5193,param,Florasat_Individual_Sats.terminal[12].mob,initialZ,,,0m
General-317-20260718-15:48:02-5193,attr,Florasat_Individual_Sats.terminal[12].mob,initialZ,unit,m,
General-317-20260718-15:48:02-5193,param,Florasat_Individual_Sats.terminal[12].mob,initialLatitude,,,nan deg
General-317-20260718-15:48:02-5193,attr,Florasat_Individual_Sats.terminal[12].mob,initialLatitude,unit,deg,
General-317-20260718-15:48:02-5193,param,Florasat_Individual_Sats.terminal[12].mob,initialLongitude,,,nan deg
General-317-20260718-15:48:02-5193,attr,Florasat_Individual_Sats.terminal[12].mob,initialLongitude,unit,deg,
General-317-20260718-15:48:02-5193,param,Florasat_Individual_Sats.terminal[12].mob,initialAltitude,,,0m
General-317-20260718-15:48:02-5193,attr,Florasat_Individual_Sats.terminal[12].mob,initialAltitude,unit,m,
General-317-20260718-15:48:02-5193,param,Florasat_Individual_Sats.terminal[12].mob,initialHeading,,,0deg
General-317-20260718-15:48:02-5193,attr,Florasat_Individual_Sats.terminal[12].mob,initialHeading,unit,deg,
General-317-20260718-15:48:02-5193,param,Florasat_Individual_Sats.terminal[12].mob,initialElevation,,,0deg
General-317-20260718-15:48:02-5193,attr,Florasat_Individual_Sats.terminal[12].mob,initialElevation,unit,deg,
General-317-20260718-15:48:02-5193,param,Florasat_Individual_Sats.terminal[12].mob,initialBank,,,0deg
General-317-20260718-15:48:02-5193,attr,Florasat_Individual_Sats.terminal[12].mob,initialBank,unit,deg,
General-317-20260718-15:48:02-5193,param,Florasat_Individual_Sats.terminal[12].mob,initFromDisplayString,,,false
General-317-20260718-15:48:02-5193,param,Florasat_Individual_Sats.terminal[12].mob,updateFromDisplayString,,,false
General-317-20260718-15:48:02-5193,param,Florasat_Individual_Sats.terminal[12].mob,centerLatitude,,,43.769
General-317-20260718-15:48:02-5193,param,Florasat_Individual_Sats.terminal[12].mob,centerLongitude,,,11.255
General-317-20260718-15:48:02-5193,param,Florasat_Individual_Sats.terminal[12].mob,deploymentRadius,,,200
General-317-20260718-15:48:02-5193,param,Florasat_Individual_Sats.terminal[12],typename,,,"""Nodes._10_Terminal.Terminal"""
General-317-20260718-15:48:02-5193,param,Florasat_Individual_Sats.terminal[12],layerName,,,"""Terminal"""
General-317-20260718-15:48:02-5193,attr,Florasat_Individual_Sats.terminal[12],layerName,optional,,
General-317-20260718-15:48:02-5193,param,Florasat_Individual_Sats.terminal[12],sendData,,,true
General-317-20260718-15:48:02-5193,attr,Florasat_Individual_Sats.terminal[12],sendData,mutable,,
General-317-20260718-15:48:02-5193,param,Florasat_Individual_Sats.terminal[12],dstGsOrDev,,,0
General-317-20260718-15:48:02-5193,param,Florasat_Individual_Sats.terminal[13].phy.radio.antenna,typename,,,"""inet.physicallayer.wireless.common.antenna.IsotropicAntenna"""
General-317-20260718-15:48:02-5193,param,Florasat_Individual_Sats.terminal[13].phy.radio.antenna,mobilityModule,,,"""^.^.^.mob"""
General-317-20260718-15:48:02-5193,param,Florasat_Individual_Sats.terminal[13].phy.radio.antenna,numAntennas,,,1
General-317-20260718-15:48:02-5193,param,Florasat_Individual_Sats.terminal[13].phy.radio.transmitter,typename,,,"""Global.Transceiver.LoRaTransmitter"""
General-317-20260718-15:48:02-5193,param,Florasat_Individual_Sats.terminal[13].phy.radio.transmitter,preambleDuration,,,0.001s
General-317-20260718-15:48:02-5193,attr,Florasat_Individual_Sats.terminal[13].phy.radio.transmitter,preambleDuration,unit,s,
General-317-20260718-15:48:02-5193,param,Florasat_Individual_Sats.terminal[13].phy.radio.transmitter,headerLength,,,40b
General-317-20260718-15:48:02-5193,attr,Florasat_Individual_Sats.terminal[13].phy.radio.transmitter,headerLength,unit,b,
General-317-20260718-15:48:02-5193,param,Florasat_Individual_Sats.terminal[13].phy.radio.transmitter,bitrate,,,250000bps
General-317-20260718-15:48:02-5193,attr,Florasat_Individual_Sats.terminal[13].phy.radio.transmitter,bitrate,unit,bps,
General-317-20260718-15:48:02-5193,param,Florasat_Individual_Sats.terminal[13].phy.radio.transmitter,power,,,0.025118W
General-317-20260718-15:48:02-5193,attr,Florasat_Individual_Sats.terminal[13].phy.radio.transmitter,power,unit,W,
General-317-20260718-15:48:02-5193,param,Florasat_Individual_Sats.terminal[13].phy.radio.transmitter,centerFrequency,,,8.68e+08Hz
General-317-20260718-15:48:02-5193,attr,Florasat_Individual_Sats.terminal[13].phy.radio.transmitter,centerFrequency,unit,Hz,
General-317-20260718-15:48:02-5193,param,Florasat_Individual_Sats.terminal[13].phy.radio.transmitter,bandwidth,,,250000Hz
General-317-20260718-15:48:02-5193,attr,Florasat_Individual_Sats.terminal[13].phy.radio.transmitter,bandwidth,unit,Hz,
General-317-20260718-15:48:02-5193,param,Florasat_Individual_Sats.terminal[13].phy.radio.transmitter,codeRate,,,1
General-317-20260718-15:48:02-5193,param,Florasat_Individual_Sats.terminal[13].phy.radio.transmitter,modulation,,,"""LoRaModulation"""
General-317-20260718-15:48:02-5193,param,Florasat_Individual_Sats.terminal[13].phy.radio.receiver,typename,,,"""Global.Transceiver.LoRaReceiver"""
General-317-20260718-15:48:02-5193,param,Florasat_Individual_Sats.terminal[13].phy.radio.receiver,energyDetection,,,-90dBm
General-317-20260718-15:48:02-5193,attr,Florasat_Individual_Sats.terminal[13].phy.radio.receiver,energyDetection,unit,dBm,
General-317-20260718-15:48:02-5193,param,Florasat_Individual_Sats.terminal[13].phy.radio.receiver,sensitivity,,,-137dBm
General-317-20260718-15:48:02-5193,attr,Florasat_Individual_Sats.terminal[13].phy.radio.receiver,sensitivity,unit,dBm,
General-317-20260718-15:48:02-5193,param,Florasat_Individual_Sats.terminal[13].phy.radio.receiver,snirThreshold,,,-8dB
General-317-20260718-15:48:02-5193,attr,Florasat_Individual_Sats.terminal[13].phy.radio.receiver,snirThreshold,unit,dB,
General-317-20260718-15:48:02-5193,param,Florasat_Individual_Sats.terminal[13].phy.radio.receiver,centerFrequency,,,8.68e+08Hz
General-317-20260718-15:48:02-5193,attr,Florasat_Individual_Sats.terminal[13].phy.radio.receiver,centerFrequency,unit,Hz,
General-317-20260718-15:48:02-5193,param,Florasat_Individual_Sats.terminal[13].phy.radio.receiver,bandwidth,,,250000Hz
General-317-20260718-15:48:02-5193,attr,Florasat_Individual_Sats.terminal[13].phy.radio.receiver,bandwidth,unit,Hz,
General-317-20260718-15:48:02-5193,param,Florasat_Individual_Sats.terminal[13].phy.radio.receiver,alohaChannelModel,,,false
General-317-20260718-15:48:02-5193,param,Florasat_Individual_Sats.terminal[13].phy.radio.receiver,errorModelType,,,""""""
General-317-20260718-15:48:02-5193,param,Florasat_Individual_Sats.terminal[13].phy.radio.receiver,ignoreInterference,,,false
General-317-20260718-15:48:02-5193,param,Florasat_Individual_Sats.terminal[13].phy.radio.receiver,enableCollisionOverlap,,,false
General-317-20260718-15:48:02-5193,param,Florasat_Individual_Sats.terminal[13].phy.radio.receiver,minCollisionOverlap,,,0s
General-317-20260718-15:48:02-5193,attr,Florasat_Individual_Sats.terminal[13].phy.radio.receiver,minCollisionOverlap,unit,s,
General-317-20260718-15:48:02-5193,param,Florasat_Individual_Sats.terminal[13].phy.radio.IdealEpEnergyStorage,typename,,,"""inet.power.storage.IdealEpEnergyStorage"""
General-317-20260718-15:48:02-5193,param,Florasat_Individual_Sats.terminal[13].phy.radio,typename,,,"""Nodes._10_Terminal._10_Physical.Ter_Phy_LoRaRadio"""
General-317-20260718-15:48:02-5193,param,Florasat_Individual_Sats.terminal[13].phy.radio,radioMediumModule,,,"""radioMedium"""
General-317-20260718-15:48:02-5193,param,Florasat_Individual_Sats.terminal[13].phy.radio,energySourceModule,,,""""""
General-317-20260718-15:48:02-5193,param,Florasat_Individual_Sats.terminal[13].phy.radio,initialRadioMode,,,"""off"""
General-317-20260718-15:48:02-5193,attr,Florasat_Individual_Sats.terminal[13].phy.radio,initialRadioMode,enum,"off,sleep,receiver,transmitter,transceiver",
General-317-20260718-15:48:02-5193,param,Florasat_Individual_Sats.terminal[13].phy.radio,switchingTimes,,,"""ms 0 0 0 0 0 0 0 0 0 0 0 0 0 0 0 0 0 0 0 0 0 0 0 0 0"""
General-317-20260718-15:48:02-5193,param,Florasat_Individual_Sats.terminal[13].phy.radio,sendRawBytes,,,false
General-317-20260718-15:48:02-5193,param,Florasat_Individual_Sats.terminal[13].phy.radio,separateTransmissionParts,,,false
General-317-20260718-15:48:02-5193,param,Florasat_Individual_Sats.terminal[13].phy.radio,separateReceptionParts,,,false
General-317-20260718-15:48:02-5193,param,Florasat_Individual_Sats.terminal[13].phy.radio,displayCommunicationRange,,,false
General-317-20260718-15:48:02-5193,param,Florasat_Individual_Sats.terminal[13].phy.radio,displayInterferenceRange,,,false
General-317-20260718-15:48:02-5193,param,Florasat_Individual_Sats.terminal[13].phy.radio,centerFrequency,,,8.68e+08Hz
General-317-20260718-15:48:02-5193,attr,Florasat_Individual_Sats.terminal[13].phy.radio,centerFrequency,unit,Hz,
General-317-20260718-15:48:02-5193,param,Florasat_Individual_Sats.terminal[13].phy.radio,bandwidth,,,250000Hz
General-317-20260718-15:48:02-5193,attr,Florasat_Individual_Sats.terminal[13].phy.radio,bandwidth,unit,Hz,
General-317-20260718-15:48:02-5193,param,Florasat_Individual_Sats.terminal[13].phy.radio,iAmGateway,,,false
General-317-20260718-15:48:02-5193,param,Florasat_Individual_Sats.terminal[13].phy,typename,,,"""Nodes._10_Terminal._10_Physical.Ter_Phy"""
General-317-20260718-15:48:02-5193,param,Florasat_Individual_Sats.terminal[13].phy,layerName,,,"""Ter_Phy"""
General-317-20260718-15:48:02-5193,attr,Florasat_Individual_Sats.terminal[13].phy,layerName,optional,,
General-317-20260718-15:48:02-5193,param,Florasat_Individual_Sats.terminal[13].dlk.mac.queue,typename,,,"""inet.queueing.queue.DropTailQueue"""
General-317-20260718-15:48:02-5193,param,Florasat_Individual_Sats.terminal[13].dlk.mac.queue,displayStringTextFormat,,,"""contains %p pk (%l) pushed %u\npulled %o removed %r dropped %d"""
General-317-20260718-15:48:02-5193,param,Florasat_Individual_Sats.terminal[13].dlk.mac.queue,packetCapacity,,,-1
General-317-20260718-15:48:02-5193,param,Florasat_Individual_Sats.terminal[13].dlk.mac.queue,dataCapacity,,,-1b
General-317-20260718-15:48:02-5193,attr,Florasat_Individual_Sats.terminal[13].dlk.mac.queue,dataCapacity,unit,b,
General-317-20260718-15:48:02-5193,param,Florasat_Individual_Sats.terminal[13].dlk.mac.queue,dropperClass,,,"""inet::queueing::PacketAtCollectionEndDropper"""
General-317-20260718-15:48:02-5193,param,Florasat_Individual_Sats.terminal[13].dlk.mac.queue,comparatorClass,,,""""""
General-317-20260718-15:48:02-5193,param,Florasat_Individual_Sats.terminal[13].dlk.mac.queue,bufferModule,,,""""""
General-317-20260718-15:48:02-5193,param,Florasat_Individual_Sats.terminal[13].dlk.mac.mlBox,typename,,,"""Nodes._10_Terminal._20_Data_Link.Transmission_Predictor.Transmission_Predictor"""
General-317-20260718-15:48:02-5193,param,Florasat_Individual_Sats.terminal[13].dlk.mac.mlBox,modelPath,,,"""/home/ylnner/Documents/omnet++/omnetpp-6.3.0/projects/florasat_v4_ult_routing/simulations/Test_Individual/mlmodels/transformer_scripted.pt"""
General-317-20260718-15:48:02-5193,param,Florasat_Individual_Sats.terminal[13].dlk.mac.mlBox,threshold,,,0.2
General-317-20260718-15:48:02-5193,param,Florasat_Individual_Sats.terminal[13].dlk.mac.mlBox,scalerPath,,,""""""
General-317-20260718-15:48:02-5193,param,Florasat_Individual_Sats.terminal[13].dlk.mac,typename,,,"""Nodes._10_Terminal._20_Data_Link.Ter_Dlk_KiWan"""
General-317-20260718-15:48:02-5193,param,Florasat_Individual_Sats.terminal[13].dlk.mac,interfaceTableModule,,,""""""
General-317-20260718-15:48:02-5193,param,Florasat_Individual_Sats.terminal[13].dlk.mac,radioModule,,,"""^.^.phy.radio"""
General-317-20260718-15:48:02-5193,param,Florasat_Individual_Sats.terminal[13].dlk.mac,address,,,"""0A-AA-00-00-00-0E"""
General-317-20260718-15:48:02-5193,attr,Florasat_Individual_Sats.terminal[13].dlk.mac,address,mutable,,
General-317-20260718-15:48:02-5193,param,Florasat_Individual_Sats.terminal[13].dlk.mac,mtu,,,1500
General-317-20260718-15:48:02-5193,param,Florasat_Individual_Sats.terminal[13].dlk.mac,ttwDuration,,,100s
General-317-20260718-15:48:02-5193,attr,Florasat_Individual_Sats.terminal[13].dlk.mac,ttwDuration,unit,s,
General-317-20260718-15:48:02-5193,param,Florasat_Individual_Sats.terminal[13].dlk.mac,ttwIdle,,,0s
General-317-20260718-15:48:02-5193,attr,Florasat_Individual_Sats.terminal[13].dlk.mac,ttwIdle,unit,s,
General-317-20260718-15:48:02-5193,param,Florasat_Individual_Sats.terminal[13].dlk.mac,ttxStart_min,,,0s
General-317-20260718-15:48:02-5193,attr,Florasat_Individual_Sats.terminal[13].dlk.mac,ttxStart_min,unit,s,
General-317-20260718-15:48:02-5193,param,Florasat_Individual_Sats.terminal[13].dlk.mac,ttxStart_max,,,1s
General-317-20260718-15:48:02-5193,attr,Florasat_Individual_Sats.terminal[13].dlk.mac,ttxStart_max,unit,s,
General-317-20260718-15:48:02-5193,param,Florasat_Individual_Sats.terminal[13].dlk.mac,ttxIdle_min,,,10s
General-317-20260718-15:48:02-5193,attr,Florasat_Individual_Sats.terminal[13].dlk.mac,ttxIdle_min,unit,s,
General-317-20260718-15:48:02-5193,param,Florasat_Individual_Sats.terminal[13].dlk.mac,ttxIdle_max,,,15s
General-317-20260718-15:48:02-5193,attr,Florasat_Individual_Sats.terminal[13].dlk.mac,ttxIdle_max,unit,s,
General-317-20260718-15:48:02-5193,param,Florasat_Individual_Sats.terminal[13].dlk.mac,Ntw,,,1
General-317-20260718-15:48:02-5193,param,Florasat_Individual_Sats.terminal[13].dlk.mac,Ntx,,,5
General-317-20260718-15:48:02-5193,param,Florasat_Individual_Sats.terminal[13].dlk.mac,enableSatDetect,,,false
General-317-20260718-15:48:02-5193,param,Florasat_Individual_Sats.terminal[13].dlk.mac,tsdStart_min,,,0s
General-317-20260718-15:48:02-5193,attr,Florasat_Individual_Sats.terminal[13].dlk.mac,tsdStart_min,unit,s,
General-317-20260718-15:48:02-5193,param,Florasat_Individual_Sats.terminal[13].dlk.mac,tsdStart_max,,,60s
General-317-20260718-15:48:02-5193,attr,Florasat_Individual_Sats.terminal[13].dlk.mac,tsdStart_max,unit,s,
General-317-20260718-15:48:02-5193,param,Florasat_Individual_Sats.terminal[13].dlk.mac,Ndetect,,,4
General-317-20260718-15:48:02-5193,param,Florasat_Individual_Sats.terminal[13].dlk.mac,NsdSync,,,2
General-317-20260718-15:48:02-5193,param,Florasat_Individual_Sats.terminal[13].dlk.mac,tsyncIdle,,,60s
General-317-20260718-15:48:02-5193,attr,Florasat_Individual_Sats.terminal[13].dlk.mac,tsyncIdle,unit,s,
General-317-20260718-15:48:02-5193,param,Florasat_Individual_Sats.terminal[13].dlk.mac,tsdIdle,,,240s
General-317-20260718-15:48:02-5193,attr,Florasat_Individual_Sats.terminal[13].dlk.mac,tsdIdle,unit,s,
General-317-20260718-15:48:02-5193,param,Florasat_Individual_Sats.terminal[13].dlk.mac,satelliteDetectionProbability,,,0.9
General-317-20260718-15:48:02-5193,param,Florasat_Individual_Sats.terminal[13].dlk.mac,minimumElevation,,,5
General-317-20260718-15:48:02-5193,param,Florasat_Individual_Sats.terminal[13].dlk.mac,detectInitialListen,,,0.33s
General-317-20260718-15:48:02-5193,attr,Florasat_Individual_Sats.terminal[13].dlk.mac,detectInitialListen,unit,s,
General-317-20260718-15:48:02-5193,param,Florasat_Individual_Sats.terminal[13].dlk.mac,detectSuccessExtraMin,,,0.075s
General-317-20260718-15:48:02-5193,attr,Florasat_Individual_Sats.terminal[13].dlk.mac,detectSuccessExtraMin,unit,s,
General-317-20260718-15:48:02-5193,param,Florasat_Individual_Sats.terminal[13].dlk.mac,detectSuccessExtraMax,,,1.67s
General-317-20260718-15:48:02-5193,attr,Florasat_Individual_Sats.terminal[13].dlk.mac,detectSuccessExtraMax,unit,s,
General-317-20260718-15:48:02-5193,param,Florasat_Individual_Sats.terminal[13].dlk.mac,detectMissExtra,,,1.67s
General-317-20260718-15:48:02-5193,attr,Florasat_Individual_Sats.terminal[13].dlk.mac,detectMissExtra,unit,s,
General-317-20260718-15:48:02-5193,param,Florasat_Individual_Sats.terminal[13].dlk.mac,LoRaSF,,,11
General-317-20260718-15:48:02-5193,param,Florasat_Individual_Sats.terminal[13].dlk.mac,LoRaTP,,,13
General-317-20260718-15:48:02-5193,param,Florasat_Individual_Sats.terminal[13].dlk.mac,LoRaCF,,,8.68e+08
General-317-20260718-15:48:02-5193,param,Florasat_Individual_Sats.terminal[13].dlk.mac,LoRaBW,,,125000
General-317-20260718-15:48:02-5193,param,Florasat_Individual_Sats.terminal[13].dlk.mac,LoRaCR,,,1
General-317-20260718-15:48:02-5193,param,Florasat_Individual_Sats.terminal[13].dlk.mac,useMLBox,,,true
General-317-20260718-15:48:02-5193,param,Florasat_Individual_Sats.terminal[13].dlk.mac,useMLBoxBiLSTM,,,false
General-317-20260718-15:48:02-5193,param,Florasat_Individual_Sats.terminal[13].dlk.mac,useAnalytical,,,false
General-317-20260718-15:48:02-5193,param,Florasat_Individual_Sats.terminal[13].dlk,typename,,,"""Nodes._10_Terminal._20_Data_Link.Ter_Dlk"""
General-317-20260718-15:48:02-5193,param,Florasat_Individual_Sats.terminal[13].net.routing,typename,,,"""Global.Base._30_Network.Ter_Null_Routing"""
General-317-20260718-15:48:02-5193,param,Florasat_Individual_Sats.terminal[13].net,typename,,,"""Nodes._10_Terminal._30_Network.Ter_Net"""
General-317-20260718-15:48:02-5193,param,Florasat_Individual_Sats.terminal[13].net,layerName,,,"""Ter_Net"""
General-317-20260718-15:48:02-5193,attr,Florasat_Individual_Sats.terminal[13].net,layerName,optional,,
General-317-20260718-15:48:02-5193,param,Florasat_Individual_Sats.terminal[13].net,routingType,,,"""Ter_Null_Routing"""
General-317-20260718-15:48:02-5193,param,Florasat_Individual_Sats.terminal[13].app,typename,,,"""Nodes._10_Terminal._40_Application.Ter_App"""
General-317-20260718-15:48:02-5193,param,Florasat_Individual_Sats.terminal[13].app,layerName,,,"""TerminalApplicationLayer"""
General-317-20260718-15:48:02-5193,attr,Florasat_Individual_Sats.terminal[13].app,layerName,optional,,
General-317-20260718-15:48:02-5193,param,Florasat_Individual_Sats.terminal[13].app,numberOfPacketsToSend,,,0
General-317-20260718-15:48:02-5193,param,Florasat_Individual_Sats.terminal[13].app,timeToFirstPacket,,,1s
General-317-20260718-15:48:02-5193,attr,Florasat_Individual_Sats.terminal[13].app,timeToFirstPacket,unit,s,
General-317-20260718-15:48:02-5193,param,Florasat_Individual_Sats.terminal[13].app,timeToNextPacket,,,115s
General-317-20260718-15:48:02-5193,attr,Florasat_Individual_Sats.terminal[13].app,timeToNextPacket,unit,s,
General-317-20260718-15:48:02-5193,param,Florasat_Individual_Sats.terminal[13].app,timeToResponse,,,30s
General-317-20260718-15:48:02-5193,attr,Florasat_Individual_Sats.terminal[13].app,timeToResponse,unit,s,
General-317-20260718-15:48:02-5193,param,Florasat_Individual_Sats.terminal[13].app,timeToRetry,,,10s
General-317-20260718-15:48:02-5193,attr,Florasat_Individual_Sats.terminal[13].app,timeToRetry,unit,s,
General-317-20260718-15:48:02-5193,param,Florasat_Individual_Sats.terminal[13].app,ackTimeout,,,7s
General-317-20260718-15:48:02-5193,attr,Florasat_Individual_Sats.terminal[13].app,ackTimeout,unit,s,
General-317-20260718-15:48:02-5193,param,Florasat_Individual_Sats.terminal[13].app,timer,,,1s
General-317-20260718-15:48:02-5193,attr,Florasat_Individual_Sats.terminal[13].app,timer,unit,s,
General-317-20260718-15:48:02-5193,param,Florasat_Individual_Sats.terminal[13].app,initialLoRaTP,,,14dBm
General-317-20260718-15:48:02-5193,attr,Florasat_Individual_Sats.terminal[13].app,initialLoRaTP,unit,dBm,
General-317-20260718-15:48:02-5193,param,Florasat_Individual_Sats.terminal[13].app,initialLoRaCF,,,8.68e+08Hz
General-317-20260718-15:48:02-5193,attr,Florasat_Individual_Sats.terminal[13].app,initialLoRaCF,unit,Hz,
General-317-20260718-15:48:02-5193,param,Florasat_Individual_Sats.terminal[13].app,initialLoRaSF,,,12
General-317-20260718-15:48:02-5193,param,Florasat_Individual_Sats.terminal[13].app,initialLoRaBW,,,125000Hz
General-317-20260718-15:48:02-5193,attr,Florasat_Individual_Sats.terminal[13].app,initialLoRaBW,unit,Hz,
General-317-20260718-15:48:02-5193,param,Florasat_Individual_Sats.terminal[13].app,initialLoRaCR,,,4
General-317-20260718-15:48:02-5193,param,Florasat_Individual_Sats.terminal[13].app,initialUseHeader,,,true
General-317-20260718-15:48:02-5193,param,Florasat_Individual_Sats.terminal[13].app,initialPingSlot,,,1
General-317-20260718-15:48:02-5193,param,Florasat_Individual_Sats.terminal[13].app,InitClassA,,,true
General-317-20260718-15:48:02-5193,param,Florasat_Individual_Sats.terminal[13].app,InitClassB,,,false
General-317-20260718-15:48:02-5193,param,Florasat_Individual_Sats.terminal[13].app,evaluateADRinNode,,,false
General-317-20260718-15:48:02-5193,param,Florasat_Individual_Sats.terminal[13].app,payloadSize,,,10B
General-317-20260718-15:48:02-5193,attr,Florasat_Individual_Sats.terminal[13].app,payloadSize,unit,B,
General-317-20260718-15:48:02-5193,param,Florasat_Individual_Sats.terminal[13].app,usingAck,,,true
General-317-20260718-15:48:02-5193,param,Florasat_Individual_Sats.terminal[13].app,numGroundLinks,,,40
General-317-20260718-15:48:02-5193,param,Florasat_Individual_Sats.terminal[13].app,maxHops,,,50
General-317-20260718-15:48:02-5193,param,Florasat_Individual_Sats.terminal[13].app,nroMaxAttempts,,,0
General-317-20260718-15:48:02-5193,param,Florasat_Individual_Sats.terminal[13].eng,typename,,,"""Nodes._10_Terminal._50_Energy.Ter_Ene"""
General-317-20260718-15:48:02-5193,param,Florasat_Individual_Sats.terminal[13].mob,typename,,,"""Nodes._10_Terminal._60_Mobility.Ter_Mob"""
General-317-20260718-15:48:02-5193,param,Florasat_Individual_Sats.terminal[13].mob,subjectModule,,,"""^"""
General-317-20260718-15:48:02-5193,param,Florasat_Individual_Sats.terminal[13].mob,coordinateSystemModule,,,""""""
General-317-20260718-15:48:02-5193,param,Florasat_Individual_Sats.terminal[13].mob,displayStringTextFormat,,,"""p: %p\nv: %v"""
General-317-20260718-15:48:02-5193,attr,Florasat_Individual_Sats.terminal[13].mob,displayStringTextFormat,mutable,,
General-317-20260718-15:48:02-5193,param,Florasat_Individual_Sats.terminal[13].mob,updateDisplayString,,,true
General-317-20260718-15:48:02-5193,param,Florasat_Individual_Sats.terminal[13].mob,constraintAreaMinX,,,-inf m
General-317-20260718-15:48:02-5193,attr,Florasat_Individual_Sats.terminal[13].mob,constraintAreaMinX,unit,m,
General-317-20260718-15:48:02-5193,param,Florasat_Individual_Sats.terminal[13].mob,constraintAreaMinY,,,-inf m
General-317-20260718-15:48:02-5193,attr,Florasat_Individual_Sats.terminal[13].mob,constraintAreaMinY,unit,m,
General-317-20260718-15:48:02-5193,param,Florasat_Individual_Sats.terminal[13].mob,constraintAreaMinZ,,,-inf m
General-317-20260718-15:48:02-5193,attr,Florasat_Individual_Sats.terminal[13].mob,constraintAreaMinZ,unit,m,
General-317-20260718-15:48:02-5193,param,Florasat_Individual_Sats.terminal[13].mob,constraintAreaMaxX,,,inf m
General-317-20260718-15:48:02-5193,attr,Florasat_Individual_Sats.terminal[13].mob,constraintAreaMaxX,unit,m,
General-317-20260718-15:48:02-5193,param,Florasat_Individual_Sats.terminal[13].mob,constraintAreaMaxY,,,inf m
General-317-20260718-15:48:02-5193,attr,Florasat_Individual_Sats.terminal[13].mob,constraintAreaMaxY,unit,m,
General-317-20260718-15:48:02-5193,param,Florasat_Individual_Sats.terminal[13].mob,constraintAreaMaxZ,,,inf m
General-317-20260718-15:48:02-5193,attr,Florasat_Individual_Sats.terminal[13].mob,constraintAreaMaxZ,unit,m,
General-317-20260718-15:48:02-5193,param,Florasat_Individual_Sats.terminal[13].mob,initialX,,,nan m
General-317-20260718-15:48:02-5193,attr,Florasat_Individual_Sats.terminal[13].mob,initialX,unit,m,
General-317-20260718-15:48:02-5193,param,Florasat_Individual_Sats.terminal[13].mob,initialY,,,nan m
General-317-20260718-15:48:02-5193,attr,Florasat_Individual_Sats.terminal[13].mob,initialY,unit,m,
General-317-20260718-15:48:02-5193,param,Florasat_Individual_Sats.terminal[13].mob,initialZ,,,0m
General-317-20260718-15:48:02-5193,attr,Florasat_Individual_Sats.terminal[13].mob,initialZ,unit,m,
General-317-20260718-15:48:02-5193,param,Florasat_Individual_Sats.terminal[13].mob,initialLatitude,,,nan deg
General-317-20260718-15:48:02-5193,attr,Florasat_Individual_Sats.terminal[13].mob,initialLatitude,unit,deg,
General-317-20260718-15:48:02-5193,param,Florasat_Individual_Sats.terminal[13].mob,initialLongitude,,,nan deg
General-317-20260718-15:48:02-5193,attr,Florasat_Individual_Sats.terminal[13].mob,initialLongitude,unit,deg,
General-317-20260718-15:48:02-5193,param,Florasat_Individual_Sats.terminal[13].mob,initialAltitude,,,0m
General-317-20260718-15:48:02-5193,attr,Florasat_Individual_Sats.terminal[13].mob,initialAltitude,unit,m,
General-317-20260718-15:48:02-5193,param,Florasat_Individual_Sats.terminal[13].mob,initialHeading,,,0deg
General-317-20260718-15:48:02-5193,attr,Florasat_Individual_Sats.terminal[13].mob,initialHeading,unit,deg,
General-317-20260718-15:48:02-5193,param,Florasat_Individual_Sats.terminal[13].mob,initialElevation,,,0deg
General-317-20260718-15:48:02-5193,attr,Florasat_Individual_Sats.terminal[13].mob,initialElevation,unit,deg,
General-317-20260718-15:48:02-5193,param,Florasat_Individual_Sats.terminal[13].mob,initialBank,,,0deg
General-317-20260718-15:48:02-5193,attr,Florasat_Individual_Sats.terminal[13].mob,initialBank,unit,deg,
General-317-20260718-15:48:02-5193,param,Florasat_Individual_Sats.terminal[13].mob,initFromDisplayString,,,false
General-317-20260718-15:48:02-5193,param,Florasat_Individual_Sats.terminal[13].mob,updateFromDisplayString,,,false
General-317-20260718-15:48:02-5193,param,Florasat_Individual_Sats.terminal[13].mob,centerLatitude,,,41.117
General-317-20260718-15:48:02-5193,param,Florasat_Individual_Sats.terminal[13].mob,centerLongitude,,,16.871
General-317-20260718-15:48:02-5193,param,Florasat_Individual_Sats.terminal[13].mob,deploymentRadius,,,200
General-317-20260718-15:48:02-5193,param,Florasat_Individual_Sats.terminal[13],typename,,,"""Nodes._10_Terminal.Terminal"""
General-317-20260718-15:48:02-5193,param,Florasat_Individual_Sats.terminal[13],layerName,,,"""Terminal"""
General-317-20260718-15:48:02-5193,attr,Florasat_Individual_Sats.terminal[13],layerName,optional,,
General-317-20260718-15:48:02-5193,param,Florasat_Individual_Sats.terminal[13],sendData,,,true
General-317-20260718-15:48:02-5193,attr,Florasat_Individual_Sats.terminal[13],sendData,mutable,,
General-317-20260718-15:48:02-5193,param,Florasat_Individual_Sats.terminal[13],dstGsOrDev,,,0
General-317-20260718-15:48:02-5193,param,Florasat_Individual_Sats.terminal[14].phy.radio.antenna,typename,,,"""inet.physicallayer.wireless.common.antenna.IsotropicAntenna"""
General-317-20260718-15:48:02-5193,param,Florasat_Individual_Sats.terminal[14].phy.radio.antenna,mobilityModule,,,"""^.^.^.mob"""
General-317-20260718-15:48:02-5193,param,Florasat_Individual_Sats.terminal[14].phy.radio.antenna,numAntennas,,,1
General-317-20260718-15:48:02-5193,param,Florasat_Individual_Sats.terminal[14].phy.radio.transmitter,typename,,,"""Global.Transceiver.LoRaTransmitter"""
General-317-20260718-15:48:02-5193,param,Florasat_Individual_Sats.terminal[14].phy.radio.transmitter,preambleDuration,,,0.001s
General-317-20260718-15:48:02-5193,attr,Florasat_Individual_Sats.terminal[14].phy.radio.transmitter,preambleDuration,unit,s,
General-317-20260718-15:48:02-5193,param,Florasat_Individual_Sats.terminal[14].phy.radio.transmitter,headerLength,,,40b
General-317-20260718-15:48:02-5193,attr,Florasat_Individual_Sats.terminal[14].phy.radio.transmitter,headerLength,unit,b,
General-317-20260718-15:48:02-5193,param,Florasat_Individual_Sats.terminal[14].phy.radio.transmitter,bitrate,,,250000bps
General-317-20260718-15:48:02-5193,attr,Florasat_Individual_Sats.terminal[14].phy.radio.transmitter,bitrate,unit,bps,
General-317-20260718-15:48:02-5193,param,Florasat_Individual_Sats.terminal[14].phy.radio.transmitter,power,,,0.025118W
General-317-20260718-15:48:02-5193,attr,Florasat_Individual_Sats.terminal[14].phy.radio.transmitter,power,unit,W,
General-317-20260718-15:48:02-5193,param,Florasat_Individual_Sats.terminal[14].phy.radio.transmitter,centerFrequency,,,8.68e+08Hz
General-317-20260718-15:48:02-5193,attr,Florasat_Individual_Sats.terminal[14].phy.radio.transmitter,centerFrequency,unit,Hz,
General-317-20260718-15:48:02-5193,param,Florasat_Individual_Sats.terminal[14].phy.radio.transmitter,bandwidth,,,250000Hz
General-317-20260718-15:48:02-5193,attr,Florasat_Individual_Sats.terminal[14].phy.radio.transmitter,bandwidth,unit,Hz,
General-317-20260718-15:48:02-5193,param,Florasat_Individual_Sats.terminal[14].phy.radio.transmitter,codeRate,,,1
General-317-20260718-15:48:02-5193,param,Florasat_Individual_Sats.terminal[14].phy.radio.transmitter,modulation,,,"""LoRaModulation"""
General-317-20260718-15:48:02-5193,param,Florasat_Individual_Sats.terminal[14].phy.radio.receiver,typename,,,"""Global.Transceiver.LoRaReceiver"""
General-317-20260718-15:48:02-5193,param,Florasat_Individual_Sats.terminal[14].phy.radio.receiver,energyDetection,,,-90dBm
General-317-20260718-15:48:02-5193,attr,Florasat_Individual_Sats.terminal[14].phy.radio.receiver,energyDetection,unit,dBm,
General-317-20260718-15:48:02-5193,param,Florasat_Individual_Sats.terminal[14].phy.radio.receiver,sensitivity,,,-137dBm
General-317-20260718-15:48:02-5193,attr,Florasat_Individual_Sats.terminal[14].phy.radio.receiver,sensitivity,unit,dBm,
General-317-20260718-15:48:02-5193,param,Florasat_Individual_Sats.terminal[14].phy.radio.receiver,snirThreshold,,,-8dB
General-317-20260718-15:48:02-5193,attr,Florasat_Individual_Sats.terminal[14].phy.radio.receiver,snirThreshold,unit,dB,
General-317-20260718-15:48:02-5193,param,Florasat_Individual_Sats.terminal[14].phy.radio.receiver,centerFrequency,,,8.68e+08Hz
General-317-20260718-15:48:02-5193,attr,Florasat_Individual_Sats.terminal[14].phy.radio.receiver,centerFrequency,unit,Hz,
General-317-20260718-15:48:02-5193,param,Florasat_Individual_Sats.terminal[14].phy.radio.receiver,bandwidth,,,250000Hz
General-317-20260718-15:48:02-5193,attr,Florasat_Individual_Sats.terminal[14].phy.radio.receiver,bandwidth,unit,Hz,
General-317-20260718-15:48:02-5193,param,Florasat_Individual_Sats.terminal[14].phy.radio.receiver,alohaChannelModel,,,false
General-317-20260718-15:48:02-5193,param,Florasat_Individual_Sats.terminal[14].phy.radio.receiver,errorModelType,,,""""""
General-317-20260718-15:48:02-5193,param,Florasat_Individual_Sats.terminal[14].phy.radio.receiver,ignoreInterference,,,false
General-317-20260718-15:48:02-5193,param,Florasat_Individual_Sats.terminal[14].phy.radio.receiver,enableCollisionOverlap,,,false
General-317-20260718-15:48:02-5193,param,Florasat_Individual_Sats.terminal[14].phy.radio.receiver,minCollisionOverlap,,,0s
General-317-20260718-15:48:02-5193,attr,Florasat_Individual_Sats.terminal[14].phy.radio.receiver,minCollisionOverlap,unit,s,
General-317-20260718-15:48:02-5193,param,Florasat_Individual_Sats.terminal[14].phy.radio.IdealEpEnergyStorage,typename,,,"""inet.power.storage.IdealEpEnergyStorage"""
General-317-20260718-15:48:02-5193,param,Florasat_Individual_Sats.terminal[14].phy.radio,typename,,,"""Nodes._10_Terminal._10_Physical.Ter_Phy_LoRaRadio"""
General-317-20260718-15:48:02-5193,param,Florasat_Individual_Sats.terminal[14].phy.radio,radioMediumModule,,,"""radioMedium"""
General-317-20260718-15:48:02-5193,param,Florasat_Individual_Sats.terminal[14].phy.radio,energySourceModule,,,""""""
General-317-20260718-15:48:02-5193,param,Florasat_Individual_Sats.terminal[14].phy.radio,initialRadioMode,,,"""off"""
General-317-20260718-15:48:02-5193,attr,Florasat_Individual_Sats.terminal[14].phy.radio,initialRadioMode,enum,"off,sleep,receiver,transmitter,transceiver",
General-317-20260718-15:48:02-5193,param,Florasat_Individual_Sats.terminal[14].phy.radio,switchingTimes,,,"""ms 0 0 0 0 0 0 0 0 0 0 0 0 0 0 0 0 0 0 0 0 0 0 0 0 0"""
General-317-20260718-15:48:02-5193,param,Florasat_Individual_Sats.terminal[14].phy.radio,sendRawBytes,,,false
General-317-20260718-15:48:02-5193,param,Florasat_Individual_Sats.terminal[14].phy.radio,separateTransmissionParts,,,false
General-317-20260718-15:48:02-5193,param,Florasat_Individual_Sats.terminal[14].phy.radio,separateReceptionParts,,,false
General-317-20260718-15:48:02-5193,param,Florasat_Individual_Sats.terminal[14].phy.radio,displayCommunicationRange,,,false
General-317-20260718-15:48:02-5193,param,Florasat_Individual_Sats.terminal[14].phy.radio,displayInterferenceRange,,,false
General-317-20260718-15:48:02-5193,param,Florasat_Individual_Sats.terminal[14].phy.radio,centerFrequency,,,8.68e+08Hz
General-317-20260718-15:48:02-5193,attr,Florasat_Individual_Sats.terminal[14].phy.radio,centerFrequency,unit,Hz,
General-317-20260718-15:48:02-5193,param,Florasat_Individual_Sats.terminal[14].phy.radio,bandwidth,,,250000Hz
General-317-20260718-15:48:02-5193,attr,Florasat_Individual_Sats.terminal[14].phy.radio,bandwidth,unit,Hz,
General-317-20260718-15:48:02-5193,param,Florasat_Individual_Sats.terminal[14].phy.radio,iAmGateway,,,false
General-317-20260718-15:48:02-5193,param,Florasat_Individual_Sats.terminal[14].phy,typename,,,"""Nodes._10_Terminal._10_Physical.Ter_Phy"""
General-317-20260718-15:48:02-5193,param,Florasat_Individual_Sats.terminal[14].phy,layerName,,,"""Ter_Phy"""
General-317-20260718-15:48:02-5193,attr,Florasat_Individual_Sats.terminal[14].phy,layerName,optional,,
General-317-20260718-15:48:02-5193,param,Florasat_Individual_Sats.terminal[14].dlk.mac.queue,typename,,,"""inet.queueing.queue.DropTailQueue"""
General-317-20260718-15:48:02-5193,param,Florasat_Individual_Sats.terminal[14].dlk.mac.queue,displayStringTextFormat,,,"""contains %p pk (%l) pushed %u\npulled %o removed %r dropped %d"""
General-317-20260718-15:48:02-5193,param,Florasat_Individual_Sats.terminal[14].dlk.mac.queue,packetCapacity,,,-1
General-317-20260718-15:48:02-5193,param,Florasat_Individual_Sats.terminal[14].dlk.mac.queue,dataCapacity,,,-1b
General-317-20260718-15:48:02-5193,attr,Florasat_Individual_Sats.terminal[14].dlk.mac.queue,dataCapacity,unit,b,
General-317-20260718-15:48:02-5193,param,Florasat_Individual_Sats.terminal[14].dlk.mac.queue,dropperClass,,,"""inet::queueing::PacketAtCollectionEndDropper"""
General-317-20260718-15:48:02-5193,param,Florasat_Individual_Sats.terminal[14].dlk.mac.queue,comparatorClass,,,""""""
General-317-20260718-15:48:02-5193,param,Florasat_Individual_Sats.terminal[14].dlk.mac.queue,bufferModule,,,""""""
General-317-20260718-15:48:02-5193,param,Florasat_Individual_Sats.terminal[14].dlk.mac.mlBox,typename,,,"""Nodes._10_Terminal._20_Data_Link.Transmission_Predictor.Transmission_Predictor"""
General-317-20260718-15:48:02-5193,param,Florasat_Individual_Sats.terminal[14].dlk.mac.mlBox,modelPath,,,"""/home/ylnner/Documents/omnet++/omnetpp-6.3.0/projects/florasat_v4_ult_routing/simulations/Test_Individual/mlmodels/transformer_scripted.pt"""
General-317-20260718-15:48:02-5193,param,Florasat_Individual_Sats.terminal[14].dlk.mac.mlBox,threshold,,,0.2
General-317-20260718-15:48:02-5193,param,Florasat_Individual_Sats.terminal[14].dlk.mac.mlBox,scalerPath,,,""""""
General-317-20260718-15:48:02-5193,param,Florasat_Individual_Sats.terminal[14].dlk.mac,typename,,,"""Nodes._10_Terminal._20_Data_Link.Ter_Dlk_KiWan"""
General-317-20260718-15:48:02-5193,param,Florasat_Individual_Sats.terminal[14].dlk.mac,interfaceTableModule,,,""""""
General-317-20260718-15:48:02-5193,param,Florasat_Individual_Sats.terminal[14].dlk.mac,radioModule,,,"""^.^.phy.radio"""
General-317-20260718-15:48:02-5193,param,Florasat_Individual_Sats.terminal[14].dlk.mac,address,,,"""0A-AA-00-00-00-0F"""
General-317-20260718-15:48:02-5193,attr,Florasat_Individual_Sats.terminal[14].dlk.mac,address,mutable,,
General-317-20260718-15:48:02-5193,param,Florasat_Individual_Sats.terminal[14].dlk.mac,mtu,,,1500
General-317-20260718-15:48:02-5193,param,Florasat_Individual_Sats.terminal[14].dlk.mac,ttwDuration,,,100s
General-317-20260718-15:48:02-5193,attr,Florasat_Individual_Sats.terminal[14].dlk.mac,ttwDuration,unit,s,
General-317-20260718-15:48:02-5193,param,Florasat_Individual_Sats.terminal[14].dlk.mac,ttwIdle,,,0s
General-317-20260718-15:48:02-5193,attr,Florasat_Individual_Sats.terminal[14].dlk.mac,ttwIdle,unit,s,
General-317-20260718-15:48:02-5193,param,Florasat_Individual_Sats.terminal[14].dlk.mac,ttxStart_min,,,0s
General-317-20260718-15:48:02-5193,attr,Florasat_Individual_Sats.terminal[14].dlk.mac,ttxStart_min,unit,s,
General-317-20260718-15:48:02-5193,param,Florasat_Individual_Sats.terminal[14].dlk.mac,ttxStart_max,,,1s
General-317-20260718-15:48:02-5193,attr,Florasat_Individual_Sats.terminal[14].dlk.mac,ttxStart_max,unit,s,
General-317-20260718-15:48:02-5193,param,Florasat_Individual_Sats.terminal[14].dlk.mac,ttxIdle_min,,,10s
General-317-20260718-15:48:02-5193,attr,Florasat_Individual_Sats.terminal[14].dlk.mac,ttxIdle_min,unit,s,
General-317-20260718-15:48:02-5193,param,Florasat_Individual_Sats.terminal[14].dlk.mac,ttxIdle_max,,,15s
General-317-20260718-15:48:02-5193,attr,Florasat_Individual_Sats.terminal[14].dlk.mac,ttxIdle_max,unit,s,
General-317-20260718-15:48:02-5193,param,Florasat_Individual_Sats.terminal[14].dlk.mac,Ntw,,,1
General-317-20260718-15:48:02-5193,param,Florasat_Individual_Sats.terminal[14].dlk.mac,Ntx,,,5
General-317-20260718-15:48:02-5193,param,Florasat_Individual_Sats.terminal[14].dlk.mac,enableSatDetect,,,false
General-317-20260718-15:48:02-5193,param,Florasat_Individual_Sats.terminal[14].dlk.mac,tsdStart_min,,,0s
General-317-20260718-15:48:02-5193,attr,Florasat_Individual_Sats.terminal[14].dlk.mac,tsdStart_min,unit,s,
General-317-20260718-15:48:02-5193,param,Florasat_Individual_Sats.terminal[14].dlk.mac,tsdStart_max,,,60s
General-317-20260718-15:48:02-5193,attr,Florasat_Individual_Sats.terminal[14].dlk.mac,tsdStart_max,unit,s,
General-317-20260718-15:48:02-5193,param,Florasat_Individual_Sats.terminal[14].dlk.mac,Ndetect,,,4
General-317-20260718-15:48:02-5193,param,Florasat_Individual_Sats.terminal[14].dlk.mac,NsdSync,,,2
General-317-20260718-15:48:02-5193,param,Florasat_Individual_Sats.terminal[14].dlk.mac,tsyncIdle,,,60s
General-317-20260718-15:48:02-5193,attr,Florasat_Individual_Sats.terminal[14].dlk.mac,tsyncIdle,unit,s,
General-317-20260718-15:48:02-5193,param,Florasat_Individual_Sats.terminal[14].dlk.mac,tsdIdle,,,240s
General-317-20260718-15:48:02-5193,attr,Florasat_Individual_Sats.terminal[14].dlk.mac,tsdIdle,unit,s,
General-317-20260718-15:48:02-5193,param,Florasat_Individual_Sats.terminal[14].dlk.mac,satelliteDetectionProbability,,,0.9
General-317-20260718-15:48:02-5193,param,Florasat_Individual_Sats.terminal[14].dlk.mac,minimumElevation,,,5
General-317-20260718-15:48:02-5193,param,Florasat_Individual_Sats.terminal[14].dlk.mac,detectInitialListen,,,0.33s
General-317-20260718-15:48:02-5193,attr,Florasat_Individual_Sats.terminal[14].dlk.mac,detectInitialListen,unit,s,
General-317-20260718-15:48:02-5193,param,Florasat_Individual_Sats.terminal[14].dlk.mac,detectSuccessExtraMin,,,0.075s
General-317-20260718-15:48:02-5193,attr,Florasat_Individual_Sats.terminal[14].dlk.mac,detectSuccessExtraMin,unit,s,
General-317-20260718-15:48:02-5193,param,Florasat_Individual_Sats.terminal[14].dlk.mac,detectSuccessExtraMax,,,1.67s
General-317-20260718-15:48:02-5193,attr,Florasat_Individual_Sats.terminal[14].dlk.mac,detectSuccessExtraMax,unit,s,
General-317-20260718-15:48:02-5193,param,Florasat_Individual_Sats.terminal[14].dlk.mac,detectMissExtra,,,1.67s
General-317-20260718-15:48:02-5193,attr,Florasat_Individual_Sats.terminal[14].dlk.mac,detectMissExtra,unit,s,
General-317-20260718-15:48:02-5193,param,Florasat_Individual_Sats.terminal[14].dlk.mac,LoRaSF,,,10
General-317-20260718-15:48:02-5193,param,Florasat_Individual_Sats.terminal[14].dlk.mac,LoRaTP,,,13
General-317-20260718-15:48:02-5193,param,Florasat_Individual_Sats.terminal[14].dlk.mac,LoRaCF,,,8.68e+08
General-317-20260718-15:48:02-5193,param,Florasat_Individual_Sats.terminal[14].dlk.mac,LoRaBW,,,125000
General-317-20260718-15:48:02-5193,param,Florasat_Individual_Sats.terminal[14].dlk.mac,LoRaCR,,,1
General-317-20260718-15:48:02-5193,param,Florasat_Individual_Sats.terminal[14].dlk.mac,useMLBox,,,true
General-317-20260718-15:48:02-5193,param,Florasat_Individual_Sats.terminal[14].dlk.mac,useMLBoxBiLSTM,,,false
General-317-20260718-15:48:02-5193,param,Florasat_Individual_Sats.terminal[14].dlk.mac,useAnalytical,,,false
General-317-20260718-15:48:02-5193,param,Florasat_Individual_Sats.terminal[14].dlk,typename,,,"""Nodes._10_Terminal._20_Data_Link.Ter_Dlk"""
General-317-20260718-15:48:02-5193,param,Florasat_Individual_Sats.terminal[14].net.routing,typename,,,"""Global.Base._30_Network.Ter_Null_Routing"""
General-317-20260718-15:48:02-5193,param,Florasat_Individual_Sats.terminal[14].net,typename,,,"""Nodes._10_Terminal._30_Network.Ter_Net"""
General-317-20260718-15:48:02-5193,param,Florasat_Individual_Sats.terminal[14].net,layerName,,,"""Ter_Net"""
General-317-20260718-15:48:02-5193,attr,Florasat_Individual_Sats.terminal[14].net,layerName,optional,,
General-317-20260718-15:48:02-5193,param,Florasat_Individual_Sats.terminal[14].net,routingType,,,"""Ter_Null_Routing"""
General-317-20260718-15:48:02-5193,param,Florasat_Individual_Sats.terminal[14].app,typename,,,"""Nodes._10_Terminal._40_Application.Ter_App"""
General-317-20260718-15:48:02-5193,param,Florasat_Individual_Sats.terminal[14].app,layerName,,,"""TerminalApplicationLayer"""
General-317-20260718-15:48:02-5193,attr,Florasat_Individual_Sats.terminal[14].app,layerName,optional,,
General-317-20260718-15:48:02-5193,param,Florasat_Individual_Sats.terminal[14].app,numberOfPacketsToSend,,,0
General-317-20260718-15:48:02-5193,param,Florasat_Individual_Sats.terminal[14].app,timeToFirstPacket,,,1s
General-317-20260718-15:48:02-5193,attr,Florasat_Individual_Sats.terminal[14].app,timeToFirstPacket,unit,s,
General-317-20260718-15:48:02-5193,param,Florasat_Individual_Sats.terminal[14].app,timeToNextPacket,,,115s
General-317-20260718-15:48:02-5193,attr,Florasat_Individual_Sats.terminal[14].app,timeToNextPacket,unit,s,
General-317-20260718-15:48:02-5193,param,Florasat_Individual_Sats.terminal[14].app,timeToResponse,,,30s
General-317-20260718-15:48:02-5193,attr,Florasat_Individual_Sats.terminal[14].app,timeToResponse,unit,s,
General-317-20260718-15:48:02-5193,param,Florasat_Individual_Sats.terminal[14].app,timeToRetry,,,10s
General-317-20260718-15:48:02-5193,attr,Florasat_Individual_Sats.terminal[14].app,timeToRetry,unit,s,
General-317-20260718-15:48:02-5193,param,Florasat_Individual_Sats.terminal[14].app,ackTimeout,,,7s
General-317-20260718-15:48:02-5193,attr,Florasat_Individual_Sats.terminal[14].app,ackTimeout,unit,s,
General-317-20260718-15:48:02-5193,param,Florasat_Individual_Sats.terminal[14].app,timer,,,1s
General-317-20260718-15:48:02-5193,attr,Florasat_Individual_Sats.terminal[14].app,timer,unit,s,
General-317-20260718-15:48:02-5193,param,Florasat_Individual_Sats.terminal[14].app,initialLoRaTP,,,14dBm
General-317-20260718-15:48:02-5193,attr,Florasat_Individual_Sats.terminal[14].app,initialLoRaTP,unit,dBm,
General-317-20260718-15:48:02-5193,param,Florasat_Individual_Sats.terminal[14].app,initialLoRaCF,,,8.68e+08Hz
General-317-20260718-15:48:02-5193,attr,Florasat_Individual_Sats.terminal[14].app,initialLoRaCF,unit,Hz,
General-317-20260718-15:48:02-5193,param,Florasat_Individual_Sats.terminal[14].app,initialLoRaSF,,,12
General-317-20260718-15:48:02-5193,param,Florasat_Individual_Sats.terminal[14].app,initialLoRaBW,,,125000Hz
General-317-20260718-15:48:02-5193,attr,Florasat_Individual_Sats.terminal[14].app,initialLoRaBW,unit,Hz,
General-317-20260718-15:48:02-5193,param,Florasat_Individual_Sats.terminal[14].app,initialLoRaCR,,,4
General-317-20260718-15:48:02-5193,param,Florasat_Individual_Sats.terminal[14].app,initialUseHeader,,,true
General-317-20260718-15:48:02-5193,param,Florasat_Individual_Sats.terminal[14].app,initialPingSlot,,,1
General-317-20260718-15:48:02-5193,param,Florasat_Individual_Sats.terminal[14].app,InitClassA,,,true
General-317-20260718-15:48:02-5193,param,Florasat_Individual_Sats.terminal[14].app,InitClassB,,,false
General-317-20260718-15:48:02-5193,param,Florasat_Individual_Sats.terminal[14].app,evaluateADRinNode,,,false
General-317-20260718-15:48:02-5193,param,Florasat_Individual_Sats.terminal[14].app,payloadSize,,,10B
General-317-20260718-15:48:02-5193,attr,Florasat_Individual_Sats.terminal[14].app,payloadSize,unit,B,
General-317-20260718-15:48:02-5193,param,Florasat_Individual_Sats.terminal[14].app,usingAck,,,true
General-317-20260718-15:48:02-5193,param,Florasat_Individual_Sats.terminal[14].app,numGroundLinks,,,40
General-317-20260718-15:48:02-5193,param,Florasat_Individual_Sats.terminal[14].app,maxHops,,,50
General-317-20260718-15:48:02-5193,param,Florasat_Individual_Sats.terminal[14].app,nroMaxAttempts,,,0
General-317-20260718-15:48:02-5193,param,Florasat_Individual_Sats.terminal[14].eng,typename,,,"""Nodes._10_Terminal._50_Energy.Ter_Ene"""
General-317-20260718-15:48:02-5193,param,Florasat_Individual_Sats.terminal[14].mob,typename,,,"""Nodes._10_Terminal._60_Mobility.Ter_Mob"""
General-317-20260718-15:48:02-5193,param,Florasat_Individual_Sats.terminal[14].mob,subjectModule,,,"""^"""
General-317-20260718-15:48:02-5193,param,Florasat_Individual_Sats.terminal[14].mob,coordinateSystemModule,,,""""""
General-317-20260718-15:48:02-5193,param,Florasat_Individual_Sats.terminal[14].mob,displayStringTextFormat,,,"""p: %p\nv: %v"""
General-317-20260718-15:48:02-5193,attr,Florasat_Individual_Sats.terminal[14].mob,displayStringTextFormat,mutable,,
General-317-20260718-15:48:02-5193,param,Florasat_Individual_Sats.terminal[14].mob,updateDisplayString,,,true
General-317-20260718-15:48:02-5193,param,Florasat_Individual_Sats.terminal[14].mob,constraintAreaMinX,,,-inf m
General-317-20260718-15:48:02-5193,attr,Florasat_Individual_Sats.terminal[14].mob,constraintAreaMinX,unit,m,
General-317-20260718-15:48:02-5193,param,Florasat_Individual_Sats.terminal[14].mob,constraintAreaMinY,,,-inf m
General-317-20260718-15:48:02-5193,attr,Florasat_Individual_Sats.terminal[14].mob,constraintAreaMinY,unit,m,
General-317-20260718-15:48:02-5193,param,Florasat_Individual_Sats.terminal[14].mob,constraintAreaMinZ,,,-inf m
General-317-20260718-15:48:02-5193,attr,Florasat_Individual_Sats.terminal[14].mob,constraintAreaMinZ,unit,m,
General-317-20260718-15:48:02-5193,param,Florasat_Individual_Sats.terminal[14].mob,constraintAreaMaxX,,,inf m
General-317-20260718-15:48:02-5193,attr,Florasat_Individual_Sats.terminal[14].mob,constraintAreaMaxX,unit,m,
General-317-20260718-15:48:02-5193,param,Florasat_Individual_Sats.terminal[14].mob,constraintAreaMaxY,,,inf m
General-317-20260718-15:48:02-5193,attr,Florasat_Individual_Sats.terminal[14].mob,constraintAreaMaxY,unit,m,
General-317-20260718-15:48:02-5193,param,Florasat_Individual_Sats.terminal[14].mob,constraintAreaMaxZ,,,inf m
General-317-20260718-15:48:02-5193,attr,Florasat_Individual_Sats.terminal[14].mob,constraintAreaMaxZ,unit,m,
General-317-20260718-15:48:02-5193,param,Florasat_Individual_Sats.terminal[14].mob,initialX,,,nan m
General-317-20260718-15:48:02-5193,attr,Florasat_Individual_Sats.terminal[14].mob,initialX,unit,m,
General-317-20260718-15:48:02-5193,param,Florasat_Individual_Sats.terminal[14].mob,initialY,,,nan m
General-317-20260718-15:48:02-5193,attr,Florasat_Individual_Sats.terminal[14].mob,initialY,unit,m,
General-317-20260718-15:48:02-5193,param,Florasat_Individual_Sats.terminal[14].mob,initialZ,,,0m
General-317-20260718-15:48:02-5193,attr,Florasat_Individual_Sats.terminal[14].mob,initialZ,unit,m,
General-317-20260718-15:48:02-5193,param,Florasat_Individual_Sats.terminal[14].mob,initialLatitude,,,nan deg
General-317-20260718-15:48:02-5193,attr,Florasat_Individual_Sats.terminal[14].mob,initialLatitude,unit,deg,
General-317-20260718-15:48:02-5193,param,Florasat_Individual_Sats.terminal[14].mob,initialLongitude,,,nan deg
General-317-20260718-15:48:02-5193,attr,Florasat_Individual_Sats.terminal[14].mob,initialLongitude,unit,deg,
General-317-20260718-15:48:02-5193,param,Florasat_Individual_Sats.terminal[14].mob,initialAltitude,,,0m
General-317-20260718-15:48:02-5193,attr,Florasat_Individual_Sats.terminal[14].mob,initialAltitude,unit,m,
General-317-20260718-15:48:02-5193,param,Florasat_Individual_Sats.terminal[14].mob,initialHeading,,,0deg
General-317-20260718-15:48:02-5193,attr,Florasat_Individual_Sats.terminal[14].mob,initialHeading,unit,deg,
General-317-20260718-15:48:02-5193,param,Florasat_Individual_Sats.terminal[14].mob,initialElevation,,,0deg
General-317-20260718-15:48:02-5193,attr,Florasat_Individual_Sats.terminal[14].mob,initialElevation,unit,deg,
General-317-20260718-15:48:02-5193,param,Florasat_Individual_Sats.terminal[14].mob,initialBank,,,0deg
General-317-20260718-15:48:02-5193,attr,Florasat_Individual_Sats.terminal[14].mob,initialBank,unit,deg,
General-317-20260718-15:48:02-5193,param,Florasat_Individual_Sats.terminal[14].mob,initFromDisplayString,,,false
General-317-20260718-15:48:02-5193,param,Florasat_Individual_Sats.terminal[14].mob,updateFromDisplayString,,,false
General-317-20260718-15:48:02-5193,param,Florasat_Individual_Sats.terminal[14].mob,centerLatitude,,,52.132
General-317-20260718-15:48:02-5193,param,Florasat_Individual_Sats.terminal[14].mob,centerLongitude,,,5.291
General-317-20260718-15:48:02-5193,param,Florasat_Individual_Sats.terminal[14].mob,deploymentRadius,,,200
General-317-20260718-15:48:02-5193,param,Florasat_Individual_Sats.terminal[14],typename,,,"""Nodes._10_Terminal.Terminal"""
General-317-20260718-15:48:02-5193,param,Florasat_Individual_Sats.terminal[14],layerName,,,"""Terminal"""
General-317-20260718-15:48:02-5193,attr,Florasat_Individual_Sats.terminal[14],layerName,optional,,
General-317-20260718-15:48:02-5193,param,Florasat_Individual_Sats.terminal[14],sendData,,,true
General-317-20260718-15:48:02-5193,attr,Florasat_Individual_Sats.terminal[14],sendData,mutable,,
General-317-20260718-15:48:02-5193,param,Florasat_Individual_Sats.terminal[14],dstGsOrDev,,,0
General-317-20260718-15:48:02-5193,param,Florasat_Individual_Sats.terminal[15].phy.radio.antenna,typename,,,"""inet.physicallayer.wireless.common.antenna.IsotropicAntenna"""
General-317-20260718-15:48:02-5193,param,Florasat_Individual_Sats.terminal[15].phy.radio.antenna,mobilityModule,,,"""^.^.^.mob"""
General-317-20260718-15:48:02-5193,param,Florasat_Individual_Sats.terminal[15].phy.radio.antenna,numAntennas,,,1
General-317-20260718-15:48:02-5193,param,Florasat_Individual_Sats.terminal[15].phy.radio.transmitter,typename,,,"""Global.Transceiver.LoRaTransmitter"""
General-317-20260718-15:48:02-5193,param,Florasat_Individual_Sats.terminal[15].phy.radio.transmitter,preambleDuration,,,0.001s
General-317-20260718-15:48:02-5193,attr,Florasat_Individual_Sats.terminal[15].phy.radio.transmitter,preambleDuration,unit,s,
General-317-20260718-15:48:02-5193,param,Florasat_Individual_Sats.terminal[15].phy.radio.transmitter,headerLength,,,40b
General-317-20260718-15:48:02-5193,attr,Florasat_Individual_Sats.terminal[15].phy.radio.transmitter,headerLength,unit,b,
General-317-20260718-15:48:02-5193,param,Florasat_Individual_Sats.terminal[15].phy.radio.transmitter,bitrate,,,250000bps
General-317-20260718-15:48:02-5193,attr,Florasat_Individual_Sats.terminal[15].phy.radio.transmitter,bitrate,unit,bps,
General-317-20260718-15:48:02-5193,param,Florasat_Individual_Sats.terminal[15].phy.radio.transmitter,power,,,0.025118W
General-317-20260718-15:48:02-5193,attr,Florasat_Individual_Sats.terminal[15].phy.radio.transmitter,power,unit,W,
General-317-20260718-15:48:02-5193,param,Florasat_Individual_Sats.terminal[15].phy.radio.transmitter,centerFrequency,,,8.68e+08Hz
General-317-20260718-15:48:02-5193,attr,Florasat_Individual_Sats.terminal[15].phy.radio.transmitter,centerFrequency,unit,Hz,
General-317-20260718-15:48:02-5193,param,Florasat_Individual_Sats.terminal[15].phy.radio.transmitter,bandwidth,,,250000Hz
General-317-20260718-15:48:02-5193,attr,Florasat_Individual_Sats.terminal[15].phy.radio.transmitter,bandwidth,unit,Hz,
General-317-20260718-15:48:02-5193,param,Florasat_Individual_Sats.terminal[15].phy.radio.transmitter,codeRate,,,1
General-317-20260718-15:48:02-5193,param,Florasat_Individual_Sats.terminal[15].phy.radio.transmitter,modulation,,,"""LoRaModulation"""
General-317-20260718-15:48:02-5193,param,Florasat_Individual_Sats.terminal[15].phy.radio.receiver,typename,,,"""Global.Transceiver.LoRaReceiver"""
General-317-20260718-15:48:02-5193,param,Florasat_Individual_Sats.terminal[15].phy.radio.receiver,energyDetection,,,-90dBm
General-317-20260718-15:48:02-5193,attr,Florasat_Individual_Sats.terminal[15].phy.radio.receiver,energyDetection,unit,dBm,
General-317-20260718-15:48:02-5193,param,Florasat_Individual_Sats.terminal[15].phy.radio.receiver,sensitivity,,,-137dBm
General-317-20260718-15:48:02-5193,attr,Florasat_Individual_Sats.terminal[15].phy.radio.receiver,sensitivity,unit,dBm,
General-317-20260718-15:48:02-5193,param,Florasat_Individual_Sats.terminal[15].phy.radio.receiver,snirThreshold,,,-8dB
General-317-20260718-15:48:02-5193,attr,Florasat_Individual_Sats.terminal[15].phy.radio.receiver,snirThreshold,unit,dB,
General-317-20260718-15:48:02-5193,param,Florasat_Individual_Sats.terminal[15].phy.radio.receiver,centerFrequency,,,8.68e+08Hz
General-317-20260718-15:48:02-5193,attr,Florasat_Individual_Sats.terminal[15].phy.radio.receiver,centerFrequency,unit,Hz,
General-317-20260718-15:48:02-5193,param,Florasat_Individual_Sats.terminal[15].phy.radio.receiver,bandwidth,,,250000Hz
General-317-20260718-15:48:02-5193,attr,Florasat_Individual_Sats.terminal[15].phy.radio.receiver,bandwidth,unit,Hz,
General-317-20260718-15:48:02-5193,param,Florasat_Individual_Sats.terminal[15].phy.radio.receiver,alohaChannelModel,,,false
General-317-20260718-15:48:02-5193,param,Florasat_Individual_Sats.terminal[15].phy.radio.receiver,errorModelType,,,""""""
General-317-20260718-15:48:02-5193,param,Florasat_Individual_Sats.terminal[15].phy.radio.receiver,ignoreInterference,,,false
General-317-20260718-15:48:02-5193,param,Florasat_Individual_Sats.terminal[15].phy.radio.receiver,enableCollisionOverlap,,,false
General-317-20260718-15:48:02-5193,param,Florasat_Individual_Sats.terminal[15].phy.radio.receiver,minCollisionOverlap,,,0s
General-317-20260718-15:48:02-5193,attr,Florasat_Individual_Sats.terminal[15].phy.radio.receiver,minCollisionOverlap,unit,s,
General-317-20260718-15:48:02-5193,param,Florasat_Individual_Sats.terminal[15].phy.radio.IdealEpEnergyStorage,typename,,,"""inet.power.storage.IdealEpEnergyStorage"""
General-317-20260718-15:48:02-5193,param,Florasat_Individual_Sats.terminal[15].phy.radio,typename,,,"""Nodes._10_Terminal._10_Physical.Ter_Phy_LoRaRadio"""
General-317-20260718-15:48:02-5193,param,Florasat_Individual_Sats.terminal[15].phy.radio,radioMediumModule,,,"""radioMedium"""
General-317-20260718-15:48:02-5193,param,Florasat_Individual_Sats.terminal[15].phy.radio,energySourceModule,,,""""""
General-317-20260718-15:48:02-5193,param,Florasat_Individual_Sats.terminal[15].phy.radio,initialRadioMode,,,"""off"""
General-317-20260718-15:48:02-5193,attr,Florasat_Individual_Sats.terminal[15].phy.radio,initialRadioMode,enum,"off,sleep,receiver,transmitter,transceiver",
General-317-20260718-15:48:02-5193,param,Florasat_Individual_Sats.terminal[15].phy.radio,switchingTimes,,,"""ms 0 0 0 0 0 0 0 0 0 0 0 0 0 0 0 0 0 0 0 0 0 0 0 0 0"""
General-317-20260718-15:48:02-5193,param,Florasat_Individual_Sats.terminal[15].phy.radio,sendRawBytes,,,false
General-317-20260718-15:48:02-5193,param,Florasat_Individual_Sats.terminal[15].phy.radio,separateTransmissionParts,,,false
General-317-20260718-15:48:02-5193,param,Florasat_Individual_Sats.terminal[15].phy.radio,separateReceptionParts,,,false
General-317-20260718-15:48:02-5193,param,Florasat_Individual_Sats.terminal[15].phy.radio,displayCommunicationRange,,,false
General-317-20260718-15:48:02-5193,param,Florasat_Individual_Sats.terminal[15].phy.radio,displayInterferenceRange,,,false
General-317-20260718-15:48:02-5193,param,Florasat_Individual_Sats.terminal[15].phy.radio,centerFrequency,,,8.68e+08Hz
General-317-20260718-15:48:02-5193,attr,Florasat_Individual_Sats.terminal[15].phy.radio,centerFrequency,unit,Hz,
General-317-20260718-15:48:02-5193,param,Florasat_Individual_Sats.terminal[15].phy.radio,bandwidth,,,250000Hz
General-317-20260718-15:48:02-5193,attr,Florasat_Individual_Sats.terminal[15].phy.radio,bandwidth,unit,Hz,
General-317-20260718-15:48:02-5193,param,Florasat_Individual_Sats.terminal[15].phy.radio,iAmGateway,,,false
General-317-20260718-15:48:02-5193,param,Florasat_Individual_Sats.terminal[15].phy,typename,,,"""Nodes._10_Terminal._10_Physical.Ter_Phy"""
General-317-20260718-15:48:02-5193,param,Florasat_Individual_Sats.terminal[15].phy,layerName,,,"""Ter_Phy"""
General-317-20260718-15:48:02-5193,attr,Florasat_Individual_Sats.terminal[15].phy,layerName,optional,,
General-317-20260718-15:48:02-5193,param,Florasat_Individual_Sats.terminal[15].dlk.mac.queue,typename,,,"""inet.queueing.queue.DropTailQueue"""
General-317-20260718-15:48:02-5193,param,Florasat_Individual_Sats.terminal[15].dlk.mac.queue,displayStringTextFormat,,,"""contains %p pk (%l) pushed %u\npulled %o removed %r dropped %d"""
General-317-20260718-15:48:02-5193,param,Florasat_Individual_Sats.terminal[15].dlk.mac.queue,packetCapacity,,,-1
General-317-20260718-15:48:02-5193,param,Florasat_Individual_Sats.terminal[15].dlk.mac.queue,dataCapacity,,,-1b
General-317-20260718-15:48:02-5193,attr,Florasat_Individual_Sats.terminal[15].dlk.mac.queue,dataCapacity,unit,b,
General-317-20260718-15:48:02-5193,param,Florasat_Individual_Sats.terminal[15].dlk.mac.queue,dropperClass,,,"""inet::queueing::PacketAtCollectionEndDropper"""
General-317-20260718-15:48:02-5193,param,Florasat_Individual_Sats.terminal[15].dlk.mac.queue,comparatorClass,,,""""""
General-317-20260718-15:48:02-5193,param,Florasat_Individual_Sats.terminal[15].dlk.mac.queue,bufferModule,,,""""""
General-317-20260718-15:48:02-5193,param,Florasat_Individual_Sats.terminal[15].dlk.mac.mlBox,typename,,,"""Nodes._10_Terminal._20_Data_Link.Transmission_Predictor.Transmission_Predictor"""
General-317-20260718-15:48:02-5193,param,Florasat_Individual_Sats.terminal[15].dlk.mac.mlBox,modelPath,,,"""/home/ylnner/Documents/omnet++/omnetpp-6.3.0/projects/florasat_v4_ult_routing/simulations/Test_Individual/mlmodels/transformer_scripted.pt"""
General-317-20260718-15:48:02-5193,param,Florasat_Individual_Sats.terminal[15].dlk.mac.mlBox,threshold,,,0.2
General-317-20260718-15:48:02-5193,param,Florasat_Individual_Sats.terminal[15].dlk.mac.mlBox,scalerPath,,,""""""
General-317-20260718-15:48:02-5193,param,Florasat_Individual_Sats.terminal[15].dlk.mac,typename,,,"""Nodes._10_Terminal._20_Data_Link.Ter_Dlk_KiWan"""
General-317-20260718-15:48:02-5193,param,Florasat_Individual_Sats.terminal[15].dlk.mac,interfaceTableModule,,,""""""
General-317-20260718-15:48:02-5193,param,Florasat_Individual_Sats.terminal[15].dlk.mac,radioModule,,,"""^.^.phy.radio"""
General-317-20260718-15:48:02-5193,param,Florasat_Individual_Sats.terminal[15].dlk.mac,address,,,"""0A-AA-00-00-00-10"""
General-317-20260718-15:48:02-5193,attr,Florasat_Individual_Sats.terminal[15].dlk.mac,address,mutable,,
General-317-20260718-15:48:02-5193,param,Florasat_Individual_Sats.terminal[15].dlk.mac,mtu,,,1500
General-317-20260718-15:48:02-5193,param,Florasat_Individual_Sats.terminal[15].dlk.mac,ttwDuration,,,100s
General-317-20260718-15:48:02-5193,attr,Florasat_Individual_Sats.terminal[15].dlk.mac,ttwDuration,unit,s,
General-317-20260718-15:48:02-5193,param,Florasat_Individual_Sats.terminal[15].dlk.mac,ttwIdle,,,0s
General-317-20260718-15:48:02-5193,attr,Florasat_Individual_Sats.terminal[15].dlk.mac,ttwIdle,unit,s,
General-317-20260718-15:48:02-5193,param,Florasat_Individual_Sats.terminal[15].dlk.mac,ttxStart_min,,,0s
General-317-20260718-15:48:02-5193,attr,Florasat_Individual_Sats.terminal[15].dlk.mac,ttxStart_min,unit,s,
General-317-20260718-15:48:02-5193,param,Florasat_Individual_Sats.terminal[15].dlk.mac,ttxStart_max,,,1s
General-317-20260718-15:48:02-5193,attr,Florasat_Individual_Sats.terminal[15].dlk.mac,ttxStart_max,unit,s,
General-317-20260718-15:48:02-5193,param,Florasat_Individual_Sats.terminal[15].dlk.mac,ttxIdle_min,,,10s
General-317-20260718-15:48:02-5193,attr,Florasat_Individual_Sats.terminal[15].dlk.mac,ttxIdle_min,unit,s,
General-317-20260718-15:48:02-5193,param,Florasat_Individual_Sats.terminal[15].dlk.mac,ttxIdle_max,,,15s
General-317-20260718-15:48:02-5193,attr,Florasat_Individual_Sats.terminal[15].dlk.mac,ttxIdle_max,unit,s,
General-317-20260718-15:48:02-5193,param,Florasat_Individual_Sats.terminal[15].dlk.mac,Ntw,,,1
General-317-20260718-15:48:02-5193,param,Florasat_Individual_Sats.terminal[15].dlk.mac,Ntx,,,5
General-317-20260718-15:48:02-5193,param,Florasat_Individual_Sats.terminal[15].dlk.mac,enableSatDetect,,,false
General-317-20260718-15:48:02-5193,param,Florasat_Individual_Sats.terminal[15].dlk.mac,tsdStart_min,,,0s
General-317-20260718-15:48:02-5193,attr,Florasat_Individual_Sats.terminal[15].dlk.mac,tsdStart_min,unit,s,
General-317-20260718-15:48:02-5193,param,Florasat_Individual_Sats.terminal[15].dlk.mac,tsdStart_max,,,60s
General-317-20260718-15:48:02-5193,attr,Florasat_Individual_Sats.terminal[15].dlk.mac,tsdStart_max,unit,s,
General-317-20260718-15:48:02-5193,param,Florasat_Individual_Sats.terminal[15].dlk.mac,Ndetect,,,4
General-317-20260718-15:48:02-5193,param,Florasat_Individual_Sats.terminal[15].dlk.mac,NsdSync,,,2
General-317-20260718-15:48:02-5193,param,Florasat_Individual_Sats.terminal[15].dlk.mac,tsyncIdle,,,60s
General-317-20260718-15:48:02-5193,attr,Florasat_Individual_Sats.terminal[15].dlk.mac,tsyncIdle,unit,s,
General-317-20260718-15:48:02-5193,param,Florasat_Individual_Sats.terminal[15].dlk.mac,tsdIdle,,,240s
General-317-20260718-15:48:02-5193,attr,Florasat_Individual_Sats.terminal[15].dlk.mac,tsdIdle,unit,s,
General-317-20260718-15:48:02-5193,param,Florasat_Individual_Sats.terminal[15].dlk.mac,satelliteDetectionProbability,,,0.9
General-317-20260718-15:48:02-5193,param,Florasat_Individual_Sats.terminal[15].dlk.mac,minimumElevation,,,5
General-317-20260718-15:48:02-5193,param,Florasat_Individual_Sats.terminal[15].dlk.mac,detectInitialListen,,,0.33s
General-317-20260718-15:48:02-5193,attr,Florasat_Individual_Sats.terminal[15].dlk.mac,detectInitialListen,unit,s,
General-317-20260718-15:48:02-5193,param,Florasat_Individual_Sats.terminal[15].dlk.mac,detectSuccessExtraMin,,,0.075s
General-317-20260718-15:48:02-5193,attr,Florasat_Individual_Sats.terminal[15].dlk.mac,detectSuccessExtraMin,unit,s,
General-317-20260718-15:48:02-5193,param,Florasat_Individual_Sats.terminal[15].dlk.mac,detectSuccessExtraMax,,,1.67s
General-317-20260718-15:48:02-5193,attr,Florasat_Individual_Sats.terminal[15].dlk.mac,detectSuccessExtraMax,unit,s,
General-317-20260718-15:48:02-5193,param,Florasat_Individual_Sats.terminal[15].dlk.mac,detectMissExtra,,,1.67s
General-317-20260718-15:48:02-5193,attr,Florasat_Individual_Sats.terminal[15].dlk.mac,detectMissExtra,unit,s,
General-317-20260718-15:48:02-5193,param,Florasat_Individual_Sats.terminal[15].dlk.mac,LoRaSF,,,10
General-317-20260718-15:48:02-5193,param,Florasat_Individual_Sats.terminal[15].dlk.mac,LoRaTP,,,12
General-317-20260718-15:48:02-5193,param,Florasat_Individual_Sats.terminal[15].dlk.mac,LoRaCF,,,8.68e+08
General-317-20260718-15:48:02-5193,param,Florasat_Individual_Sats.terminal[15].dlk.mac,LoRaBW,,,125000
General-317-20260718-15:48:02-5193,param,Florasat_Individual_Sats.terminal[15].dlk.mac,LoRaCR,,,1
General-317-20260718-15:48:02-5193,param,Florasat_Individual_Sats.terminal[15].dlk.mac,useMLBox,,,true
General-317-20260718-15:48:02-5193,param,Florasat_Individual_Sats.terminal[15].dlk.mac,useMLBoxBiLSTM,,,false
General-317-20260718-15:48:02-5193,param,Florasat_Individual_Sats.terminal[15].dlk.mac,useAnalytical,,,false
General-317-20260718-15:48:02-5193,param,Florasat_Individual_Sats.terminal[15].dlk,typename,,,"""Nodes._10_Terminal._20_Data_Link.Ter_Dlk"""
General-317-20260718-15:48:02-5193,param,Florasat_Individual_Sats.terminal[15].net.routing,typename,,,"""Global.Base._30_Network.Ter_Null_Routing"""
General-317-20260718-15:48:02-5193,param,Florasat_Individual_Sats.terminal[15].net,typename,,,"""Nodes._10_Terminal._30_Network.Ter_Net"""
General-317-20260718-15:48:02-5193,param,Florasat_Individual_Sats.terminal[15].net,layerName,,,"""Ter_Net"""
General-317-20260718-15:48:02-5193,attr,Florasat_Individual_Sats.terminal[15].net,layerName,optional,,
General-317-20260718-15:48:02-5193,param,Florasat_Individual_Sats.terminal[15].net,routingType,,,"""Ter_Null_Routing"""
General-317-20260718-15:48:02-5193,param,Florasat_Individual_Sats.terminal[15].app,typename,,,"""Nodes._10_Terminal._40_Application.Ter_App"""
General-317-20260718-15:48:02-5193,param,Florasat_Individual_Sats.terminal[15].app,layerName,,,"""TerminalApplicationLayer"""
General-317-20260718-15:48:02-5193,attr,Florasat_Individual_Sats.terminal[15].app,layerName,optional,,
General-317-20260718-15:48:02-5193,param,Florasat_Individual_Sats.terminal[15].app,numberOfPacketsToSend,,,0
General-317-20260718-15:48:02-5193,param,Florasat_Individual_Sats.terminal[15].app,timeToFirstPacket,,,1s
General-317-20260718-15:48:02-5193,attr,Florasat_Individual_Sats.terminal[15].app,timeToFirstPacket,unit,s,
General-317-20260718-15:48:02-5193,param,Florasat_Individual_Sats.terminal[15].app,timeToNextPacket,,,115s
General-317-20260718-15:48:02-5193,attr,Florasat_Individual_Sats.terminal[15].app,timeToNextPacket,unit,s,
General-317-20260718-15:48:02-5193,param,Florasat_Individual_Sats.terminal[15].app,timeToResponse,,,30s
General-317-20260718-15:48:02-5193,attr,Florasat_Individual_Sats.terminal[15].app,timeToResponse,unit,s,
General-317-20260718-15:48:02-5193,param,Florasat_Individual_Sats.terminal[15].app,timeToRetry,,,10s
General-317-20260718-15:48:02-5193,attr,Florasat_Individual_Sats.terminal[15].app,timeToRetry,unit,s,
General-317-20260718-15:48:02-5193,param,Florasat_Individual_Sats.terminal[15].app,ackTimeout,,,7s
General-317-20260718-15:48:02-5193,attr,Florasat_Individual_Sats.terminal[15].app,ackTimeout,unit,s,
General-317-20260718-15:48:02-5193,param,Florasat_Individual_Sats.terminal[15].app,timer,,,1s
General-317-20260718-15:48:02-5193,attr,Florasat_Individual_Sats.terminal[15].app,timer,unit,s,
General-317-20260718-15:48:02-5193,param,Florasat_Individual_Sats.terminal[15].app,initialLoRaTP,,,14dBm
General-317-20260718-15:48:02-5193,attr,Florasat_Individual_Sats.terminal[15].app,initialLoRaTP,unit,dBm,
General-317-20260718-15:48:02-5193,param,Florasat_Individual_Sats.terminal[15].app,initialLoRaCF,,,8.68e+08Hz
General-317-20260718-15:48:02-5193,attr,Florasat_Individual_Sats.terminal[15].app,initialLoRaCF,unit,Hz,
General-317-20260718-15:48:02-5193,param,Florasat_Individual_Sats.terminal[15].app,initialLoRaSF,,,12
General-317-20260718-15:48:02-5193,param,Florasat_Individual_Sats.terminal[15].app,initialLoRaBW,,,125000Hz
General-317-20260718-15:48:02-5193,attr,Florasat_Individual_Sats.terminal[15].app,initialLoRaBW,unit,Hz,
General-317-20260718-15:48:02-5193,param,Florasat_Individual_Sats.terminal[15].app,initialLoRaCR,,,4
General-317-20260718-15:48:02-5193,param,Florasat_Individual_Sats.terminal[15].app,initialUseHeader,,,true
General-317-20260718-15:48:02-5193,param,Florasat_Individual_Sats.terminal[15].app,initialPingSlot,,,1
General-317-20260718-15:48:02-5193,param,Florasat_Individual_Sats.terminal[15].app,InitClassA,,,true
General-317-20260718-15:48:02-5193,param,Florasat_Individual_Sats.terminal[15].app,InitClassB,,,false
General-317-20260718-15:48:02-5193,param,Florasat_Individual_Sats.terminal[15].app,evaluateADRinNode,,,false
General-317-20260718-15:48:02-5193,param,Florasat_Individual_Sats.terminal[15].app,payloadSize,,,10B
General-317-20260718-15:48:02-5193,attr,Florasat_Individual_Sats.terminal[15].app,payloadSize,unit,B,
General-317-20260718-15:48:02-5193,param,Florasat_Individual_Sats.terminal[15].app,usingAck,,,true
General-317-20260718-15:48:02-5193,param,Florasat_Individual_Sats.terminal[15].app,numGroundLinks,,,40
General-317-20260718-15:48:02-5193,param,Florasat_Individual_Sats.terminal[15].app,maxHops,,,50
General-317-20260718-15:48:02-5193,param,Florasat_Individual_Sats.terminal[15].app,nroMaxAttempts,,,0
General-317-20260718-15:48:02-5193,param,Florasat_Individual_Sats.terminal[15].eng,typename,,,"""Nodes._10_Terminal._50_Energy.Ter_Ene"""
General-317-20260718-15:48:02-5193,param,Florasat_Individual_Sats.terminal[15].mob,typename,,,"""Nodes._10_Terminal._60_Mobility.Ter_Mob"""
General-317-20260718-15:48:02-5193,param,Florasat_Individual_Sats.terminal[15].mob,subjectModule,,,"""^"""
General-317-20260718-15:48:02-5193,param,Florasat_Individual_Sats.terminal[15].mob,coordinateSystemModule,,,""""""
General-317-20260718-15:48:02-5193,param,Florasat_Individual_Sats.terminal[15].mob,displayStringTextFormat,,,"""p: %p\nv: %v"""
General-317-20260718-15:48:02-5193,attr,Florasat_Individual_Sats.terminal[15].mob,displayStringTextFormat,mutable,,
General-317-20260718-15:48:02-5193,param,Florasat_Individual_Sats.terminal[15].mob,updateDisplayString,,,true
General-317-20260718-15:48:02-5193,param,Florasat_Individual_Sats.terminal[15].mob,constraintAreaMinX,,,-inf m
General-317-20260718-15:48:02-5193,attr,Florasat_Individual_Sats.terminal[15].mob,constraintAreaMinX,unit,m,
General-317-20260718-15:48:02-5193,param,Florasat_Individual_Sats.terminal[15].mob,constraintAreaMinY,,,-inf m
General-317-20260718-15:48:02-5193,attr,Florasat_Individual_Sats.terminal[15].mob,constraintAreaMinY,unit,m,
General-317-20260718-15:48:02-5193,param,Florasat_Individual_Sats.terminal[15].mob,constraintAreaMinZ,,,-inf m
General-317-20260718-15:48:02-5193,attr,Florasat_Individual_Sats.terminal[15].mob,constraintAreaMinZ,unit,m,
General-317-20260718-15:48:02-5193,param,Florasat_Individual_Sats.terminal[15].mob,constraintAreaMaxX,,,inf m
General-317-20260718-15:48:02-5193,attr,Florasat_Individual_Sats.terminal[15].mob,constraintAreaMaxX,unit,m,
General-317-20260718-15:48:02-5193,param,Florasat_Individual_Sats.terminal[15].mob,constraintAreaMaxY,,,inf m
General-317-20260718-15:48:02-5193,attr,Florasat_Individual_Sats.terminal[15].mob,constraintAreaMaxY,unit,m,
General-317-20260718-15:48:02-5193,param,Florasat_Individual_Sats.terminal[15].mob,constraintAreaMaxZ,,,inf m
General-317-20260718-15:48:02-5193,attr,Florasat_Individual_Sats.terminal[15].mob,constraintAreaMaxZ,unit,m,
General-317-20260718-15:48:02-5193,param,Florasat_Individual_Sats.terminal[15].mob,initialX,,,nan m
General-317-20260718-15:48:02-5193,attr,Florasat_Individual_Sats.terminal[15].mob,initialX,unit,m,
General-317-20260718-15:48:02-5193,param,Florasat_Individual_Sats.terminal[15].mob,initialY,,,nan m
General-317-20260718-15:48:02-5193,attr,Florasat_Individual_Sats.terminal[15].mob,initialY,unit,m,
General-317-20260718-15:48:02-5193,param,Florasat_Individual_Sats.terminal[15].mob,initialZ,,,0m
General-317-20260718-15:48:02-5193,attr,Florasat_Individual_Sats.terminal[15].mob,initialZ,unit,m,
General-317-20260718-15:48:02-5193,param,Florasat_Individual_Sats.terminal[15].mob,initialLatitude,,,nan deg
General-317-20260718-15:48:02-5193,attr,Florasat_Individual_Sats.terminal[15].mob,initialLatitude,unit,deg,
General-317-20260718-15:48:02-5193,param,Florasat_Individual_Sats.terminal[15].mob,initialLongitude,,,nan deg
General-317-20260718-15:48:02-5193,attr,Florasat_Individual_Sats.terminal[15].mob,initialLongitude,unit,deg,
General-317-20260718-15:48:02-5193,param,Florasat_Individual_Sats.terminal[15].mob,initialAltitude,,,0m
General-317-20260718-15:48:02-5193,attr,Florasat_Individual_Sats.terminal[15].mob,initialAltitude,unit,m,
General-317-20260718-15:48:02-5193,param,Florasat_Individual_Sats.terminal[15].mob,initialHeading,,,0deg
General-317-20260718-15:48:02-5193,attr,Florasat_Individual_Sats.terminal[15].mob,initialHeading,unit,deg,
General-317-20260718-15:48:02-5193,param,Florasat_Individual_Sats.terminal[15].mob,initialElevation,,,0deg
General-317-20260718-15:48:02-5193,attr,Florasat_Individual_Sats.terminal[15].mob,initialElevation,unit,deg,
General-317-20260718-15:48:02-5193,param,Florasat_Individual_Sats.terminal[15].mob,initialBank,,,0deg
General-317-20260718-15:48:02-5193,attr,Florasat_Individual_Sats.terminal[15].mob,initialBank,unit,deg,
General-317-20260718-15:48:02-5193,param,Florasat_Individual_Sats.terminal[15].mob,initFromDisplayString,,,false
General-317-20260718-15:48:02-5193,param,Florasat_Individual_Sats.terminal[15].mob,updateFromDisplayString,,,false
General-317-20260718-15:48:02-5193,param,Florasat_Individual_Sats.terminal[15].mob,centerLatitude,,,50.411
General-317-20260718-15:48:02-5193,param,Florasat_Individual_Sats.terminal[15].mob,centerLongitude,,,4.444
General-317-20260718-15:48:02-5193,param,Florasat_Individual_Sats.terminal[15].mob,deploymentRadius,,,200
General-317-20260718-15:48:02-5193,param,Florasat_Individual_Sats.terminal[15],typename,,,"""Nodes._10_Terminal.Terminal"""
General-317-20260718-15:48:02-5193,param,Florasat_Individual_Sats.terminal[15],layerName,,,"""Terminal"""
General-317-20260718-15:48:02-5193,attr,Florasat_Individual_Sats.terminal[15],layerName,optional,,
General-317-20260718-15:48:02-5193,param,Florasat_Individual_Sats.terminal[15],sendData,,,true
General-317-20260718-15:48:02-5193,attr,Florasat_Individual_Sats.terminal[15],sendData,mutable,,
General-317-20260718-15:48:02-5193,param,Florasat_Individual_Sats.terminal[15],dstGsOrDev,,,0
General-317-20260718-15:48:02-5193,param,Florasat_Individual_Sats.terminal[16].phy.radio.antenna,typename,,,"""inet.physicallayer.wireless.common.antenna.IsotropicAntenna"""
General-317-20260718-15:48:02-5193,param,Florasat_Individual_Sats.terminal[16].phy.radio.antenna,mobilityModule,,,"""^.^.^.mob"""
General-317-20260718-15:48:02-5193,param,Florasat_Individual_Sats.terminal[16].phy.radio.antenna,numAntennas,,,1
General-317-20260718-15:48:02-5193,param,Florasat_Individual_Sats.terminal[16].phy.radio.transmitter,typename,,,"""Global.Transceiver.LoRaTransmitter"""
General-317-20260718-15:48:02-5193,param,Florasat_Individual_Sats.terminal[16].phy.radio.transmitter,preambleDuration,,,0.001s
General-317-20260718-15:48:02-5193,attr,Florasat_Individual_Sats.terminal[16].phy.radio.transmitter,preambleDuration,unit,s,
General-317-20260718-15:48:02-5193,param,Florasat_Individual_Sats.terminal[16].phy.radio.transmitter,headerLength,,,40b
General-317-20260718-15:48:02-5193,attr,Florasat_Individual_Sats.terminal[16].phy.radio.transmitter,headerLength,unit,b,
General-317-20260718-15:48:02-5193,param,Florasat_Individual_Sats.terminal[16].phy.radio.transmitter,bitrate,,,250000bps
General-317-20260718-15:48:02-5193,attr,Florasat_Individual_Sats.terminal[16].phy.radio.transmitter,bitrate,unit,bps,
General-317-20260718-15:48:02-5193,param,Florasat_Individual_Sats.terminal[16].phy.radio.transmitter,power,,,0.025118W
General-317-20260718-15:48:02-5193,attr,Florasat_Individual_Sats.terminal[16].phy.radio.transmitter,power,unit,W,
General-317-20260718-15:48:02-5193,param,Florasat_Individual_Sats.terminal[16].phy.radio.transmitter,centerFrequency,,,8.68e+08Hz
General-317-20260718-15:48:02-5193,attr,Florasat_Individual_Sats.terminal[16].phy.radio.transmitter,centerFrequency,unit,Hz,
General-317-20260718-15:48:02-5193,param,Florasat_Individual_Sats.terminal[16].phy.radio.transmitter,bandwidth,,,250000Hz
General-317-20260718-15:48:02-5193,attr,Florasat_Individual_Sats.terminal[16].phy.radio.transmitter,bandwidth,unit,Hz,
General-317-20260718-15:48:02-5193,param,Florasat_Individual_Sats.terminal[16].phy.radio.transmitter,codeRate,,,1
General-317-20260718-15:48:02-5193,param,Florasat_Individual_Sats.terminal[16].phy.radio.transmitter,modulation,,,"""LoRaModulation"""
General-317-20260718-15:48:02-5193,param,Florasat_Individual_Sats.terminal[16].phy.radio.receiver,typename,,,"""Global.Transceiver.LoRaReceiver"""
General-317-20260718-15:48:02-5193,param,Florasat_Individual_Sats.terminal[16].phy.radio.receiver,energyDetection,,,-90dBm
General-317-20260718-15:48:02-5193,attr,Florasat_Individual_Sats.terminal[16].phy.radio.receiver,energyDetection,unit,dBm,
General-317-20260718-15:48:02-5193,param,Florasat_Individual_Sats.terminal[16].phy.radio.receiver,sensitivity,,,-137dBm
General-317-20260718-15:48:02-5193,attr,Florasat_Individual_Sats.terminal[16].phy.radio.receiver,sensitivity,unit,dBm,
General-317-20260718-15:48:02-5193,param,Florasat_Individual_Sats.terminal[16].phy.radio.receiver,snirThreshold,,,-8dB
General-317-20260718-15:48:02-5193,attr,Florasat_Individual_Sats.terminal[16].phy.radio.receiver,snirThreshold,unit,dB,
General-317-20260718-15:48:02-5193,param,Florasat_Individual_Sats.terminal[16].phy.radio.receiver,centerFrequency,,,8.68e+08Hz
General-317-20260718-15:48:02-5193,attr,Florasat_Individual_Sats.terminal[16].phy.radio.receiver,centerFrequency,unit,Hz,
General-317-20260718-15:48:02-5193,param,Florasat_Individual_Sats.terminal[16].phy.radio.receiver,bandwidth,,,250000Hz
General-317-20260718-15:48:02-5193,attr,Florasat_Individual_Sats.terminal[16].phy.radio.receiver,bandwidth,unit,Hz,
General-317-20260718-15:48:02-5193,param,Florasat_Individual_Sats.terminal[16].phy.radio.receiver,alohaChannelModel,,,false
General-317-20260718-15:48:02-5193,param,Florasat_Individual_Sats.terminal[16].phy.radio.receiver,errorModelType,,,""""""
General-317-20260718-15:48:02-5193,param,Florasat_Individual_Sats.terminal[16].phy.radio.receiver,ignoreInterference,,,false
General-317-20260718-15:48:02-5193,param,Florasat_Individual_Sats.terminal[16].phy.radio.receiver,enableCollisionOverlap,,,false
General-317-20260718-15:48:02-5193,param,Florasat_Individual_Sats.terminal[16].phy.radio.receiver,minCollisionOverlap,,,0s
General-317-20260718-15:48:02-5193,attr,Florasat_Individual_Sats.terminal[16].phy.radio.receiver,minCollisionOverlap,unit,s,
General-317-20260718-15:48:02-5193,param,Florasat_Individual_Sats.terminal[16].phy.radio.IdealEpEnergyStorage,typename,,,"""inet.power.storage.IdealEpEnergyStorage"""
General-317-20260718-15:48:02-5193,param,Florasat_Individual_Sats.terminal[16].phy.radio,typename,,,"""Nodes._10_Terminal._10_Physical.Ter_Phy_LoRaRadio"""
General-317-20260718-15:48:02-5193,param,Florasat_Individual_Sats.terminal[16].phy.radio,radioMediumModule,,,"""radioMedium"""
General-317-20260718-15:48:02-5193,param,Florasat_Individual_Sats.terminal[16].phy.radio,energySourceModule,,,""""""
General-317-20260718-15:48:02-5193,param,Florasat_Individual_Sats.terminal[16].phy.radio,initialRadioMode,,,"""off"""
General-317-20260718-15:48:02-5193,attr,Florasat_Individual_Sats.terminal[16].phy.radio,initialRadioMode,enum,"off,sleep,receiver,transmitter,transceiver",
General-317-20260718-15:48:02-5193,param,Florasat_Individual_Sats.terminal[16].phy.radio,switchingTimes,,,"""ms 0 0 0 0 0 0 0 0 0 0 0 0 0 0 0 0 0 0 0 0 0 0 0 0 0"""
General-317-20260718-15:48:02-5193,param,Florasat_Individual_Sats.terminal[16].phy.radio,sendRawBytes,,,false
General-317-20260718-15:48:02-5193,param,Florasat_Individual_Sats.terminal[16].phy.radio,separateTransmissionParts,,,false
General-317-20260718-15:48:02-5193,param,Florasat_Individual_Sats.terminal[16].phy.radio,separateReceptionParts,,,false
General-317-20260718-15:48:02-5193,param,Florasat_Individual_Sats.terminal[16].phy.radio,displayCommunicationRange,,,false
General-317-20260718-15:48:02-5193,param,Florasat_Individual_Sats.terminal[16].phy.radio,displayInterferenceRange,,,false
General-317-20260718-15:48:02-5193,param,Florasat_Individual_Sats.terminal[16].phy.radio,centerFrequency,,,8.68e+08Hz
General-317-20260718-15:48:02-5193,attr,Florasat_Individual_Sats.terminal[16].phy.radio,centerFrequency,unit,Hz,
General-317-20260718-15:48:02-5193,param,Florasat_Individual_Sats.terminal[16].phy.radio,bandwidth,,,250000Hz
General-317-20260718-15:48:02-5193,attr,Florasat_Individual_Sats.terminal[16].phy.radio,bandwidth,unit,Hz,
General-317-20260718-15:48:02-5193,param,Florasat_Individual_Sats.terminal[16].phy.radio,iAmGateway,,,false
General-317-20260718-15:48:02-5193,param,Florasat_Individual_Sats.terminal[16].phy,typename,,,"""Nodes._10_Terminal._10_Physical.Ter_Phy"""
General-317-20260718-15:48:02-5193,param,Florasat_Individual_Sats.terminal[16].phy,layerName,,,"""Ter_Phy"""
General-317-20260718-15:48:02-5193,attr,Florasat_Individual_Sats.terminal[16].phy,layerName,optional,,
General-317-20260718-15:48:02-5193,param,Florasat_Individual_Sats.terminal[16].dlk.mac.queue,typename,,,"""inet.queueing.queue.DropTailQueue"""
General-317-20260718-15:48:02-5193,param,Florasat_Individual_Sats.terminal[16].dlk.mac.queue,displayStringTextFormat,,,"""contains %p pk (%l) pushed %u\npulled %o removed %r dropped %d"""
General-317-20260718-15:48:02-5193,param,Florasat_Individual_Sats.terminal[16].dlk.mac.queue,packetCapacity,,,-1
General-317-20260718-15:48:02-5193,param,Florasat_Individual_Sats.terminal[16].dlk.mac.queue,dataCapacity,,,-1b
General-317-20260718-15:48:02-5193,attr,Florasat_Individual_Sats.terminal[16].dlk.mac.queue,dataCapacity,unit,b,
General-317-20260718-15:48:02-5193,param,Florasat_Individual_Sats.terminal[16].dlk.mac.queue,dropperClass,,,"""inet::queueing::PacketAtCollectionEndDropper"""
General-317-20260718-15:48:02-5193,param,Florasat_Individual_Sats.terminal[16].dlk.mac.queue,comparatorClass,,,""""""
General-317-20260718-15:48:02-5193,param,Florasat_Individual_Sats.terminal[16].dlk.mac.queue,bufferModule,,,""""""
General-317-20260718-15:48:02-5193,param,Florasat_Individual_Sats.terminal[16].dlk.mac.mlBox,typename,,,"""Nodes._10_Terminal._20_Data_Link.Transmission_Predictor.Transmission_Predictor"""
General-317-20260718-15:48:02-5193,param,Florasat_Individual_Sats.terminal[16].dlk.mac.mlBox,modelPath,,,"""/home/ylnner/Documents/omnet++/omnetpp-6.3.0/projects/florasat_v4_ult_routing/simulations/Test_Individual/mlmodels/transformer_scripted.pt"""
General-317-20260718-15:48:02-5193,param,Florasat_Individual_Sats.terminal[16].dlk.mac.mlBox,threshold,,,0.2
General-317-20260718-15:48:02-5193,param,Florasat_Individual_Sats.terminal[16].dlk.mac.mlBox,scalerPath,,,""""""
General-317-20260718-15:48:02-5193,param,Florasat_Individual_Sats.terminal[16].dlk.mac,typename,,,"""Nodes._10_Terminal._20_Data_Link.Ter_Dlk_KiWan"""
General-317-20260718-15:48:02-5193,param,Florasat_Individual_Sats.terminal[16].dlk.mac,interfaceTableModule,,,""""""
General-317-20260718-15:48:02-5193,param,Florasat_Individual_Sats.terminal[16].dlk.mac,radioModule,,,"""^.^.phy.radio"""
General-317-20260718-15:48:02-5193,param,Florasat_Individual_Sats.terminal[16].dlk.mac,address,,,"""0A-AA-00-00-00-11"""
General-317-20260718-15:48:02-5193,attr,Florasat_Individual_Sats.terminal[16].dlk.mac,address,mutable,,
General-317-20260718-15:48:02-5193,param,Florasat_Individual_Sats.terminal[16].dlk.mac,mtu,,,1500
General-317-20260718-15:48:02-5193,param,Florasat_Individual_Sats.terminal[16].dlk.mac,ttwDuration,,,100s
General-317-20260718-15:48:02-5193,attr,Florasat_Individual_Sats.terminal[16].dlk.mac,ttwDuration,unit,s,
General-317-20260718-15:48:02-5193,param,Florasat_Individual_Sats.terminal[16].dlk.mac,ttwIdle,,,0s
General-317-20260718-15:48:02-5193,attr,Florasat_Individual_Sats.terminal[16].dlk.mac,ttwIdle,unit,s,
General-317-20260718-15:48:02-5193,param,Florasat_Individual_Sats.terminal[16].dlk.mac,ttxStart_min,,,0s
General-317-20260718-15:48:02-5193,attr,Florasat_Individual_Sats.terminal[16].dlk.mac,ttxStart_min,unit,s,
General-317-20260718-15:48:02-5193,param,Florasat_Individual_Sats.terminal[16].dlk.mac,ttxStart_max,,,1s
General-317-20260718-15:48:02-5193,attr,Florasat_Individual_Sats.terminal[16].dlk.mac,ttxStart_max,unit,s,
General-317-20260718-15:48:02-5193,param,Florasat_Individual_Sats.terminal[16].dlk.mac,ttxIdle_min,,,10s
General-317-20260718-15:48:02-5193,attr,Florasat_Individual_Sats.terminal[16].dlk.mac,ttxIdle_min,unit,s,
General-317-20260718-15:48:02-5193,param,Florasat_Individual_Sats.terminal[16].dlk.mac,ttxIdle_max,,,15s
General-317-20260718-15:48:02-5193,attr,Florasat_Individual_Sats.terminal[16].dlk.mac,ttxIdle_max,unit,s,
General-317-20260718-15:48:02-5193,param,Florasat_Individual_Sats.terminal[16].dlk.mac,Ntw,,,1
General-317-20260718-15:48:02-5193,param,Florasat_Individual_Sats.terminal[16].dlk.mac,Ntx,,,5
General-317-20260718-15:48:02-5193,param,Florasat_Individual_Sats.terminal[16].dlk.mac,enableSatDetect,,,false
General-317-20260718-15:48:02-5193,param,Florasat_Individual_Sats.terminal[16].dlk.mac,tsdStart_min,,,0s
General-317-20260718-15:48:02-5193,attr,Florasat_Individual_Sats.terminal[16].dlk.mac,tsdStart_min,unit,s,
General-317-20260718-15:48:02-5193,param,Florasat_Individual_Sats.terminal[16].dlk.mac,tsdStart_max,,,60s
General-317-20260718-15:48:02-5193,attr,Florasat_Individual_Sats.terminal[16].dlk.mac,tsdStart_max,unit,s,
General-317-20260718-15:48:02-5193,param,Florasat_Individual_Sats.terminal[16].dlk.mac,Ndetect,,,4
General-317-20260718-15:48:02-5193,param,Florasat_Individual_Sats.terminal[16].dlk.mac,NsdSync,,,2
General-317-20260718-15:48:02-5193,param,Florasat_Individual_Sats.terminal[16].dlk.mac,tsyncIdle,,,60s
General-317-20260718-15:48:02-5193,attr,Florasat_Individual_Sats.terminal[16].dlk.mac,tsyncIdle,unit,s,
General-317-20260718-15:48:02-5193,param,Florasat_Individual_Sats.terminal[16].dlk.mac,tsdIdle,,,240s
General-317-20260718-15:48:02-5193,attr,Florasat_Individual_Sats.terminal[16].dlk.mac,tsdIdle,unit,s,
General-317-20260718-15:48:02-5193,param,Florasat_Individual_Sats.terminal[16].dlk.mac,satelliteDetectionProbability,,,0.9
General-317-20260718-15:48:02-5193,param,Florasat_Individual_Sats.terminal[16].dlk.mac,minimumElevation,,,5
General-317-20260718-15:48:02-5193,param,Florasat_Individual_Sats.terminal[16].dlk.mac,detectInitialListen,,,0.33s
General-317-20260718-15:48:02-5193,attr,Florasat_Individual_Sats.terminal[16].dlk.mac,detectInitialListen,unit,s,
General-317-20260718-15:48:02-5193,param,Florasat_Individual_Sats.terminal[16].dlk.mac,detectSuccessExtraMin,,,0.075s
General-317-20260718-15:48:02-5193,attr,Florasat_Individual_Sats.terminal[16].dlk.mac,detectSuccessExtraMin,unit,s,
General-317-20260718-15:48:02-5193,param,Florasat_Individual_Sats.terminal[16].dlk.mac,detectSuccessExtraMax,,,1.67s
General-317-20260718-15:48:02-5193,attr,Florasat_Individual_Sats.terminal[16].dlk.mac,detectSuccessExtraMax,unit,s,
General-317-20260718-15:48:02-5193,param,Florasat_Individual_Sats.terminal[16].dlk.mac,detectMissExtra,,,1.67s
General-317-20260718-15:48:02-5193,attr,Florasat_Individual_Sats.terminal[16].dlk.mac,detectMissExtra,unit,s,
General-317-20260718-15:48:02-5193,param,Florasat_Individual_Sats.terminal[16].dlk.mac,LoRaSF,,,10
General-317-20260718-15:48:02-5193,param,Florasat_Individual_Sats.terminal[16].dlk.mac,LoRaTP,,,13
General-317-20260718-15:48:02-5193,param,Florasat_Individual_Sats.terminal[16].dlk.mac,LoRaCF,,,8.68e+08
General-317-20260718-15:48:02-5193,param,Florasat_Individual_Sats.terminal[16].dlk.mac,LoRaBW,,,125000
General-317-20260718-15:48:02-5193,param,Florasat_Individual_Sats.terminal[16].dlk.mac,LoRaCR,,,1
General-317-20260718-15:48:02-5193,param,Florasat_Individual_Sats.terminal[16].dlk.mac,useMLBox,,,true
General-317-20260718-15:48:02-5193,param,Florasat_Individual_Sats.terminal[16].dlk.mac,useMLBoxBiLSTM,,,false
General-317-20260718-15:48:02-5193,param,Florasat_Individual_Sats.terminal[16].dlk.mac,useAnalytical,,,false
General-317-20260718-15:48:02-5193,param,Florasat_Individual_Sats.terminal[16].dlk,typename,,,"""Nodes._10_Terminal._20_Data_Link.Ter_Dlk"""
General-317-20260718-15:48:02-5193,param,Florasat_Individual_Sats.terminal[16].net.routing,typename,,,"""Global.Base._30_Network.Ter_Null_Routing"""
General-317-20260718-15:48:02-5193,param,Florasat_Individual_Sats.terminal[16].net,typename,,,"""Nodes._10_Terminal._30_Network.Ter_Net"""
General-317-20260718-15:48:02-5193,param,Florasat_Individual_Sats.terminal[16].net,layerName,,,"""Ter_Net"""
General-317-20260718-15:48:02-5193,attr,Florasat_Individual_Sats.terminal[16].net,layerName,optional,,
General-317-20260718-15:48:02-5193,param,Florasat_Individual_Sats.terminal[16].net,routingType,,,"""Ter_Null_Routing"""
General-317-20260718-15:48:02-5193,param,Florasat_Individual_Sats.terminal[16].app,typename,,,"""Nodes._10_Terminal._40_Application.Ter_App"""
General-317-20260718-15:48:02-5193,param,Florasat_Individual_Sats.terminal[16].app,layerName,,,"""TerminalApplicationLayer"""
General-317-20260718-15:48:02-5193,attr,Florasat_Individual_Sats.terminal[16].app,layerName,optional,,
General-317-20260718-15:48:02-5193,param,Florasat_Individual_Sats.terminal[16].app,numberOfPacketsToSend,,,0
General-317-20260718-15:48:02-5193,param,Florasat_Individual_Sats.terminal[16].app,timeToFirstPacket,,,1s
General-317-20260718-15:48:02-5193,attr,Florasat_Individual_Sats.terminal[16].app,timeToFirstPacket,unit,s,
General-317-20260718-15:48:02-5193,param,Florasat_Individual_Sats.terminal[16].app,timeToNextPacket,,,115s
General-317-20260718-15:48:02-5193,attr,Florasat_Individual_Sats.terminal[16].app,timeToNextPacket,unit,s,
General-317-20260718-15:48:02-5193,param,Florasat_Individual_Sats.terminal[16].app,timeToResponse,,,30s
General-317-20260718-15:48:02-5193,attr,Florasat_Individual_Sats.terminal[16].app,timeToResponse,unit,s,
General-317-20260718-15:48:02-5193,param,Florasat_Individual_Sats.terminal[16].app,timeToRetry,,,10s
General-317-20260718-15:48:02-5193,attr,Florasat_Individual_Sats.terminal[16].app,timeToRetry,unit,s,
General-317-20260718-15:48:02-5193,param,Florasat_Individual_Sats.terminal[16].app,ackTimeout,,,7s
General-317-20260718-15:48:02-5193,attr,Florasat_Individual_Sats.terminal[16].app,ackTimeout,unit,s,
General-317-20260718-15:48:02-5193,param,Florasat_Individual_Sats.terminal[16].app,timer,,,1s
General-317-20260718-15:48:02-5193,attr,Florasat_Individual_Sats.terminal[16].app,timer,unit,s,
General-317-20260718-15:48:02-5193,param,Florasat_Individual_Sats.terminal[16].app,initialLoRaTP,,,14dBm
General-317-20260718-15:48:02-5193,attr,Florasat_Individual_Sats.terminal[16].app,initialLoRaTP,unit,dBm,
General-317-20260718-15:48:02-5193,param,Florasat_Individual_Sats.terminal[16].app,initialLoRaCF,,,8.68e+08Hz
General-317-20260718-15:48:02-5193,attr,Florasat_Individual_Sats.terminal[16].app,initialLoRaCF,unit,Hz,
General-317-20260718-15:48:02-5193,param,Florasat_Individual_Sats.terminal[16].app,initialLoRaSF,,,12
General-317-20260718-15:48:02-5193,param,Florasat_Individual_Sats.terminal[16].app,initialLoRaBW,,,125000Hz
General-317-20260718-15:48:02-5193,attr,Florasat_Individual_Sats.terminal[16].app,initialLoRaBW,unit,Hz,
General-317-20260718-15:48:02-5193,param,Florasat_Individual_Sats.terminal[16].app,initialLoRaCR,,,4
General-317-20260718-15:48:02-5193,param,Florasat_Individual_Sats.terminal[16].app,initialUseHeader,,,true
General-317-20260718-15:48:02-5193,param,Florasat_Individual_Sats.terminal[16].app,initialPingSlot,,,1
General-317-20260718-15:48:02-5193,param,Florasat_Individual_Sats.terminal[16].app,InitClassA,,,true
General-317-20260718-15:48:02-5193,param,Florasat_Individual_Sats.terminal[16].app,InitClassB,,,false
General-317-20260718-15:48:02-5193,param,Florasat_Individual_Sats.terminal[16].app,evaluateADRinNode,,,false
General-317-20260718-15:48:02-5193,param,Florasat_Individual_Sats.terminal[16].app,payloadSize,,,10B
General-317-20260718-15:48:02-5193,attr,Florasat_Individual_Sats.terminal[16].app,payloadSize,unit,B,
General-317-20260718-15:48:02-5193,param,Florasat_Individual_Sats.terminal[16].app,usingAck,,,true
General-317-20260718-15:48:02-5193,param,Florasat_Individual_Sats.terminal[16].app,numGroundLinks,,,40
General-317-20260718-15:48:02-5193,param,Florasat_Individual_Sats.terminal[16].app,maxHops,,,50
General-317-20260718-15:48:02-5193,param,Florasat_Individual_Sats.terminal[16].app,nroMaxAttempts,,,0
General-317-20260718-15:48:02-5193,param,Florasat_Individual_Sats.terminal[16].eng,typename,,,"""Nodes._10_Terminal._50_Energy.Ter_Ene"""
General-317-20260718-15:48:02-5193,param,Florasat_Individual_Sats.terminal[16].mob,typename,,,"""Nodes._10_Terminal._60_Mobility.Ter_Mob"""
General-317-20260718-15:48:02-5193,param,Florasat_Individual_Sats.terminal[16].mob,subjectModule,,,"""^"""
General-317-20260718-15:48:02-5193,param,Florasat_Individual_Sats.terminal[16].mob,coordinateSystemModule,,,""""""
General-317-20260718-15:48:02-5193,param,Florasat_Individual_Sats.terminal[16].mob,displayStringTextFormat,,,"""p: %p\nv: %v"""
General-317-20260718-15:48:02-5193,attr,Florasat_Individual_Sats.terminal[16].mob,displayStringTextFormat,mutable,,
General-317-20260718-15:48:02-5193,param,Florasat_Individual_Sats.terminal[16].mob,updateDisplayString,,,true
General-317-20260718-15:48:02-5193,param,Florasat_Individual_Sats.terminal[16].mob,constraintAreaMinX,,,-inf m
General-317-20260718-15:48:02-5193,attr,Florasat_Individual_Sats.terminal[16].mob,constraintAreaMinX,unit,m,
General-317-20260718-15:48:02-5193,param,Florasat_Individual_Sats.terminal[16].mob,constraintAreaMinY,,,-inf m
General-317-20260718-15:48:02-5193,attr,Florasat_Individual_Sats.terminal[16].mob,constraintAreaMinY,unit,m,
General-317-20260718-15:48:02-5193,param,Florasat_Individual_Sats.terminal[16].mob,constraintAreaMinZ,,,-inf m
General-317-20260718-15:48:02-5193,attr,Florasat_Individual_Sats.terminal[16].mob,constraintAreaMinZ,unit,m,
General-317-20260718-15:48:02-5193,param,Florasat_Individual_Sats.terminal[16].mob,constraintAreaMaxX,,,inf m
General-317-20260718-15:48:02-5193,attr,Florasat_Individual_Sats.terminal[16].mob,constraintAreaMaxX,unit,m,
General-317-20260718-15:48:02-5193,param,Florasat_Individual_Sats.terminal[16].mob,constraintAreaMaxY,,,inf m
General-317-20260718-15:48:02-5193,attr,Florasat_Individual_Sats.terminal[16].mob,constraintAreaMaxY,unit,m,
General-317-20260718-15:48:02-5193,param,Florasat_Individual_Sats.terminal[16].mob,constraintAreaMaxZ,,,inf m
General-317-20260718-15:48:02-5193,attr,Florasat_Individual_Sats.terminal[16].mob,constraintAreaMaxZ,unit,m,
General-317-20260718-15:48:02-5193,param,Florasat_Individual_Sats.terminal[16].mob,initialX,,,nan m
General-317-20260718-15:48:02-5193,attr,Florasat_Individual_Sats.terminal[16].mob,initialX,unit,m,
General-317-20260718-15:48:02-5193,param,Florasat_Individual_Sats.terminal[16].mob,initialY,,,nan m
General-317-20260718-15:48:02-5193,attr,Florasat_Individual_Sats.terminal[16].mob,initialY,unit,m,
General-317-20260718-15:48:02-5193,param,Florasat_Individual_Sats.terminal[16].mob,initialZ,,,0m
General-317-20260718-15:48:02-5193,attr,Florasat_Individual_Sats.terminal[16].mob,initialZ,unit,m,
General-317-20260718-15:48:02-5193,param,Florasat_Individual_Sats.terminal[16].mob,initialLatitude,,,nan deg
General-317-20260718-15:48:02-5193,attr,Florasat_Individual_Sats.terminal[16].mob,initialLatitude,unit,deg,
General-317-20260718-15:48:02-5193,param,Florasat_Individual_Sats.terminal[16].mob,initialLongitude,,,nan deg
General-317-20260718-15:48:02-5193,attr,Florasat_Individual_Sats.terminal[16].mob,initialLongitude,unit,deg,
General-317-20260718-15:48:02-5193,param,Florasat_Individual_Sats.terminal[16].mob,initialAltitude,,,0m
General-317-20260718-15:48:02-5193,attr,Florasat_Individual_Sats.terminal[16].mob,initialAltitude,unit,m,
General-317-20260718-15:48:02-5193,param,Florasat_Individual_Sats.terminal[16].mob,initialHeading,,,0deg
General-317-20260718-15:48:02-5193,attr,Florasat_Individual_Sats.terminal[16].mob,initialHeading,unit,deg,
General-317-20260718-15:48:02-5193,param,Florasat_Individual_Sats.terminal[16].mob,initialElevation,,,0deg
General-317-20260718-15:48:02-5193,attr,Florasat_Individual_Sats.terminal[16].mob,initialElevation,unit,deg,
General-317-20260718-15:48:02-5193,param,Florasat_Individual_Sats.terminal[16].mob,initialBank,,,0deg
General-317-20260718-15:48:02-5193,attr,Florasat_Individual_Sats.terminal[16].mob,initialBank,unit,deg,
General-317-20260718-15:48:02-5193,param,Florasat_Individual_Sats.terminal[16].mob,initFromDisplayString,,,false
General-317-20260718-15:48:02-5193,param,Florasat_Individual_Sats.terminal[16].mob,updateFromDisplayString,,,false
General-317-20260718-15:48:02-5193,param,Florasat_Individual_Sats.terminal[16].mob,centerLatitude,,,47.559
General-317-20260718-15:48:02-5193,param,Florasat_Individual_Sats.terminal[16].mob,centerLongitude,,,7.588
General-317-20260718-15:48:02-5193,param,Florasat_Individual_Sats.terminal[16].mob,deploymentRadius,,,200
General-317-20260718-15:48:02-5193,param,Florasat_Individual_Sats.terminal[16],typename,,,"""Nodes._10_Terminal.Terminal"""
General-317-20260718-15:48:02-5193,param,Florasat_Individual_Sats.terminal[16],layerName,,,"""Terminal"""
General-317-20260718-15:48:02-5193,attr,Florasat_Individual_Sats.terminal[16],layerName,optional,,
General-317-20260718-15:48:02-5193,param,Florasat_Individual_Sats.terminal[16],sendData,,,true
General-317-20260718-15:48:02-5193,attr,Florasat_Individual_Sats.terminal[16],sendData,mutable,,
General-317-20260718-15:48:02-5193,param,Florasat_Individual_Sats.terminal[16],dstGsOrDev,,,0
General-317-20260718-15:48:02-5193,param,Florasat_Individual_Sats.terminal[17].phy.radio.antenna,typename,,,"""inet.physicallayer.wireless.common.antenna.IsotropicAntenna"""
General-317-20260718-15:48:02-5193,param,Florasat_Individual_Sats.terminal[17].phy.radio.antenna,mobilityModule,,,"""^.^.^.mob"""
General-317-20260718-15:48:02-5193,param,Florasat_Individual_Sats.terminal[17].phy.radio.antenna,numAntennas,,,1
General-317-20260718-15:48:02-5193,param,Florasat_Individual_Sats.terminal[17].phy.radio.transmitter,typename,,,"""Global.Transceiver.LoRaTransmitter"""
General-317-20260718-15:48:02-5193,param,Florasat_Individual_Sats.terminal[17].phy.radio.transmitter,preambleDuration,,,0.001s
General-317-20260718-15:48:02-5193,attr,Florasat_Individual_Sats.terminal[17].phy.radio.transmitter,preambleDuration,unit,s,
General-317-20260718-15:48:02-5193,param,Florasat_Individual_Sats.terminal[17].phy.radio.transmitter,headerLength,,,40b
General-317-20260718-15:48:02-5193,attr,Florasat_Individual_Sats.terminal[17].phy.radio.transmitter,headerLength,unit,b,
General-317-20260718-15:48:02-5193,param,Florasat_Individual_Sats.terminal[17].phy.radio.transmitter,bitrate,,,250000bps
General-317-20260718-15:48:02-5193,attr,Florasat_Individual_Sats.terminal[17].phy.radio.transmitter,bitrate,unit,bps,
General-317-20260718-15:48:02-5193,param,Florasat_Individual_Sats.terminal[17].phy.radio.transmitter,power,,,0.025118W
General-317-20260718-15:48:02-5193,attr,Florasat_Individual_Sats.terminal[17].phy.radio.transmitter,power,unit,W,
General-317-20260718-15:48:02-5193,param,Florasat_Individual_Sats.terminal[17].phy.radio.transmitter,centerFrequency,,,8.68e+08Hz
General-317-20260718-15:48:02-5193,attr,Florasat_Individual_Sats.terminal[17].phy.radio.transmitter,centerFrequency,unit,Hz,
General-317-20260718-15:48:02-5193,param,Florasat_Individual_Sats.terminal[17].phy.radio.transmitter,bandwidth,,,250000Hz
General-317-20260718-15:48:02-5193,attr,Florasat_Individual_Sats.terminal[17].phy.radio.transmitter,bandwidth,unit,Hz,
General-317-20260718-15:48:02-5193,param,Florasat_Individual_Sats.terminal[17].phy.radio.transmitter,codeRate,,,1
General-317-20260718-15:48:02-5193,param,Florasat_Individual_Sats.terminal[17].phy.radio.transmitter,modulation,,,"""LoRaModulation"""
General-317-20260718-15:48:02-5193,param,Florasat_Individual_Sats.terminal[17].phy.radio.receiver,typename,,,"""Global.Transceiver.LoRaReceiver"""
General-317-20260718-15:48:02-5193,param,Florasat_Individual_Sats.terminal[17].phy.radio.receiver,energyDetection,,,-90dBm
General-317-20260718-15:48:02-5193,attr,Florasat_Individual_Sats.terminal[17].phy.radio.receiver,energyDetection,unit,dBm,
General-317-20260718-15:48:02-5193,param,Florasat_Individual_Sats.terminal[17].phy.radio.receiver,sensitivity,,,-137dBm
General-317-20260718-15:48:02-5193,attr,Florasat_Individual_Sats.terminal[17].phy.radio.receiver,sensitivity,unit,dBm,
General-317-20260718-15:48:02-5193,param,Florasat_Individual_Sats.terminal[17].phy.radio.receiver,snirThreshold,,,-8dB
General-317-20260718-15:48:02-5193,attr,Florasat_Individual_Sats.terminal[17].phy.radio.receiver,snirThreshold,unit,dB,
General-317-20260718-15:48:02-5193,param,Florasat_Individual_Sats.terminal[17].phy.radio.receiver,centerFrequency,,,8.68e+08Hz
General-317-20260718-15:48:02-5193,attr,Florasat_Individual_Sats.terminal[17].phy.radio.receiver,centerFrequency,unit,Hz,
General-317-20260718-15:48:02-5193,param,Florasat_Individual_Sats.terminal[17].phy.radio.receiver,bandwidth,,,250000Hz
General-317-20260718-15:48:02-5193,attr,Florasat_Individual_Sats.terminal[17].phy.radio.receiver,bandwidth,unit,Hz,
General-317-20260718-15:48:02-5193,param,Florasat_Individual_Sats.terminal[17].phy.radio.receiver,alohaChannelModel,,,false
General-317-20260718-15:48:02-5193,param,Florasat_Individual_Sats.terminal[17].phy.radio.receiver,errorModelType,,,""""""
General-317-20260718-15:48:02-5193,param,Florasat_Individual_Sats.terminal[17].phy.radio.receiver,ignoreInterference,,,false
General-317-20260718-15:48:02-5193,param,Florasat_Individual_Sats.terminal[17].phy.radio.receiver,enableCollisionOverlap,,,false
General-317-20260718-15:48:02-5193,param,Florasat_Individual_Sats.terminal[17].phy.radio.receiver,minCollisionOverlap,,,0s
General-317-20260718-15:48:02-5193,attr,Florasat_Individual_Sats.terminal[17].phy.radio.receiver,minCollisionOverlap,unit,s,
General-317-20260718-15:48:02-5193,param,Florasat_Individual_Sats.terminal[17].phy.radio.IdealEpEnergyStorage,typename,,,"""inet.power.storage.IdealEpEnergyStorage"""
General-317-20260718-15:48:02-5193,param,Florasat_Individual_Sats.terminal[17].phy.radio,typename,,,"""Nodes._10_Terminal._10_Physical.Ter_Phy_LoRaRadio"""
General-317-20260718-15:48:02-5193,param,Florasat_Individual_Sats.terminal[17].phy.radio,radioMediumModule,,,"""radioMedium"""
General-317-20260718-15:48:02-5193,param,Florasat_Individual_Sats.terminal[17].phy.radio,energySourceModule,,,""""""
General-317-20260718-15:48:02-5193,param,Florasat_Individual_Sats.terminal[17].phy.radio,initialRadioMode,,,"""off"""
General-317-20260718-15:48:02-5193,attr,Florasat_Individual_Sats.terminal[17].phy.radio,initialRadioMode,enum,"off,sleep,receiver,transmitter,transceiver",
General-317-20260718-15:48:02-5193,param,Florasat_Individual_Sats.terminal[17].phy.radio,switchingTimes,,,"""ms 0 0 0 0 0 0 0 0 0 0 0 0 0 0 0 0 0 0 0 0 0 0 0 0 0"""
General-317-20260718-15:48:02-5193,param,Florasat_Individual_Sats.terminal[17].phy.radio,sendRawBytes,,,false
General-317-20260718-15:48:02-5193,param,Florasat_Individual_Sats.terminal[17].phy.radio,separateTransmissionParts,,,false
General-317-20260718-15:48:02-5193,param,Florasat_Individual_Sats.terminal[17].phy.radio,separateReceptionParts,,,false
General-317-20260718-15:48:02-5193,param,Florasat_Individual_Sats.terminal[17].phy.radio,displayCommunicationRange,,,false
General-317-20260718-15:48:02-5193,param,Florasat_Individual_Sats.terminal[17].phy.radio,displayInterferenceRange,,,false
General-317-20260718-15:48:02-5193,param,Florasat_Individual_Sats.terminal[17].phy.radio,centerFrequency,,,8.68e+08Hz
General-317-20260718-15:48:02-5193,attr,Florasat_Individual_Sats.terminal[17].phy.radio,centerFrequency,unit,Hz,
General-317-20260718-15:48:02-5193,param,Florasat_Individual_Sats.terminal[17].phy.radio,bandwidth,,,250000Hz
General-317-20260718-15:48:02-5193,attr,Florasat_Individual_Sats.terminal[17].phy.radio,bandwidth,unit,Hz,
General-317-20260718-15:48:02-5193,param,Florasat_Individual_Sats.terminal[17].phy.radio,iAmGateway,,,false
General-317-20260718-15:48:02-5193,param,Florasat_Individual_Sats.terminal[17].phy,typename,,,"""Nodes._10_Terminal._10_Physical.Ter_Phy"""
General-317-20260718-15:48:02-5193,param,Florasat_Individual_Sats.terminal[17].phy,layerName,,,"""Ter_Phy"""
General-317-20260718-15:48:02-5193,attr,Florasat_Individual_Sats.terminal[17].phy,layerName,optional,,
General-317-20260718-15:48:02-5193,param,Florasat_Individual_Sats.terminal[17].dlk.mac.queue,typename,,,"""inet.queueing.queue.DropTailQueue"""
General-317-20260718-15:48:02-5193,param,Florasat_Individual_Sats.terminal[17].dlk.mac.queue,displayStringTextFormat,,,"""contains %p pk (%l) pushed %u\npulled %o removed %r dropped %d"""
General-317-20260718-15:48:02-5193,param,Florasat_Individual_Sats.terminal[17].dlk.mac.queue,packetCapacity,,,-1
General-317-20260718-15:48:02-5193,param,Florasat_Individual_Sats.terminal[17].dlk.mac.queue,dataCapacity,,,-1b
General-317-20260718-15:48:02-5193,attr,Florasat_Individual_Sats.terminal[17].dlk.mac.queue,dataCapacity,unit,b,
General-317-20260718-15:48:02-5193,param,Florasat_Individual_Sats.terminal[17].dlk.mac.queue,dropperClass,,,"""inet::queueing::PacketAtCollectionEndDropper"""
General-317-20260718-15:48:02-5193,param,Florasat_Individual_Sats.terminal[17].dlk.mac.queue,comparatorClass,,,""""""
General-317-20260718-15:48:02-5193,param,Florasat_Individual_Sats.terminal[17].dlk.mac.queue,bufferModule,,,""""""
General-317-20260718-15:48:02-5193,param,Florasat_Individual_Sats.terminal[17].dlk.mac.mlBox,typename,,,"""Nodes._10_Terminal._20_Data_Link.Transmission_Predictor.Transmission_Predictor"""
General-317-20260718-15:48:02-5193,param,Florasat_Individual_Sats.terminal[17].dlk.mac.mlBox,modelPath,,,"""/home/ylnner/Documents/omnet++/omnetpp-6.3.0/projects/florasat_v4_ult_routing/simulations/Test_Individual/mlmodels/transformer_scripted.pt"""
General-317-20260718-15:48:02-5193,param,Florasat_Individual_Sats.terminal[17].dlk.mac.mlBox,threshold,,,0.2
General-317-20260718-15:48:02-5193,param,Florasat_Individual_Sats.terminal[17].dlk.mac.mlBox,scalerPath,,,""""""
General-317-20260718-15:48:02-5193,param,Florasat_Individual_Sats.terminal[17].dlk.mac,typename,,,"""Nodes._10_Terminal._20_Data_Link.Ter_Dlk_KiWan"""
General-317-20260718-15:48:02-5193,param,Florasat_Individual_Sats.terminal[17].dlk.mac,interfaceTableModule,,,""""""
General-317-20260718-15:48:02-5193,param,Florasat_Individual_Sats.terminal[17].dlk.mac,radioModule,,,"""^.^.phy.radio"""
General-317-20260718-15:48:02-5193,param,Florasat_Individual_Sats.terminal[17].dlk.mac,address,,,"""0A-AA-00-00-00-12"""
General-317-20260718-15:48:02-5193,attr,Florasat_Individual_Sats.terminal[17].dlk.mac,address,mutable,,
General-317-20260718-15:48:02-5193,param,Florasat_Individual_Sats.terminal[17].dlk.mac,mtu,,,1500
General-317-20260718-15:48:02-5193,param,Florasat_Individual_Sats.terminal[17].dlk.mac,ttwDuration,,,100s
General-317-20260718-15:48:02-5193,attr,Florasat_Individual_Sats.terminal[17].dlk.mac,ttwDuration,unit,s,
General-317-20260718-15:48:02-5193,param,Florasat_Individual_Sats.terminal[17].dlk.mac,ttwIdle,,,0s
General-317-20260718-15:48:02-5193,attr,Florasat_Individual_Sats.terminal[17].dlk.mac,ttwIdle,unit,s,
General-317-20260718-15:48:02-5193,param,Florasat_Individual_Sats.terminal[17].dlk.mac,ttxStart_min,,,0s
General-317-20260718-15:48:02-5193,attr,Florasat_Individual_Sats.terminal[17].dlk.mac,ttxStart_min,unit,s,
General-317-20260718-15:48:02-5193,param,Florasat_Individual_Sats.terminal[17].dlk.mac,ttxStart_max,,,1s
General-317-20260718-15:48:02-5193,attr,Florasat_Individual_Sats.terminal[17].dlk.mac,ttxStart_max,unit,s,
General-317-20260718-15:48:02-5193,param,Florasat_Individual_Sats.terminal[17].dlk.mac,ttxIdle_min,,,10s
General-317-20260718-15:48:02-5193,attr,Florasat_Individual_Sats.terminal[17].dlk.mac,ttxIdle_min,unit,s,
General-317-20260718-15:48:02-5193,param,Florasat_Individual_Sats.terminal[17].dlk.mac,ttxIdle_max,,,15s
General-317-20260718-15:48:02-5193,attr,Florasat_Individual_Sats.terminal[17].dlk.mac,ttxIdle_max,unit,s,
General-317-20260718-15:48:02-5193,param,Florasat_Individual_Sats.terminal[17].dlk.mac,Ntw,,,1
General-317-20260718-15:48:02-5193,param,Florasat_Individual_Sats.terminal[17].dlk.mac,Ntx,,,5
General-317-20260718-15:48:02-5193,param,Florasat_Individual_Sats.terminal[17].dlk.mac,enableSatDetect,,,false
General-317-20260718-15:48:02-5193,param,Florasat_Individual_Sats.terminal[17].dlk.mac,tsdStart_min,,,0s
General-317-20260718-15:48:02-5193,attr,Florasat_Individual_Sats.terminal[17].dlk.mac,tsdStart_min,unit,s,
General-317-20260718-15:48:02-5193,param,Florasat_Individual_Sats.terminal[17].dlk.mac,tsdStart_max,,,60s
General-317-20260718-15:48:02-5193,attr,Florasat_Individual_Sats.terminal[17].dlk.mac,tsdStart_max,unit,s,
General-317-20260718-15:48:02-5193,param,Florasat_Individual_Sats.terminal[17].dlk.mac,Ndetect,,,4
General-317-20260718-15:48:02-5193,param,Florasat_Individual_Sats.terminal[17].dlk.mac,NsdSync,,,2
General-317-20260718-15:48:02-5193,param,Florasat_Individual_Sats.terminal[17].dlk.mac,tsyncIdle,,,60s
General-317-20260718-15:48:02-5193,attr,Florasat_Individual_Sats.terminal[17].dlk.mac,tsyncIdle,unit,s,
General-317-20260718-15:48:02-5193,param,Florasat_Individual_Sats.terminal[17].dlk.mac,tsdIdle,,,240s
General-317-20260718-15:48:02-5193,attr,Florasat_Individual_Sats.terminal[17].dlk.mac,tsdIdle,unit,s,
General-317-20260718-15:48:02-5193,param,Florasat_Individual_Sats.terminal[17].dlk.mac,satelliteDetectionProbability,,,0.9
General-317-20260718-15:48:02-5193,param,Florasat_Individual_Sats.terminal[17].dlk.mac,minimumElevation,,,5
General-317-20260718-15:48:02-5193,param,Florasat_Individual_Sats.terminal[17].dlk.mac,detectInitialListen,,,0.33s
General-317-20260718-15:48:02-5193,attr,Florasat_Individual_Sats.terminal[17].dlk.mac,detectInitialListen,unit,s,
General-317-20260718-15:48:02-5193,param,Florasat_Individual_Sats.terminal[17].dlk.mac,detectSuccessExtraMin,,,0.075s
General-317-20260718-15:48:02-5193,attr,Florasat_Individual_Sats.terminal[17].dlk.mac,detectSuccessExtraMin,unit,s,
General-317-20260718-15:48:02-5193,param,Florasat_Individual_Sats.terminal[17].dlk.mac,detectSuccessExtraMax,,,1.67s
General-317-20260718-15:48:02-5193,attr,Florasat_Individual_Sats.terminal[17].dlk.mac,detectSuccessExtraMax,unit,s,
General-317-20260718-15:48:02-5193,param,Florasat_Individual_Sats.terminal[17].dlk.mac,detectMissExtra,,,1.67s
General-317-20260718-15:48:02-5193,attr,Florasat_Individual_Sats.terminal[17].dlk.mac,detectMissExtra,unit,s,
General-317-20260718-15:48:02-5193,param,Florasat_Individual_Sats.terminal[17].dlk.mac,LoRaSF,,,10
General-317-20260718-15:48:02-5193,param,Florasat_Individual_Sats.terminal[17].dlk.mac,LoRaTP,,,13
General-317-20260718-15:48:02-5193,param,Florasat_Individual_Sats.terminal[17].dlk.mac,LoRaCF,,,8.68e+08
General-317-20260718-15:48:02-5193,param,Florasat_Individual_Sats.terminal[17].dlk.mac,LoRaBW,,,125000
General-317-20260718-15:48:02-5193,param,Florasat_Individual_Sats.terminal[17].dlk.mac,LoRaCR,,,1
General-317-20260718-15:48:02-5193,param,Florasat_Individual_Sats.terminal[17].dlk.mac,useMLBox,,,true
General-317-20260718-15:48:02-5193,param,Florasat_Individual_Sats.terminal[17].dlk.mac,useMLBoxBiLSTM,,,false
General-317-20260718-15:48:02-5193,param,Florasat_Individual_Sats.terminal[17].dlk.mac,useAnalytical,,,false
General-317-20260718-15:48:02-5193,param,Florasat_Individual_Sats.terminal[17].dlk,typename,,,"""Nodes._10_Terminal._20_Data_Link.Ter_Dlk"""
General-317-20260718-15:48:02-5193,param,Florasat_Individual_Sats.terminal[17].net.routing,typename,,,"""Global.Base._30_Network.Ter_Null_Routing"""
General-317-20260718-15:48:02-5193,param,Florasat_Individual_Sats.terminal[17].net,typename,,,"""Nodes._10_Terminal._30_Network.Ter_Net"""
General-317-20260718-15:48:02-5193,param,Florasat_Individual_Sats.terminal[17].net,layerName,,,"""Ter_Net"""
General-317-20260718-15:48:02-5193,attr,Florasat_Individual_Sats.terminal[17].net,layerName,optional,,
General-317-20260718-15:48:02-5193,param,Florasat_Individual_Sats.terminal[17].net,routingType,,,"""Ter_Null_Routing"""
General-317-20260718-15:48:02-5193,param,Florasat_Individual_Sats.terminal[17].app,typename,,,"""Nodes._10_Terminal._40_Application.Ter_App"""
General-317-20260718-15:48:02-5193,param,Florasat_Individual_Sats.terminal[17].app,layerName,,,"""TerminalApplicationLayer"""
General-317-20260718-15:48:02-5193,attr,Florasat_Individual_Sats.terminal[17].app,layerName,optional,,
General-317-20260718-15:48:02-5193,param,Florasat_Individual_Sats.terminal[17].app,numberOfPacketsToSend,,,0
General-317-20260718-15:48:02-5193,param,Florasat_Individual_Sats.terminal[17].app,timeToFirstPacket,,,1s
General-317-20260718-15:48:02-5193,attr,Florasat_Individual_Sats.terminal[17].app,timeToFirstPacket,unit,s,
General-317-20260718-15:48:02-5193,param,Florasat_Individual_Sats.terminal[17].app,timeToNextPacket,,,115s
General-317-20260718-15:48:02-5193,attr,Florasat_Individual_Sats.terminal[17].app,timeToNextPacket,unit,s,
General-317-20260718-15:48:02-5193,param,Florasat_Individual_Sats.terminal[17].app,timeToResponse,,,30s
General-317-20260718-15:48:02-5193,attr,Florasat_Individual_Sats.terminal[17].app,timeToResponse,unit,s,
General-317-20260718-15:48:02-5193,param,Florasat_Individual_Sats.terminal[17].app,timeToRetry,,,10s
General-317-20260718-15:48:02-5193,attr,Florasat_Individual_Sats.terminal[17].app,timeToRetry,unit,s,
General-317-20260718-15:48:02-5193,param,Florasat_Individual_Sats.terminal[17].app,ackTimeout,,,7s
General-317-20260718-15:48:02-5193,attr,Florasat_Individual_Sats.terminal[17].app,ackTimeout,unit,s,
General-317-20260718-15:48:02-5193,param,Florasat_Individual_Sats.terminal[17].app,timer,,,1s
General-317-20260718-15:48:02-5193,attr,Florasat_Individual_Sats.terminal[17].app,timer,unit,s,
General-317-20260718-15:48:02-5193,param,Florasat_Individual_Sats.terminal[17].app,initialLoRaTP,,,14dBm
General-317-20260718-15:48:02-5193,attr,Florasat_Individual_Sats.terminal[17].app,initialLoRaTP,unit,dBm,
General-317-20260718-15:48:02-5193,param,Florasat_Individual_Sats.terminal[17].app,initialLoRaCF,,,8.68e+08Hz
General-317-20260718-15:48:02-5193,attr,Florasat_Individual_Sats.terminal[17].app,initialLoRaCF,unit,Hz,
General-317-20260718-15:48:02-5193,param,Florasat_Individual_Sats.terminal[17].app,initialLoRaSF,,,12
General-317-20260718-15:48:02-5193,param,Florasat_Individual_Sats.terminal[17].app,initialLoRaBW,,,125000Hz
General-317-20260718-15:48:02-5193,attr,Florasat_Individual_Sats.terminal[17].app,initialLoRaBW,unit,Hz,
General-317-20260718-15:48:02-5193,param,Florasat_Individual_Sats.terminal[17].app,initialLoRaCR,,,4
General-317-20260718-15:48:02-5193,param,Florasat_Individual_Sats.terminal[17].app,initialUseHeader,,,true
General-317-20260718-15:48:02-5193,param,Florasat_Individual_Sats.terminal[17].app,initialPingSlot,,,1
General-317-20260718-15:48:02-5193,param,Florasat_Individual_Sats.terminal[17].app,InitClassA,,,true
General-317-20260718-15:48:02-5193,param,Florasat_Individual_Sats.terminal[17].app,InitClassB,,,false
General-317-20260718-15:48:02-5193,param,Florasat_Individual_Sats.terminal[17].app,evaluateADRinNode,,,false
General-317-20260718-15:48:02-5193,param,Florasat_Individual_Sats.terminal[17].app,payloadSize,,,10B
General-317-20260718-15:48:02-5193,attr,Florasat_Individual_Sats.terminal[17].app,payloadSize,unit,B,
General-317-20260718-15:48:02-5193,param,Florasat_Individual_Sats.terminal[17].app,usingAck,,,true
General-317-20260718-15:48:02-5193,param,Florasat_Individual_Sats.terminal[17].app,numGroundLinks,,,40
General-317-20260718-15:48:02-5193,param,Florasat_Individual_Sats.terminal[17].app,maxHops,,,50
General-317-20260718-15:48:02-5193,param,Florasat_Individual_Sats.terminal[17].app,nroMaxAttempts,,,0
General-317-20260718-15:48:02-5193,param,Florasat_Individual_Sats.terminal[17].eng,typename,,,"""Nodes._10_Terminal._50_Energy.Ter_Ene"""
General-317-20260718-15:48:02-5193,param,Florasat_Individual_Sats.terminal[17].mob,typename,,,"""Nodes._10_Terminal._60_Mobility.Ter_Mob"""
General-317-20260718-15:48:02-5193,param,Florasat_Individual_Sats.terminal[17].mob,subjectModule,,,"""^"""
General-317-20260718-15:48:02-5193,param,Florasat_Individual_Sats.terminal[17].mob,coordinateSystemModule,,,""""""
General-317-20260718-15:48:02-5193,param,Florasat_Individual_Sats.terminal[17].mob,displayStringTextFormat,,,"""p: %p\nv: %v"""
General-317-20260718-15:48:02-5193,attr,Florasat_Individual_Sats.terminal[17].mob,displayStringTextFormat,mutable,,
General-317-20260718-15:48:02-5193,param,Florasat_Individual_Sats.terminal[17].mob,updateDisplayString,,,true
General-317-20260718-15:48:02-5193,param,Florasat_Individual_Sats.terminal[17].mob,constraintAreaMinX,,,-inf m
General-317-20260718-15:48:02-5193,attr,Florasat_Individual_Sats.terminal[17].mob,constraintAreaMinX,unit,m,
General-317-20260718-15:48:02-5193,param,Florasat_Individual_Sats.terminal[17].mob,constraintAreaMinY,,,-inf m
General-317-20260718-15:48:02-5193,attr,Florasat_Individual_Sats.terminal[17].mob,constraintAreaMinY,unit,m,
General-317-20260718-15:48:02-5193,param,Florasat_Individual_Sats.terminal[17].mob,constraintAreaMinZ,,,-inf m
General-317-20260718-15:48:02-5193,attr,Florasat_Individual_Sats.terminal[17].mob,constraintAreaMinZ,unit,m,
General-317-20260718-15:48:02-5193,param,Florasat_Individual_Sats.terminal[17].mob,constraintAreaMaxX,,,inf m
General-317-20260718-15:48:02-5193,attr,Florasat_Individual_Sats.terminal[17].mob,constraintAreaMaxX,unit,m,
General-317-20260718-15:48:02-5193,param,Florasat_Individual_Sats.terminal[17].mob,constraintAreaMaxY,,,inf m
General-317-20260718-15:48:02-5193,attr,Florasat_Individual_Sats.terminal[17].mob,constraintAreaMaxY,unit,m,
General-317-20260718-15:48:02-5193,param,Florasat_Individual_Sats.terminal[17].mob,constraintAreaMaxZ,,,inf m
General-317-20260718-15:48:02-5193,attr,Florasat_Individual_Sats.terminal[17].mob,constraintAreaMaxZ,unit,m,
General-317-20260718-15:48:02-5193,param,Florasat_Individual_Sats.terminal[17].mob,initialX,,,nan m
General-317-20260718-15:48:02-5193,attr,Florasat_Individual_Sats.terminal[17].mob,initialX,unit,m,
General-317-20260718-15:48:02-5193,param,Florasat_Individual_Sats.terminal[17].mob,initialY,,,nan m
General-317-20260718-15:48:02-5193,attr,Florasat_Individual_Sats.terminal[17].mob,initialY,unit,m,
General-317-20260718-15:48:02-5193,param,Florasat_Individual_Sats.terminal[17].mob,initialZ,,,0m
General-317-20260718-15:48:02-5193,attr,Florasat_Individual_Sats.terminal[17].mob,initialZ,unit,m,
General-317-20260718-15:48:02-5193,param,Florasat_Individual_Sats.terminal[17].mob,initialLatitude,,,nan deg
General-317-20260718-15:48:02-5193,attr,Florasat_Individual_Sats.terminal[17].mob,initialLatitude,unit,deg,
General-317-20260718-15:48:02-5193,param,Florasat_Individual_Sats.terminal[17].mob,initialLongitude,,,nan deg
General-317-20260718-15:48:02-5193,attr,Florasat_Individual_Sats.terminal[17].mob,initialLongitude,unit,deg,
General-317-20260718-15:48:02-5193,param,Florasat_Individual_Sats.terminal[17].mob,initialAltitude,,,0m
General-317-20260718-15:48:02-5193,attr,Florasat_Individual_Sats.terminal[17].mob,initialAltitude,unit,m,
General-317-20260718-15:48:02-5193,param,Florasat_Individual_Sats.terminal[17].mob,initialHeading,,,0deg
General-317-20260718-15:48:02-5193,attr,Florasat_Individual_Sats.terminal[17].mob,initialHeading,unit,deg,
General-317-20260718-15:48:02-5193,param,Florasat_Individual_Sats.terminal[17].mob,initialElevation,,,0deg
General-317-20260718-15:48:02-5193,attr,Florasat_Individual_Sats.terminal[17].mob,initialElevation,unit,deg,
General-317-20260718-15:48:02-5193,param,Florasat_Individual_Sats.terminal[17].mob,initialBank,,,0deg
General-317-20260718-15:48:02-5193,attr,Florasat_Individual_Sats.terminal[17].mob,initialBank,unit,deg,
General-317-20260718-15:48:02-5193,param,Florasat_Individual_Sats.terminal[17].mob,initFromDisplayString,,,false
General-317-20260718-15:48:02-5193,param,Florasat_Individual_Sats.terminal[17].mob,updateFromDisplayString,,,false
General-317-20260718-15:48:02-5193,param,Florasat_Individual_Sats.terminal[17].mob,centerLatitude,,,55.403
General-317-20260718-15:48:02-5193,param,Florasat_Individual_Sats.terminal[17].mob,centerLongitude,,,10.402
General-317-20260718-15:48:02-5193,param,Florasat_Individual_Sats.terminal[17].mob,deploymentRadius,,,200
General-317-20260718-15:48:02-5193,param,Florasat_Individual_Sats.terminal[17],typename,,,"""Nodes._10_Terminal.Terminal"""
General-317-20260718-15:48:02-5193,param,Florasat_Individual_Sats.terminal[17],layerName,,,"""Terminal"""
General-317-20260718-15:48:02-5193,attr,Florasat_Individual_Sats.terminal[17],layerName,optional,,
General-317-20260718-15:48:02-5193,param,Florasat_Individual_Sats.terminal[17],sendData,,,true
General-317-20260718-15:48:02-5193,attr,Florasat_Individual_Sats.terminal[17],sendData,mutable,,
General-317-20260718-15:48:02-5193,param,Florasat_Individual_Sats.terminal[17],dstGsOrDev,,,0
General-317-20260718-15:48:02-5193,param,Florasat_Individual_Sats.terminal[18].phy.radio.antenna,typename,,,"""inet.physicallayer.wireless.common.antenna.IsotropicAntenna"""
General-317-20260718-15:48:02-5193,param,Florasat_Individual_Sats.terminal[18].phy.radio.antenna,mobilityModule,,,"""^.^.^.mob"""
General-317-20260718-15:48:02-5193,param,Florasat_Individual_Sats.terminal[18].phy.radio.antenna,numAntennas,,,1
General-317-20260718-15:48:02-5193,param,Florasat_Individual_Sats.terminal[18].phy.radio.transmitter,typename,,,"""Global.Transceiver.LoRaTransmitter"""
General-317-20260718-15:48:02-5193,param,Florasat_Individual_Sats.terminal[18].phy.radio.transmitter,preambleDuration,,,0.001s
General-317-20260718-15:48:02-5193,attr,Florasat_Individual_Sats.terminal[18].phy.radio.transmitter,preambleDuration,unit,s,
General-317-20260718-15:48:02-5193,param,Florasat_Individual_Sats.terminal[18].phy.radio.transmitter,headerLength,,,40b
General-317-20260718-15:48:02-5193,attr,Florasat_Individual_Sats.terminal[18].phy.radio.transmitter,headerLength,unit,b,
General-317-20260718-15:48:02-5193,param,Florasat_Individual_Sats.terminal[18].phy.radio.transmitter,bitrate,,,250000bps
General-317-20260718-15:48:02-5193,attr,Florasat_Individual_Sats.terminal[18].phy.radio.transmitter,bitrate,unit,bps,
General-317-20260718-15:48:02-5193,param,Florasat_Individual_Sats.terminal[18].phy.radio.transmitter,power,,,0.025118W
General-317-20260718-15:48:02-5193,attr,Florasat_Individual_Sats.terminal[18].phy.radio.transmitter,power,unit,W,
General-317-20260718-15:48:02-5193,param,Florasat_Individual_Sats.terminal[18].phy.radio.transmitter,centerFrequency,,,8.68e+08Hz
General-317-20260718-15:48:02-5193,attr,Florasat_Individual_Sats.terminal[18].phy.radio.transmitter,centerFrequency,unit,Hz,
General-317-20260718-15:48:02-5193,param,Florasat_Individual_Sats.terminal[18].phy.radio.transmitter,bandwidth,,,250000Hz
General-317-20260718-15:48:02-5193,attr,Florasat_Individual_Sats.terminal[18].phy.radio.transmitter,bandwidth,unit,Hz,
General-317-20260718-15:48:02-5193,param,Florasat_Individual_Sats.terminal[18].phy.radio.transmitter,codeRate,,,1
General-317-20260718-15:48:02-5193,param,Florasat_Individual_Sats.terminal[18].phy.radio.transmitter,modulation,,,"""LoRaModulation"""
General-317-20260718-15:48:02-5193,param,Florasat_Individual_Sats.terminal[18].phy.radio.receiver,typename,,,"""Global.Transceiver.LoRaReceiver"""
General-317-20260718-15:48:02-5193,param,Florasat_Individual_Sats.terminal[18].phy.radio.receiver,energyDetection,,,-90dBm
General-317-20260718-15:48:02-5193,attr,Florasat_Individual_Sats.terminal[18].phy.radio.receiver,energyDetection,unit,dBm,
General-317-20260718-15:48:02-5193,param,Florasat_Individual_Sats.terminal[18].phy.radio.receiver,sensitivity,,,-137dBm
General-317-20260718-15:48:02-5193,attr,Florasat_Individual_Sats.terminal[18].phy.radio.receiver,sensitivity,unit,dBm,
General-317-20260718-15:48:02-5193,param,Florasat_Individual_Sats.terminal[18].phy.radio.receiver,snirThreshold,,,-8dB
General-317-20260718-15:48:02-5193,attr,Florasat_Individual_Sats.terminal[18].phy.radio.receiver,snirThreshold,unit,dB,
General-317-20260718-15:48:02-5193,param,Florasat_Individual_Sats.terminal[18].phy.radio.receiver,centerFrequency,,,8.68e+08Hz
General-317-20260718-15:48:02-5193,attr,Florasat_Individual_Sats.terminal[18].phy.radio.receiver,centerFrequency,unit,Hz,
General-317-20260718-15:48:02-5193,param,Florasat_Individual_Sats.terminal[18].phy.radio.receiver,bandwidth,,,250000Hz
General-317-20260718-15:48:02-5193,attr,Florasat_Individual_Sats.terminal[18].phy.radio.receiver,bandwidth,unit,Hz,
General-317-20260718-15:48:02-5193,param,Florasat_Individual_Sats.terminal[18].phy.radio.receiver,alohaChannelModel,,,false
General-317-20260718-15:48:02-5193,param,Florasat_Individual_Sats.terminal[18].phy.radio.receiver,errorModelType,,,""""""
General-317-20260718-15:48:02-5193,param,Florasat_Individual_Sats.terminal[18].phy.radio.receiver,ignoreInterference,,,false
General-317-20260718-15:48:02-5193,param,Florasat_Individual_Sats.terminal[18].phy.radio.receiver,enableCollisionOverlap,,,false
General-317-20260718-15:48:02-5193,param,Florasat_Individual_Sats.terminal[18].phy.radio.receiver,minCollisionOverlap,,,0s
General-317-20260718-15:48:02-5193,attr,Florasat_Individual_Sats.terminal[18].phy.radio.receiver,minCollisionOverlap,unit,s,
General-317-20260718-15:48:02-5193,param,Florasat_Individual_Sats.terminal[18].phy.radio.IdealEpEnergyStorage,typename,,,"""inet.power.storage.IdealEpEnergyStorage"""
General-317-20260718-15:48:02-5193,param,Florasat_Individual_Sats.terminal[18].phy.radio,typename,,,"""Nodes._10_Terminal._10_Physical.Ter_Phy_LoRaRadio"""
General-317-20260718-15:48:02-5193,param,Florasat_Individual_Sats.terminal[18].phy.radio,radioMediumModule,,,"""radioMedium"""
General-317-20260718-15:48:02-5193,param,Florasat_Individual_Sats.terminal[18].phy.radio,energySourceModule,,,""""""
General-317-20260718-15:48:02-5193,param,Florasat_Individual_Sats.terminal[18].phy.radio,initialRadioMode,,,"""off"""
General-317-20260718-15:48:02-5193,attr,Florasat_Individual_Sats.terminal[18].phy.radio,initialRadioMode,enum,"off,sleep,receiver,transmitter,transceiver",
General-317-20260718-15:48:02-5193,param,Florasat_Individual_Sats.terminal[18].phy.radio,switchingTimes,,,"""ms 0 0 0 0 0 0 0 0 0 0 0 0 0 0 0 0 0 0 0 0 0 0 0 0 0"""
General-317-20260718-15:48:02-5193,param,Florasat_Individual_Sats.terminal[18].phy.radio,sendRawBytes,,,false
General-317-20260718-15:48:02-5193,param,Florasat_Individual_Sats.terminal[18].phy.radio,separateTransmissionParts,,,false
General-317-20260718-15:48:02-5193,param,Florasat_Individual_Sats.terminal[18].phy.radio,separateReceptionParts,,,false
General-317-20260718-15:48:02-5193,param,Florasat_Individual_Sats.terminal[18].phy.radio,displayCommunicationRange,,,false
General-317-20260718-15:48:02-5193,param,Florasat_Individual_Sats.terminal[18].phy.radio,displayInterferenceRange,,,false
General-317-20260718-15:48:02-5193,param,Florasat_Individual_Sats.terminal[18].phy.radio,centerFrequency,,,8.68e+08Hz
General-317-20260718-15:48:02-5193,attr,Florasat_Individual_Sats.terminal[18].phy.radio,centerFrequency,unit,Hz,
General-317-20260718-15:48:02-5193,param,Florasat_Individual_Sats.terminal[18].phy.radio,bandwidth,,,250000Hz
General-317-20260718-15:48:02-5193,attr,Florasat_Individual_Sats.terminal[18].phy.radio,bandwidth,unit,Hz,
General-317-20260718-15:48:02-5193,param,Florasat_Individual_Sats.terminal[18].phy.radio,iAmGateway,,,false
General-317-20260718-15:48:02-5193,param,Florasat_Individual_Sats.terminal[18].phy,typename,,,"""Nodes._10_Terminal._10_Physical.Ter_Phy"""
General-317-20260718-15:48:02-5193,param,Florasat_Individual_Sats.terminal[18].phy,layerName,,,"""Ter_Phy"""
General-317-20260718-15:48:02-5193,attr,Florasat_Individual_Sats.terminal[18].phy,layerName,optional,,
General-317-20260718-15:48:02-5193,param,Florasat_Individual_Sats.terminal[18].dlk.mac.queue,typename,,,"""inet.queueing.queue.DropTailQueue"""
General-317-20260718-15:48:02-5193,param,Florasat_Individual_Sats.terminal[18].dlk.mac.queue,displayStringTextFormat,,,"""contains %p pk (%l) pushed %u\npulled %o removed %r dropped %d"""
General-317-20260718-15:48:02-5193,param,Florasat_Individual_Sats.terminal[18].dlk.mac.queue,packetCapacity,,,-1
General-317-20260718-15:48:02-5193,param,Florasat_Individual_Sats.terminal[18].dlk.mac.queue,dataCapacity,,,-1b
General-317-20260718-15:48:02-5193,attr,Florasat_Individual_Sats.terminal[18].dlk.mac.queue,dataCapacity,unit,b,
General-317-20260718-15:48:02-5193,param,Florasat_Individual_Sats.terminal[18].dlk.mac.queue,dropperClass,,,"""inet::queueing::PacketAtCollectionEndDropper"""
General-317-20260718-15:48:02-5193,param,Florasat_Individual_Sats.terminal[18].dlk.mac.queue,comparatorClass,,,""""""
General-317-20260718-15:48:02-5193,param,Florasat_Individual_Sats.terminal[18].dlk.mac.queue,bufferModule,,,""""""
General-317-20260718-15:48:02-5193,param,Florasat_Individual_Sats.terminal[18].dlk.mac.mlBox,typename,,,"""Nodes._10_Terminal._20_Data_Link.Transmission_Predictor.Transmission_Predictor"""
General-317-20260718-15:48:02-5193,param,Florasat_Individual_Sats.terminal[18].dlk.mac.mlBox,modelPath,,,"""/home/ylnner/Documents/omnet++/omnetpp-6.3.0/projects/florasat_v4_ult_routing/simulations/Test_Individual/mlmodels/transformer_scripted.pt"""
General-317-20260718-15:48:02-5193,param,Florasat_Individual_Sats.terminal[18].dlk.mac.mlBox,threshold,,,0.2
General-317-20260718-15:48:02-5193,param,Florasat_Individual_Sats.terminal[18].dlk.mac.mlBox,scalerPath,,,""""""
General-317-20260718-15:48:02-5193,param,Florasat_Individual_Sats.terminal[18].dlk.mac,typename,,,"""Nodes._10_Terminal._20_Data_Link.Ter_Dlk_KiWan"""
General-317-20260718-15:48:02-5193,param,Florasat_Individual_Sats.terminal[18].dlk.mac,interfaceTableModule,,,""""""
General-317-20260718-15:48:02-5193,param,Florasat_Individual_Sats.terminal[18].dlk.mac,radioModule,,,"""^.^.phy.radio"""
General-317-20260718-15:48:02-5193,param,Florasat_Individual_Sats.terminal[18].dlk.mac,address,,,"""0A-AA-00-00-00-13"""
General-317-20260718-15:48:02-5193,attr,Florasat_Individual_Sats.terminal[18].dlk.mac,address,mutable,,
General-317-20260718-15:48:02-5193,param,Florasat_Individual_Sats.terminal[18].dlk.mac,mtu,,,1500
General-317-20260718-15:48:02-5193,param,Florasat_Individual_Sats.terminal[18].dlk.mac,ttwDuration,,,100s
General-317-20260718-15:48:02-5193,attr,Florasat_Individual_Sats.terminal[18].dlk.mac,ttwDuration,unit,s,
General-317-20260718-15:48:02-5193,param,Florasat_Individual_Sats.terminal[18].dlk.mac,ttwIdle,,,0s
General-317-20260718-15:48:02-5193,attr,Florasat_Individual_Sats.terminal[18].dlk.mac,ttwIdle,unit,s,
General-317-20260718-15:48:02-5193,param,Florasat_Individual_Sats.terminal[18].dlk.mac,ttxStart_min,,,0s
General-317-20260718-15:48:02-5193,attr,Florasat_Individual_Sats.terminal[18].dlk.mac,ttxStart_min,unit,s,
General-317-20260718-15:48:02-5193,param,Florasat_Individual_Sats.terminal[18].dlk.mac,ttxStart_max,,,1s
General-317-20260718-15:48:02-5193,attr,Florasat_Individual_Sats.terminal[18].dlk.mac,ttxStart_max,unit,s,
General-317-20260718-15:48:02-5193,param,Florasat_Individual_Sats.terminal[18].dlk.mac,ttxIdle_min,,,10s
General-317-20260718-15:48:02-5193,attr,Florasat_Individual_Sats.terminal[18].dlk.mac,ttxIdle_min,unit,s,
General-317-20260718-15:48:02-5193,param,Florasat_Individual_Sats.terminal[18].dlk.mac,ttxIdle_max,,,15s
General-317-20260718-15:48:02-5193,attr,Florasat_Individual_Sats.terminal[18].dlk.mac,ttxIdle_max,unit,s,
General-317-20260718-15:48:02-5193,param,Florasat_Individual_Sats.terminal[18].dlk.mac,Ntw,,,1
General-317-20260718-15:48:02-5193,param,Florasat_Individual_Sats.terminal[18].dlk.mac,Ntx,,,5
General-317-20260718-15:48:02-5193,param,Florasat_Individual_Sats.terminal[18].dlk.mac,enableSatDetect,,,false
General-317-20260718-15:48:02-5193,param,Florasat_Individual_Sats.terminal[18].dlk.mac,tsdStart_min,,,0s
General-317-20260718-15:48:02-5193,attr,Florasat_Individual_Sats.terminal[18].dlk.mac,tsdStart_min,unit,s,
General-317-20260718-15:48:02-5193,param,Florasat_Individual_Sats.terminal[18].dlk.mac,tsdStart_max,,,60s
General-317-20260718-15:48:02-5193,attr,Florasat_Individual_Sats.terminal[18].dlk.mac,tsdStart_max,unit,s,
General-317-20260718-15:48:02-5193,param,Florasat_Individual_Sats.terminal[18].dlk.mac,Ndetect,,,4
General-317-20260718-15:48:02-5193,param,Florasat_Individual_Sats.terminal[18].dlk.mac,NsdSync,,,2
General-317-20260718-15:48:02-5193,param,Florasat_Individual_Sats.terminal[18].dlk.mac,tsyncIdle,,,60s
General-317-20260718-15:48:02-5193,attr,Florasat_Individual_Sats.terminal[18].dlk.mac,tsyncIdle,unit,s,
General-317-20260718-15:48:02-5193,param,Florasat_Individual_Sats.terminal[18].dlk.mac,tsdIdle,,,240s
General-317-20260718-15:48:02-5193,attr,Florasat_Individual_Sats.terminal[18].dlk.mac,tsdIdle,unit,s,
General-317-20260718-15:48:02-5193,param,Florasat_Individual_Sats.terminal[18].dlk.mac,satelliteDetectionProbability,,,0.9
General-317-20260718-15:48:02-5193,param,Florasat_Individual_Sats.terminal[18].dlk.mac,minimumElevation,,,5
General-317-20260718-15:48:02-5193,param,Florasat_Individual_Sats.terminal[18].dlk.mac,detectInitialListen,,,0.33s
General-317-20260718-15:48:02-5193,attr,Florasat_Individual_Sats.terminal[18].dlk.mac,detectInitialListen,unit,s,
General-317-20260718-15:48:02-5193,param,Florasat_Individual_Sats.terminal[18].dlk.mac,detectSuccessExtraMin,,,0.075s
General-317-20260718-15:48:02-5193,attr,Florasat_Individual_Sats.terminal[18].dlk.mac,detectSuccessExtraMin,unit,s,
General-317-20260718-15:48:02-5193,param,Florasat_Individual_Sats.terminal[18].dlk.mac,detectSuccessExtraMax,,,1.67s
General-317-20260718-15:48:02-5193,attr,Florasat_Individual_Sats.terminal[18].dlk.mac,detectSuccessExtraMax,unit,s,
General-317-20260718-15:48:02-5193,param,Florasat_Individual_Sats.terminal[18].dlk.mac,detectMissExtra,,,1.67s
General-317-20260718-15:48:02-5193,attr,Florasat_Individual_Sats.terminal[18].dlk.mac,detectMissExtra,unit,s,
General-317-20260718-15:48:02-5193,param,Florasat_Individual_Sats.terminal[18].dlk.mac,LoRaSF,,,12
General-317-20260718-15:48:02-5193,param,Florasat_Individual_Sats.terminal[18].dlk.mac,LoRaTP,,,14
General-317-20260718-15:48:02-5193,param,Florasat_Individual_Sats.terminal[18].dlk.mac,LoRaCF,,,8.68e+08
General-317-20260718-15:48:02-5193,param,Florasat_Individual_Sats.terminal[18].dlk.mac,LoRaBW,,,125000
General-317-20260718-15:48:02-5193,param,Florasat_Individual_Sats.terminal[18].dlk.mac,LoRaCR,,,1
General-317-20260718-15:48:02-5193,param,Florasat_Individual_Sats.terminal[18].dlk.mac,useMLBox,,,true
General-317-20260718-15:48:02-5193,param,Florasat_Individual_Sats.terminal[18].dlk.mac,useMLBoxBiLSTM,,,false
General-317-20260718-15:48:02-5193,param,Florasat_Individual_Sats.terminal[18].dlk.mac,useAnalytical,,,false
General-317-20260718-15:48:02-5193,param,Florasat_Individual_Sats.terminal[18].dlk,typename,,,"""Nodes._10_Terminal._20_Data_Link.Ter_Dlk"""
General-317-20260718-15:48:02-5193,param,Florasat_Individual_Sats.terminal[18].net.routing,typename,,,"""Global.Base._30_Network.Ter_Null_Routing"""
General-317-20260718-15:48:02-5193,param,Florasat_Individual_Sats.terminal[18].net,typename,,,"""Nodes._10_Terminal._30_Network.Ter_Net"""
General-317-20260718-15:48:02-5193,param,Florasat_Individual_Sats.terminal[18].net,layerName,,,"""Ter_Net"""
General-317-20260718-15:48:02-5193,attr,Florasat_Individual_Sats.terminal[18].net,layerName,optional,,
General-317-20260718-15:48:02-5193,param,Florasat_Individual_Sats.terminal[18].net,routingType,,,"""Ter_Null_Routing"""
General-317-20260718-15:48:02-5193,param,Florasat_Individual_Sats.terminal[18].app,typename,,,"""Nodes._10_Terminal._40_Application.Ter_App"""
General-317-20260718-15:48:02-5193,param,Florasat_Individual_Sats.terminal[18].app,layerName,,,"""TerminalApplicationLayer"""
General-317-20260718-15:48:02-5193,attr,Florasat_Individual_Sats.terminal[18].app,layerName,optional,,
General-317-20260718-15:48:02-5193,param,Florasat_Individual_Sats.terminal[18].app,numberOfPacketsToSend,,,0
General-317-20260718-15:48:02-5193,param,Florasat_Individual_Sats.terminal[18].app,timeToFirstPacket,,,1s
General-317-20260718-15:48:02-5193,attr,Florasat_Individual_Sats.terminal[18].app,timeToFirstPacket,unit,s,
General-317-20260718-15:48:02-5193,param,Florasat_Individual_Sats.terminal[18].app,timeToNextPacket,,,115s
General-317-20260718-15:48:02-5193,attr,Florasat_Individual_Sats.terminal[18].app,timeToNextPacket,unit,s,
General-317-20260718-15:48:02-5193,param,Florasat_Individual_Sats.terminal[18].app,timeToResponse,,,30s
General-317-20260718-15:48:02-5193,attr,Florasat_Individual_Sats.terminal[18].app,timeToResponse,unit,s,
General-317-20260718-15:48:02-5193,param,Florasat_Individual_Sats.terminal[18].app,timeToRetry,,,10s
General-317-20260718-15:48:02-5193,attr,Florasat_Individual_Sats.terminal[18].app,timeToRetry,unit,s,
General-317-20260718-15:48:02-5193,param,Florasat_Individual_Sats.terminal[18].app,ackTimeout,,,7s
General-317-20260718-15:48:02-5193,attr,Florasat_Individual_Sats.terminal[18].app,ackTimeout,unit,s,
General-317-20260718-15:48:02-5193,param,Florasat_Individual_Sats.terminal[18].app,timer,,,1s
General-317-20260718-15:48:02-5193,attr,Florasat_Individual_Sats.terminal[18].app,timer,unit,s,
General-317-20260718-15:48:02-5193,param,Florasat_Individual_Sats.terminal[18].app,initialLoRaTP,,,14dBm
General-317-20260718-15:48:02-5193,attr,Florasat_Individual_Sats.terminal[18].app,initialLoRaTP,unit,dBm,
General-317-20260718-15:48:02-5193,param,Florasat_Individual_Sats.terminal[18].app,initialLoRaCF,,,8.68e+08Hz
General-317-20260718-15:48:02-5193,attr,Florasat_Individual_Sats.terminal[18].app,initialLoRaCF,unit,Hz,
General-317-20260718-15:48:02-5193,param,Florasat_Individual_Sats.terminal[18].app,initialLoRaSF,,,12
General-317-20260718-15:48:02-5193,param,Florasat_Individual_Sats.terminal[18].app,initialLoRaBW,,,125000Hz
General-317-20260718-15:48:02-5193,attr,Florasat_Individual_Sats.terminal[18].app,initialLoRaBW,unit,Hz,
General-317-20260718-15:48:02-5193,param,Florasat_Individual_Sats.terminal[18].app,initialLoRaCR,,,4
General-317-20260718-15:48:02-5193,param,Florasat_Individual_Sats.terminal[18].app,initialUseHeader,,,true
General-317-20260718-15:48:02-5193,param,Florasat_Individual_Sats.terminal[18].app,initialPingSlot,,,1
General-317-20260718-15:48:02-5193,param,Florasat_Individual_Sats.terminal[18].app,InitClassA,,,true
General-317-20260718-15:48:02-5193,param,Florasat_Individual_Sats.terminal[18].app,InitClassB,,,false
General-317-20260718-15:48:02-5193,param,Florasat_Individual_Sats.terminal[18].app,evaluateADRinNode,,,false
General-317-20260718-15:48:02-5193,param,Florasat_Individual_Sats.terminal[18].app,payloadSize,,,10B
General-317-20260718-15:48:02-5193,attr,Florasat_Individual_Sats.terminal[18].app,payloadSize,unit,B,
General-317-20260718-15:48:02-5193,param,Florasat_Individual_Sats.terminal[18].app,usingAck,,,true
General-317-20260718-15:48:02-5193,param,Florasat_Individual_Sats.terminal[18].app,numGroundLinks,,,40
General-317-20260718-15:48:02-5193,param,Florasat_Individual_Sats.terminal[18].app,maxHops,,,50
General-317-20260718-15:48:02-5193,param,Florasat_Individual_Sats.terminal[18].app,nroMaxAttempts,,,0
General-317-20260718-15:48:02-5193,param,Florasat_Individual_Sats.terminal[18].eng,typename,,,"""Nodes._10_Terminal._50_Energy.Ter_Ene"""
General-317-20260718-15:48:02-5193,param,Florasat_Individual_Sats.terminal[18].mob,typename,,,"""Nodes._10_Terminal._60_Mobility.Ter_Mob"""
General-317-20260718-15:48:02-5193,param,Florasat_Individual_Sats.terminal[18].mob,subjectModule,,,"""^"""
General-317-20260718-15:48:02-5193,param,Florasat_Individual_Sats.terminal[18].mob,coordinateSystemModule,,,""""""
General-317-20260718-15:48:02-5193,param,Florasat_Individual_Sats.terminal[18].mob,displayStringTextFormat,,,"""p: %p\nv: %v"""
General-317-20260718-15:48:02-5193,attr,Florasat_Individual_Sats.terminal[18].mob,displayStringTextFormat,mutable,,
General-317-20260718-15:48:02-5193,param,Florasat_Individual_Sats.terminal[18].mob,updateDisplayString,,,true
General-317-20260718-15:48:02-5193,param,Florasat_Individual_Sats.terminal[18].mob,constraintAreaMinX,,,-inf m
General-317-20260718-15:48:02-5193,attr,Florasat_Individual_Sats.terminal[18].mob,constraintAreaMinX,unit,m,
General-317-20260718-15:48:02-5193,param,Florasat_Individual_Sats.terminal[18].mob,constraintAreaMinY,,,-inf m
General-317-20260718-15:48:02-5193,attr,Florasat_Individual_Sats.terminal[18].mob,constraintAreaMinY,unit,m,
General-317-20260718-15:48:02-5193,param,Florasat_Individual_Sats.terminal[18].mob,constraintAreaMinZ,,,-inf m
General-317-20260718-15:48:02-5193,attr,Florasat_Individual_Sats.terminal[18].mob,constraintAreaMinZ,unit,m,
General-317-20260718-15:48:02-5193,param,Florasat_Individual_Sats.terminal[18].mob,constraintAreaMaxX,,,inf m
General-317-20260718-15:48:02-5193,attr,Florasat_Individual_Sats.terminal[18].mob,constraintAreaMaxX,unit,m,
General-317-20260718-15:48:02-5193,param,Florasat_Individual_Sats.terminal[18].mob,constraintAreaMaxY,,,inf m
General-317-20260718-15:48:02-5193,attr,Florasat_Individual_Sats.terminal[18].mob,constraintAreaMaxY,unit,m,
General-317-20260718-15:48:02-5193,param,Florasat_Individual_Sats.terminal[18].mob,constraintAreaMaxZ,,,inf m
General-317-20260718-15:48:02-5193,attr,Florasat_Individual_Sats.terminal[18].mob,constraintAreaMaxZ,unit,m,
General-317-20260718-15:48:02-5193,param,Florasat_Individual_Sats.terminal[18].mob,initialX,,,nan m
General-317-20260718-15:48:02-5193,attr,Florasat_Individual_Sats.terminal[18].mob,initialX,unit,m,
General-317-20260718-15:48:02-5193,param,Florasat_Individual_Sats.terminal[18].mob,initialY,,,nan m
General-317-20260718-15:48:02-5193,attr,Florasat_Individual_Sats.terminal[18].mob,initialY,unit,m,
General-317-20260718-15:48:02-5193,param,Florasat_Individual_Sats.terminal[18].mob,initialZ,,,0m
General-317-20260718-15:48:02-5193,attr,Florasat_Individual_Sats.terminal[18].mob,initialZ,unit,m,
General-317-20260718-15:48:02-5193,param,Florasat_Individual_Sats.terminal[18].mob,initialLatitude,,,nan deg
General-317-20260718-15:48:02-5193,attr,Florasat_Individual_Sats.terminal[18].mob,initialLatitude,unit,deg,
General-317-20260718-15:48:02-5193,param,Florasat_Individual_Sats.terminal[18].mob,initialLongitude,,,nan deg
General-317-20260718-15:48:02-5193,attr,Florasat_Individual_Sats.terminal[18].mob,initialLongitude,unit,deg,
General-317-20260718-15:48:02-5193,param,Florasat_Individual_Sats.terminal[18].mob,initialAltitude,,,0m
General-317-20260718-15:48:02-5193,attr,Florasat_Individual_Sats.terminal[18].mob,initialAltitude,unit,m,
General-317-20260718-15:48:02-5193,param,Florasat_Individual_Sats.terminal[18].mob,initialHeading,,,0deg
General-317-20260718-15:48:02-5193,attr,Florasat_Individual_Sats.terminal[18].mob,initialHeading,unit,deg,
General-317-20260718-15:48:02-5193,param,Florasat_Individual_Sats.terminal[18].mob,initialElevation,,,0deg
General-317-20260718-15:48:02-5193,attr,Florasat_Individual_Sats.terminal[18].mob,initialElevation,unit,deg,
General-317-20260718-15:48:02-5193,param,Florasat_Individual_Sats.terminal[18].mob,initialBank,,,0deg
General-317-20260718-15:48:02-5193,attr,Florasat_Individual_Sats.terminal[18].mob,initialBank,unit,deg,
General-317-20260718-15:48:02-5193,param,Florasat_Individual_Sats.terminal[18].mob,initFromDisplayString,,,false
General-317-20260718-15:48:02-5193,param,Florasat_Individual_Sats.terminal[18].mob,updateFromDisplayString,,,false
General-317-20260718-15:48:02-5193,param,Florasat_Individual_Sats.terminal[18].mob,centerLatitude,,,59.858
General-317-20260718-15:48:02-5193,param,Florasat_Individual_Sats.terminal[18].mob,centerLongitude,,,17.638
General-317-20260718-15:48:02-5193,param,Florasat_Individual_Sats.terminal[18].mob,deploymentRadius,,,200
General-317-20260718-15:48:02-5193,param,Florasat_Individual_Sats.terminal[18],typename,,,"""Nodes._10_Terminal.Terminal"""
General-317-20260718-15:48:02-5193,param,Florasat_Individual_Sats.terminal[18],layerName,,,"""Terminal"""
General-317-20260718-15:48:02-5193,attr,Florasat_Individual_Sats.terminal[18],layerName,optional,,
General-317-20260718-15:48:02-5193,param,Florasat_Individual_Sats.terminal[18],sendData,,,true
General-317-20260718-15:48:02-5193,attr,Florasat_Individual_Sats.terminal[18],sendData,mutable,,
General-317-20260718-15:48:02-5193,param,Florasat_Individual_Sats.terminal[18],dstGsOrDev,,,0
General-317-20260718-15:48:02-5193,param,Florasat_Individual_Sats.terminal[19].phy.radio.antenna,typename,,,"""inet.physicallayer.wireless.common.antenna.IsotropicAntenna"""
General-317-20260718-15:48:02-5193,param,Florasat_Individual_Sats.terminal[19].phy.radio.antenna,mobilityModule,,,"""^.^.^.mob"""
General-317-20260718-15:48:02-5193,param,Florasat_Individual_Sats.terminal[19].phy.radio.antenna,numAntennas,,,1
General-317-20260718-15:48:02-5193,param,Florasat_Individual_Sats.terminal[19].phy.radio.transmitter,typename,,,"""Global.Transceiver.LoRaTransmitter"""
General-317-20260718-15:48:02-5193,param,Florasat_Individual_Sats.terminal[19].phy.radio.transmitter,preambleDuration,,,0.001s
General-317-20260718-15:48:02-5193,attr,Florasat_Individual_Sats.terminal[19].phy.radio.transmitter,preambleDuration,unit,s,
General-317-20260718-15:48:02-5193,param,Florasat_Individual_Sats.terminal[19].phy.radio.transmitter,headerLength,,,40b
General-317-20260718-15:48:02-5193,attr,Florasat_Individual_Sats.terminal[19].phy.radio.transmitter,headerLength,unit,b,
General-317-20260718-15:48:02-5193,param,Florasat_Individual_Sats.terminal[19].phy.radio.transmitter,bitrate,,,250000bps
General-317-20260718-15:48:02-5193,attr,Florasat_Individual_Sats.terminal[19].phy.radio.transmitter,bitrate,unit,bps,
General-317-20260718-15:48:02-5193,param,Florasat_Individual_Sats.terminal[19].phy.radio.transmitter,power,,,0.025118W
General-317-20260718-15:48:02-5193,attr,Florasat_Individual_Sats.terminal[19].phy.radio.transmitter,power,unit,W,
General-317-20260718-15:48:02-5193,param,Florasat_Individual_Sats.terminal[19].phy.radio.transmitter,centerFrequency,,,8.68e+08Hz
General-317-20260718-15:48:02-5193,attr,Florasat_Individual_Sats.terminal[19].phy.radio.transmitter,centerFrequency,unit,Hz,
General-317-20260718-15:48:02-5193,param,Florasat_Individual_Sats.terminal[19].phy.radio.transmitter,bandwidth,,,250000Hz
General-317-20260718-15:48:02-5193,attr,Florasat_Individual_Sats.terminal[19].phy.radio.transmitter,bandwidth,unit,Hz,
General-317-20260718-15:48:02-5193,param,Florasat_Individual_Sats.terminal[19].phy.radio.transmitter,codeRate,,,1
General-317-20260718-15:48:02-5193,param,Florasat_Individual_Sats.terminal[19].phy.radio.transmitter,modulation,,,"""LoRaModulation"""
General-317-20260718-15:48:02-5193,param,Florasat_Individual_Sats.terminal[19].phy.radio.receiver,typename,,,"""Global.Transceiver.LoRaReceiver"""
General-317-20260718-15:48:02-5193,param,Florasat_Individual_Sats.terminal[19].phy.radio.receiver,energyDetection,,,-90dBm
General-317-20260718-15:48:02-5193,attr,Florasat_Individual_Sats.terminal[19].phy.radio.receiver,energyDetection,unit,dBm,
General-317-20260718-15:48:02-5193,param,Florasat_Individual_Sats.terminal[19].phy.radio.receiver,sensitivity,,,-137dBm
General-317-20260718-15:48:02-5193,attr,Florasat_Individual_Sats.terminal[19].phy.radio.receiver,sensitivity,unit,dBm,
General-317-20260718-15:48:02-5193,param,Florasat_Individual_Sats.terminal[19].phy.radio.receiver,snirThreshold,,,-8dB
General-317-20260718-15:48:02-5193,attr,Florasat_Individual_Sats.terminal[19].phy.radio.receiver,snirThreshold,unit,dB,
General-317-20260718-15:48:02-5193,param,Florasat_Individual_Sats.terminal[19].phy.radio.receiver,centerFrequency,,,8.68e+08Hz
General-317-20260718-15:48:02-5193,attr,Florasat_Individual_Sats.terminal[19].phy.radio.receiver,centerFrequency,unit,Hz,
General-317-20260718-15:48:02-5193,param,Florasat_Individual_Sats.terminal[19].phy.radio.receiver,bandwidth,,,250000Hz
General-317-20260718-15:48:02-5193,attr,Florasat_Individual_Sats.terminal[19].phy.radio.receiver,bandwidth,unit,Hz,
General-317-20260718-15:48:02-5193,param,Florasat_Individual_Sats.terminal[19].phy.radio.receiver,alohaChannelModel,,,false
General-317-20260718-15:48:02-5193,param,Florasat_Individual_Sats.terminal[19].phy.radio.receiver,errorModelType,,,""""""
General-317-20260718-15:48:02-5193,param,Florasat_Individual_Sats.terminal[19].phy.radio.receiver,ignoreInterference,,,false
General-317-20260718-15:48:02-5193,param,Florasat_Individual_Sats.terminal[19].phy.radio.receiver,enableCollisionOverlap,,,false
General-317-20260718-15:48:02-5193,param,Florasat_Individual_Sats.terminal[19].phy.radio.receiver,minCollisionOverlap,,,0s
General-317-20260718-15:48:02-5193,attr,Florasat_Individual_Sats.terminal[19].phy.radio.receiver,minCollisionOverlap,unit,s,
General-317-20260718-15:48:02-5193,param,Florasat_Individual_Sats.terminal[19].phy.radio.IdealEpEnergyStorage,typename,,,"""inet.power.storage.IdealEpEnergyStorage"""
General-317-20260718-15:48:02-5193,param,Florasat_Individual_Sats.terminal[19].phy.radio,typename,,,"""Nodes._10_Terminal._10_Physical.Ter_Phy_LoRaRadio"""
General-317-20260718-15:48:02-5193,param,Florasat_Individual_Sats.terminal[19].phy.radio,radioMediumModule,,,"""radioMedium"""
General-317-20260718-15:48:02-5193,param,Florasat_Individual_Sats.terminal[19].phy.radio,energySourceModule,,,""""""
General-317-20260718-15:48:02-5193,param,Florasat_Individual_Sats.terminal[19].phy.radio,initialRadioMode,,,"""off"""
General-317-20260718-15:48:02-5193,attr,Florasat_Individual_Sats.terminal[19].phy.radio,initialRadioMode,enum,"off,sleep,receiver,transmitter,transceiver",
General-317-20260718-15:48:02-5193,param,Florasat_Individual_Sats.terminal[19].phy.radio,switchingTimes,,,"""ms 0 0 0 0 0 0 0 0 0 0 0 0 0 0 0 0 0 0 0 0 0 0 0 0 0"""
General-317-20260718-15:48:02-5193,param,Florasat_Individual_Sats.terminal[19].phy.radio,sendRawBytes,,,false
General-317-20260718-15:48:02-5193,param,Florasat_Individual_Sats.terminal[19].phy.radio,separateTransmissionParts,,,false
General-317-20260718-15:48:02-5193,param,Florasat_Individual_Sats.terminal[19].phy.radio,separateReceptionParts,,,false
General-317-20260718-15:48:02-5193,param,Florasat_Individual_Sats.terminal[19].phy.radio,displayCommunicationRange,,,false
General-317-20260718-15:48:02-5193,param,Florasat_Individual_Sats.terminal[19].phy.radio,displayInterferenceRange,,,false
General-317-20260718-15:48:02-5193,param,Florasat_Individual_Sats.terminal[19].phy.radio,centerFrequency,,,8.68e+08Hz
General-317-20260718-15:48:02-5193,attr,Florasat_Individual_Sats.terminal[19].phy.radio,centerFrequency,unit,Hz,
General-317-20260718-15:48:02-5193,param,Florasat_Individual_Sats.terminal[19].phy.radio,bandwidth,,,250000Hz
General-317-20260718-15:48:02-5193,attr,Florasat_Individual_Sats.terminal[19].phy.radio,bandwidth,unit,Hz,
General-317-20260718-15:48:02-5193,param,Florasat_Individual_Sats.terminal[19].phy.radio,iAmGateway,,,false
General-317-20260718-15:48:02-5193,param,Florasat_Individual_Sats.terminal[19].phy,typename,,,"""Nodes._10_Terminal._10_Physical.Ter_Phy"""
General-317-20260718-15:48:02-5193,param,Florasat_Individual_Sats.terminal[19].phy,layerName,,,"""Ter_Phy"""
General-317-20260718-15:48:02-5193,attr,Florasat_Individual_Sats.terminal[19].phy,layerName,optional,,
General-317-20260718-15:48:02-5193,param,Florasat_Individual_Sats.terminal[19].dlk.mac.queue,typename,,,"""inet.queueing.queue.DropTailQueue"""
General-317-20260718-15:48:02-5193,param,Florasat_Individual_Sats.terminal[19].dlk.mac.queue,displayStringTextFormat,,,"""contains %p pk (%l) pushed %u\npulled %o removed %r dropped %d"""
General-317-20260718-15:48:02-5193,param,Florasat_Individual_Sats.terminal[19].dlk.mac.queue,packetCapacity,,,-1
General-317-20260718-15:48:02-5193,param,Florasat_Individual_Sats.terminal[19].dlk.mac.queue,dataCapacity,,,-1b
General-317-20260718-15:48:02-5193,attr,Florasat_Individual_Sats.terminal[19].dlk.mac.queue,dataCapacity,unit,b,
General-317-20260718-15:48:02-5193,param,Florasat_Individual_Sats.terminal[19].dlk.mac.queue,dropperClass,,,"""inet::queueing::PacketAtCollectionEndDropper"""
General-317-20260718-15:48:02-5193,param,Florasat_Individual_Sats.terminal[19].dlk.mac.queue,comparatorClass,,,""""""
General-317-20260718-15:48:02-5193,param,Florasat_Individual_Sats.terminal[19].dlk.mac.queue,bufferModule,,,""""""
General-317-20260718-15:48:02-5193,param,Florasat_Individual_Sats.terminal[19].dlk.mac.mlBox,typename,,,"""Nodes._10_Terminal._20_Data_Link.Transmission_Predictor.Transmission_Predictor"""
General-317-20260718-15:48:02-5193,param,Florasat_Individual_Sats.terminal[19].dlk.mac.mlBox,modelPath,,,"""/home/ylnner/Documents/omnet++/omnetpp-6.3.0/projects/florasat_v4_ult_routing/simulations/Test_Individual/mlmodels/transformer_scripted.pt"""
General-317-20260718-15:48:02-5193,param,Florasat_Individual_Sats.terminal[19].dlk.mac.mlBox,threshold,,,0.2
General-317-20260718-15:48:02-5193,param,Florasat_Individual_Sats.terminal[19].dlk.mac.mlBox,scalerPath,,,""""""
General-317-20260718-15:48:02-5193,param,Florasat_Individual_Sats.terminal[19].dlk.mac,typename,,,"""Nodes._10_Terminal._20_Data_Link.Ter_Dlk_KiWan"""
General-317-20260718-15:48:02-5193,param,Florasat_Individual_Sats.terminal[19].dlk.mac,interfaceTableModule,,,""""""
General-317-20260718-15:48:02-5193,param,Florasat_Individual_Sats.terminal[19].dlk.mac,radioModule,,,"""^.^.phy.radio"""
General-317-20260718-15:48:02-5193,param,Florasat_Individual_Sats.terminal[19].dlk.mac,address,,,"""0A-AA-00-00-00-14"""
General-317-20260718-15:48:02-5193,attr,Florasat_Individual_Sats.terminal[19].dlk.mac,address,mutable,,
General-317-20260718-15:48:02-5193,param,Florasat_Individual_Sats.terminal[19].dlk.mac,mtu,,,1500
General-317-20260718-15:48:02-5193,param,Florasat_Individual_Sats.terminal[19].dlk.mac,ttwDuration,,,100s
General-317-20260718-15:48:02-5193,attr,Florasat_Individual_Sats.terminal[19].dlk.mac,ttwDuration,unit,s,
General-317-20260718-15:48:02-5193,param,Florasat_Individual_Sats.terminal[19].dlk.mac,ttwIdle,,,0s
General-317-20260718-15:48:02-5193,attr,Florasat_Individual_Sats.terminal[19].dlk.mac,ttwIdle,unit,s,
General-317-20260718-15:48:02-5193,param,Florasat_Individual_Sats.terminal[19].dlk.mac,ttxStart_min,,,0s
General-317-20260718-15:48:02-5193,attr,Florasat_Individual_Sats.terminal[19].dlk.mac,ttxStart_min,unit,s,
General-317-20260718-15:48:02-5193,param,Florasat_Individual_Sats.terminal[19].dlk.mac,ttxStart_max,,,1s
General-317-20260718-15:48:02-5193,attr,Florasat_Individual_Sats.terminal[19].dlk.mac,ttxStart_max,unit,s,
General-317-20260718-15:48:02-5193,param,Florasat_Individual_Sats.terminal[19].dlk.mac,ttxIdle_min,,,10s
General-317-20260718-15:48:02-5193,attr,Florasat_Individual_Sats.terminal[19].dlk.mac,ttxIdle_min,unit,s,
General-317-20260718-15:48:02-5193,param,Florasat_Individual_Sats.terminal[19].dlk.mac,ttxIdle_max,,,15s
General-317-20260718-15:48:02-5193,attr,Florasat_Individual_Sats.terminal[19].dlk.mac,ttxIdle_max,unit,s,
General-317-20260718-15:48:02-5193,param,Florasat_Individual_Sats.terminal[19].dlk.mac,Ntw,,,1
General-317-20260718-15:48:02-5193,param,Florasat_Individual_Sats.terminal[19].dlk.mac,Ntx,,,5
General-317-20260718-15:48:02-5193,param,Florasat_Individual_Sats.terminal[19].dlk.mac,enableSatDetect,,,false
General-317-20260718-15:48:02-5193,param,Florasat_Individual_Sats.terminal[19].dlk.mac,tsdStart_min,,,0s
General-317-20260718-15:48:02-5193,attr,Florasat_Individual_Sats.terminal[19].dlk.mac,tsdStart_min,unit,s,
General-317-20260718-15:48:02-5193,param,Florasat_Individual_Sats.terminal[19].dlk.mac,tsdStart_max,,,60s
General-317-20260718-15:48:02-5193,attr,Florasat_Individual_Sats.terminal[19].dlk.mac,tsdStart_max,unit,s,
General-317-20260718-15:48:02-5193,param,Florasat_Individual_Sats.terminal[19].dlk.mac,Ndetect,,,4
General-317-20260718-15:48:02-5193,param,Florasat_Individual_Sats.terminal[19].dlk.mac,NsdSync,,,2
General-317-20260718-15:48:02-5193,param,Florasat_Individual_Sats.terminal[19].dlk.mac,tsyncIdle,,,60s
General-317-20260718-15:48:02-5193,attr,Florasat_Individual_Sats.terminal[19].dlk.mac,tsyncIdle,unit,s,
General-317-20260718-15:48:02-5193,param,Florasat_Individual_Sats.terminal[19].dlk.mac,tsdIdle,,,240s
General-317-20260718-15:48:02-5193,attr,Florasat_Individual_Sats.terminal[19].dlk.mac,tsdIdle,unit,s,
General-317-20260718-15:48:02-5193,param,Florasat_Individual_Sats.terminal[19].dlk.mac,satelliteDetectionProbability,,,0.9
General-317-20260718-15:48:02-5193,param,Florasat_Individual_Sats.terminal[19].dlk.mac,minimumElevation,,,5
General-317-20260718-15:48:02-5193,param,Florasat_Individual_Sats.terminal[19].dlk.mac,detectInitialListen,,,0.33s
General-317-20260718-15:48:02-5193,attr,Florasat_Individual_Sats.terminal[19].dlk.mac,detectInitialListen,unit,s,
General-317-20260718-15:48:02-5193,param,Florasat_Individual_Sats.terminal[19].dlk.mac,detectSuccessExtraMin,,,0.075s
General-317-20260718-15:48:02-5193,attr,Florasat_Individual_Sats.terminal[19].dlk.mac,detectSuccessExtraMin,unit,s,
General-317-20260718-15:48:02-5193,param,Florasat_Individual_Sats.terminal[19].dlk.mac,detectSuccessExtraMax,,,1.67s
General-317-20260718-15:48:02-5193,attr,Florasat_Individual_Sats.terminal[19].dlk.mac,detectSuccessExtraMax,unit,s,
General-317-20260718-15:48:02-5193,param,Florasat_Individual_Sats.terminal[19].dlk.mac,detectMissExtra,,,1.67s
General-317-20260718-15:48:02-5193,attr,Florasat_Individual_Sats.terminal[19].dlk.mac,detectMissExtra,unit,s,
General-317-20260718-15:48:02-5193,param,Florasat_Individual_Sats.terminal[19].dlk.mac,LoRaSF,,,12
General-317-20260718-15:48:02-5193,param,Florasat_Individual_Sats.terminal[19].dlk.mac,LoRaTP,,,12
General-317-20260718-15:48:02-5193,param,Florasat_Individual_Sats.terminal[19].dlk.mac,LoRaCF,,,8.68e+08
General-317-20260718-15:48:02-5193,param,Florasat_Individual_Sats.terminal[19].dlk.mac,LoRaBW,,,125000
General-317-20260718-15:48:02-5193,param,Florasat_Individual_Sats.terminal[19].dlk.mac,LoRaCR,,,1
General-317-20260718-15:48:02-5193,param,Florasat_Individual_Sats.terminal[19].dlk.mac,useMLBox,,,true
General-317-20260718-15:48:02-5193,param,Florasat_Individual_Sats.terminal[19].dlk.mac,useMLBoxBiLSTM,,,false
General-317-20260718-15:48:02-5193,param,Florasat_Individual_Sats.terminal[19].dlk.mac,useAnalytical,,,false
General-317-20260718-15:48:02-5193,param,Florasat_Individual_Sats.terminal[19].dlk,typename,,,"""Nodes._10_Terminal._20_Data_Link.Ter_Dlk"""
General-317-20260718-15:48:02-5193,param,Florasat_Individual_Sats.terminal[19].net.routing,typename,,,"""Global.Base._30_Network.Ter_Null_Routing"""
General-317-20260718-15:48:02-5193,param,Florasat_Individual_Sats.terminal[19].net,typename,,,"""Nodes._10_Terminal._30_Network.Ter_Net"""
General-317-20260718-15:48:02-5193,param,Florasat_Individual_Sats.terminal[19].net,layerName,,,"""Ter_Net"""
General-317-20260718-15:48:02-5193,attr,Florasat_Individual_Sats.terminal[19].net,layerName,optional,,
General-317-20260718-15:48:02-5193,param,Florasat_Individual_Sats.terminal[19].net,routingType,,,"""Ter_Null_Routing"""
General-317-20260718-15:48:02-5193,param,Florasat_Individual_Sats.terminal[19].app,typename,,,"""Nodes._10_Terminal._40_Application.Ter_App"""
General-317-20260718-15:48:02-5193,param,Florasat_Individual_Sats.terminal[19].app,layerName,,,"""TerminalApplicationLayer"""
General-317-20260718-15:48:02-5193,attr,Florasat_Individual_Sats.terminal[19].app,layerName,optional,,
General-317-20260718-15:48:02-5193,param,Florasat_Individual_Sats.terminal[19].app,numberOfPacketsToSend,,,0
General-317-20260718-15:48:02-5193,param,Florasat_Individual_Sats.terminal[19].app,timeToFirstPacket,,,1s
General-317-20260718-15:48:02-5193,attr,Florasat_Individual_Sats.terminal[19].app,timeToFirstPacket,unit,s,
General-317-20260718-15:48:02-5193,param,Florasat_Individual_Sats.terminal[19].app,timeToNextPacket,,,115s
General-317-20260718-15:48:02-5193,attr,Florasat_Individual_Sats.terminal[19].app,timeToNextPacket,unit,s,
General-317-20260718-15:48:02-5193,param,Florasat_Individual_Sats.terminal[19].app,timeToResponse,,,30s
General-317-20260718-15:48:02-5193,attr,Florasat_Individual_Sats.terminal[19].app,timeToResponse,unit,s,
General-317-20260718-15:48:02-5193,param,Florasat_Individual_Sats.terminal[19].app,timeToRetry,,,10s
General-317-20260718-15:48:02-5193,attr,Florasat_Individual_Sats.terminal[19].app,timeToRetry,unit,s,
General-317-20260718-15:48:02-5193,param,Florasat_Individual_Sats.terminal[19].app,ackTimeout,,,7s
General-317-20260718-15:48:02-5193,attr,Florasat_Individual_Sats.terminal[19].app,ackTimeout,unit,s,
General-317-20260718-15:48:02-5193,param,Florasat_Individual_Sats.terminal[19].app,timer,,,1s
General-317-20260718-15:48:02-5193,attr,Florasat_Individual_Sats.terminal[19].app,timer,unit,s,
General-317-20260718-15:48:02-5193,param,Florasat_Individual_Sats.terminal[19].app,initialLoRaTP,,,14dBm
General-317-20260718-15:48:02-5193,attr,Florasat_Individual_Sats.terminal[19].app,initialLoRaTP,unit,dBm,
General-317-20260718-15:48:02-5193,param,Florasat_Individual_Sats.terminal[19].app,initialLoRaCF,,,8.68e+08Hz
General-317-20260718-15:48:02-5193,attr,Florasat_Individual_Sats.terminal[19].app,initialLoRaCF,unit,Hz,
General-317-20260718-15:48:02-5193,param,Florasat_Individual_Sats.terminal[19].app,initialLoRaSF,,,12
General-317-20260718-15:48:02-5193,param,Florasat_Individual_Sats.terminal[19].app,initialLoRaBW,,,125000Hz
General-317-20260718-15:48:02-5193,attr,Florasat_Individual_Sats.terminal[19].app,initialLoRaBW,unit,Hz,
General-317-20260718-15:48:02-5193,param,Florasat_Individual_Sats.terminal[19].app,initialLoRaCR,,,4
General-317-20260718-15:48:02-5193,param,Florasat_Individual_Sats.terminal[19].app,initialUseHeader,,,true
General-317-20260718-15:48:02-5193,param,Florasat_Individual_Sats.terminal[19].app,initialPingSlot,,,1
General-317-20260718-15:48:02-5193,param,Florasat_Individual_Sats.terminal[19].app,InitClassA,,,true
General-317-20260718-15:48:02-5193,param,Florasat_Individual_Sats.terminal[19].app,InitClassB,,,false
General-317-20260718-15:48:02-5193,param,Florasat_Individual_Sats.terminal[19].app,evaluateADRinNode,,,false
General-317-20260718-15:48:02-5193,param,Florasat_Individual_Sats.terminal[19].app,payloadSize,,,10B
General-317-20260718-15:48:02-5193,attr,Florasat_Individual_Sats.terminal[19].app,payloadSize,unit,B,
General-317-20260718-15:48:02-5193,param,Florasat_Individual_Sats.terminal[19].app,usingAck,,,true
General-317-20260718-15:48:02-5193,param,Florasat_Individual_Sats.terminal[19].app,numGroundLinks,,,40
General-317-20260718-15:48:02-5193,param,Florasat_Individual_Sats.terminal[19].app,maxHops,,,50
General-317-20260718-15:48:02-5193,param,Florasat_Individual_Sats.terminal[19].app,nroMaxAttempts,,,0
General-317-20260718-15:48:02-5193,param,Florasat_Individual_Sats.terminal[19].eng,typename,,,"""Nodes._10_Terminal._50_Energy.Ter_Ene"""
General-317-20260718-15:48:02-5193,param,Florasat_Individual_Sats.terminal[19].mob,typename,,,"""Nodes._10_Terminal._60_Mobility.Ter_Mob"""
General-317-20260718-15:48:02-5193,param,Florasat_Individual_Sats.terminal[19].mob,subjectModule,,,"""^"""
General-317-20260718-15:48:02-5193,param,Florasat_Individual_Sats.terminal[19].mob,coordinateSystemModule,,,""""""
General-317-20260718-15:48:02-5193,param,Florasat_Individual_Sats.terminal[19].mob,displayStringTextFormat,,,"""p: %p\nv: %v"""
General-317-20260718-15:48:02-5193,attr,Florasat_Individual_Sats.terminal[19].mob,displayStringTextFormat,mutable,,
General-317-20260718-15:48:02-5193,param,Florasat_Individual_Sats.terminal[19].mob,updateDisplayString,,,true
General-317-20260718-15:48:02-5193,param,Florasat_Individual_Sats.terminal[19].mob,constraintAreaMinX,,,-inf m
General-317-20260718-15:48:02-5193,attr,Florasat_Individual_Sats.terminal[19].mob,constraintAreaMinX,unit,m,
General-317-20260718-15:48:02-5193,param,Florasat_Individual_Sats.terminal[19].mob,constraintAreaMinY,,,-inf m
General-317-20260718-15:48:02-5193,attr,Florasat_Individual_Sats.terminal[19].mob,constraintAreaMinY,unit,m,
General-317-20260718-15:48:02-5193,param,Florasat_Individual_Sats.terminal[19].mob,constraintAreaMinZ,,,-inf m
General-317-20260718-15:48:02-5193,attr,Florasat_Individual_Sats.terminal[19].mob,constraintAreaMinZ,unit,m,
General-317-20260718-15:48:02-5193,param,Florasat_Individual_Sats.terminal[19].mob,constraintAreaMaxX,,,inf m
General-317-20260718-15:48:02-5193,attr,Florasat_Individual_Sats.terminal[19].mob,constraintAreaMaxX,unit,m,
General-317-20260718-15:48:02-5193,param,Florasat_Individual_Sats.terminal[19].mob,constraintAreaMaxY,,,inf m
General-317-20260718-15:48:02-5193,attr,Florasat_Individual_Sats.terminal[19].mob,constraintAreaMaxY,unit,m,
General-317-20260718-15:48:02-5193,param,Florasat_Individual_Sats.terminal[19].mob,constraintAreaMaxZ,,,inf m
General-317-20260718-15:48:02-5193,attr,Florasat_Individual_Sats.terminal[19].mob,constraintAreaMaxZ,unit,m,
General-317-20260718-15:48:02-5193,param,Florasat_Individual_Sats.terminal[19].mob,initialX,,,nan m
General-317-20260718-15:48:02-5193,attr,Florasat_Individual_Sats.terminal[19].mob,initialX,unit,m,
General-317-20260718-15:48:02-5193,param,Florasat_Individual_Sats.terminal[19].mob,initialY,,,nan m
General-317-20260718-15:48:02-5193,attr,Florasat_Individual_Sats.terminal[19].mob,initialY,unit,m,
General-317-20260718-15:48:02-5193,param,Florasat_Individual_Sats.terminal[19].mob,initialZ,,,0m
General-317-20260718-15:48:02-5193,attr,Florasat_Individual_Sats.terminal[19].mob,initialZ,unit,m,
General-317-20260718-15:48:02-5193,param,Florasat_Individual_Sats.terminal[19].mob,initialLatitude,,,nan deg
General-317-20260718-15:48:02-5193,attr,Florasat_Individual_Sats.terminal[19].mob,initialLatitude,unit,deg,
General-317-20260718-15:48:02-5193,param,Florasat_Individual_Sats.terminal[19].mob,initialLongitude,,,nan deg
General-317-20260718-15:48:02-5193,attr,Florasat_Individual_Sats.terminal[19].mob,initialLongitude,unit,deg,
General-317-20260718-15:48:02-5193,param,Florasat_Individual_Sats.terminal[19].mob,initialAltitude,,,0m
General-317-20260718-15:48:02-5193,attr,Florasat_Individual_Sats.terminal[19].mob,initialAltitude,unit,m,
General-317-20260718-15:48:02-5193,param,Florasat_Individual_Sats.terminal[19].mob,initialHeading,,,0deg
General-317-20260718-15:48:02-5193,attr,Florasat_Individual_Sats.terminal[19].mob,initialHeading,unit,deg,
General-317-20260718-15:48:02-5193,param,Florasat_Individual_Sats.terminal[19].mob,initialElevation,,,0deg
General-317-20260718-15:48:02-5193,attr,Florasat_Individual_Sats.terminal[19].mob,initialElevation,unit,deg,
General-317-20260718-15:48:02-5193,param,Florasat_Individual_Sats.terminal[19].mob,initialBank,,,0deg
General-317-20260718-15:48:02-5193,attr,Florasat_Individual_Sats.terminal[19].mob,initialBank,unit,deg,
General-317-20260718-15:48:02-5193,param,Florasat_Individual_Sats.terminal[19].mob,initFromDisplayString,,,false
General-317-20260718-15:48:02-5193,param,Florasat_Individual_Sats.terminal[19].mob,updateFromDisplayString,,,false
General-317-20260718-15:48:02-5193,param,Florasat_Individual_Sats.terminal[19].mob,centerLatitude,,,60.451
General-317-20260718-15:48:02-5193,param,Florasat_Individual_Sats.terminal[19].mob,centerLongitude,,,22.266
General-317-20260718-15:48:02-5193,param,Florasat_Individual_Sats.terminal[19].mob,deploymentRadius,,,200
General-317-20260718-15:48:02-5193,param,Florasat_Individual_Sats.terminal[19],typename,,,"""Nodes._10_Terminal.Terminal"""
General-317-20260718-15:48:02-5193,param,Florasat_Individual_Sats.terminal[19],layerName,,,"""Terminal"""
General-317-20260718-15:48:02-5193,attr,Florasat_Individual_Sats.terminal[19],layerName,optional,,
General-317-20260718-15:48:02-5193,param,Florasat_Individual_Sats.terminal[19],sendData,,,true
General-317-20260718-15:48:02-5193,attr,Florasat_Individual_Sats.terminal[19],sendData,mutable,,
General-317-20260718-15:48:02-5193,param,Florasat_Individual_Sats.terminal[19],dstGsOrDev,,,0
General-317-20260718-15:48:02-5193,param,Florasat_Individual_Sats.terminal[20].phy.radio.antenna,typename,,,"""inet.physicallayer.wireless.common.antenna.IsotropicAntenna"""
General-317-20260718-15:48:02-5193,param,Florasat_Individual_Sats.terminal[20].phy.radio.antenna,mobilityModule,,,"""^.^.^.mob"""
General-317-20260718-15:48:02-5193,param,Florasat_Individual_Sats.terminal[20].phy.radio.antenna,numAntennas,,,1
General-317-20260718-15:48:02-5193,param,Florasat_Individual_Sats.terminal[20].phy.radio.transmitter,typename,,,"""Global.Transceiver.LoRaTransmitter"""
General-317-20260718-15:48:02-5193,param,Florasat_Individual_Sats.terminal[20].phy.radio.transmitter,preambleDuration,,,0.001s
General-317-20260718-15:48:02-5193,attr,Florasat_Individual_Sats.terminal[20].phy.radio.transmitter,preambleDuration,unit,s,
General-317-20260718-15:48:02-5193,param,Florasat_Individual_Sats.terminal[20].phy.radio.transmitter,headerLength,,,40b
General-317-20260718-15:48:02-5193,attr,Florasat_Individual_Sats.terminal[20].phy.radio.transmitter,headerLength,unit,b,
General-317-20260718-15:48:02-5193,param,Florasat_Individual_Sats.terminal[20].phy.radio.transmitter,bitrate,,,250000bps
General-317-20260718-15:48:02-5193,attr,Florasat_Individual_Sats.terminal[20].phy.radio.transmitter,bitrate,unit,bps,
General-317-20260718-15:48:02-5193,param,Florasat_Individual_Sats.terminal[20].phy.radio.transmitter,power,,,0.025118W
General-317-20260718-15:48:02-5193,attr,Florasat_Individual_Sats.terminal[20].phy.radio.transmitter,power,unit,W,
General-317-20260718-15:48:02-5193,param,Florasat_Individual_Sats.terminal[20].phy.radio.transmitter,centerFrequency,,,8.68e+08Hz
General-317-20260718-15:48:02-5193,attr,Florasat_Individual_Sats.terminal[20].phy.radio.transmitter,centerFrequency,unit,Hz,
General-317-20260718-15:48:02-5193,param,Florasat_Individual_Sats.terminal[20].phy.radio.transmitter,bandwidth,,,250000Hz
General-317-20260718-15:48:02-5193,attr,Florasat_Individual_Sats.terminal[20].phy.radio.transmitter,bandwidth,unit,Hz,
General-317-20260718-15:48:02-5193,param,Florasat_Individual_Sats.terminal[20].phy.radio.transmitter,codeRate,,,1
General-317-20260718-15:48:02-5193,param,Florasat_Individual_Sats.terminal[20].phy.radio.transmitter,modulation,,,"""LoRaModulation"""
General-317-20260718-15:48:02-5193,param,Florasat_Individual_Sats.terminal[20].phy.radio.receiver,typename,,,"""Global.Transceiver.LoRaReceiver"""
General-317-20260718-15:48:02-5193,param,Florasat_Individual_Sats.terminal[20].phy.radio.receiver,energyDetection,,,-90dBm
General-317-20260718-15:48:02-5193,attr,Florasat_Individual_Sats.terminal[20].phy.radio.receiver,energyDetection,unit,dBm,
General-317-20260718-15:48:02-5193,param,Florasat_Individual_Sats.terminal[20].phy.radio.receiver,sensitivity,,,-137dBm
General-317-20260718-15:48:02-5193,attr,Florasat_Individual_Sats.terminal[20].phy.radio.receiver,sensitivity,unit,dBm,
General-317-20260718-15:48:02-5193,param,Florasat_Individual_Sats.terminal[20].phy.radio.receiver,snirThreshold,,,-8dB
General-317-20260718-15:48:02-5193,attr,Florasat_Individual_Sats.terminal[20].phy.radio.receiver,snirThreshold,unit,dB,
General-317-20260718-15:48:02-5193,param,Florasat_Individual_Sats.terminal[20].phy.radio.receiver,centerFrequency,,,8.68e+08Hz
General-317-20260718-15:48:02-5193,attr,Florasat_Individual_Sats.terminal[20].phy.radio.receiver,centerFrequency,unit,Hz,
General-317-20260718-15:48:02-5193,param,Florasat_Individual_Sats.terminal[20].phy.radio.receiver,bandwidth,,,250000Hz
General-317-20260718-15:48:02-5193,attr,Florasat_Individual_Sats.terminal[20].phy.radio.receiver,bandwidth,unit,Hz,
General-317-20260718-15:48:02-5193,param,Florasat_Individual_Sats.terminal[20].phy.radio.receiver,alohaChannelModel,,,false
General-317-20260718-15:48:02-5193,param,Florasat_Individual_Sats.terminal[20].phy.radio.receiver,errorModelType,,,""""""
General-317-20260718-15:48:02-5193,param,Florasat_Individual_Sats.terminal[20].phy.radio.receiver,ignoreInterference,,,false
General-317-20260718-15:48:02-5193,param,Florasat_Individual_Sats.terminal[20].phy.radio.receiver,enableCollisionOverlap,,,false
General-317-20260718-15:48:02-5193,param,Florasat_Individual_Sats.terminal[20].phy.radio.receiver,minCollisionOverlap,,,0s
General-317-20260718-15:48:02-5193,attr,Florasat_Individual_Sats.terminal[20].phy.radio.receiver,minCollisionOverlap,unit,s,
General-317-20260718-15:48:02-5193,param,Florasat_Individual_Sats.terminal[20].phy.radio.IdealEpEnergyStorage,typename,,,"""inet.power.storage.IdealEpEnergyStorage"""
General-317-20260718-15:48:02-5193,param,Florasat_Individual_Sats.terminal[20].phy.radio,typename,,,"""Nodes._10_Terminal._10_Physical.Ter_Phy_LoRaRadio"""
General-317-20260718-15:48:02-5193,param,Florasat_Individual_Sats.terminal[20].phy.radio,radioMediumModule,,,"""radioMedium"""
General-317-20260718-15:48:02-5193,param,Florasat_Individual_Sats.terminal[20].phy.radio,energySourceModule,,,""""""
General-317-20260718-15:48:02-5193,param,Florasat_Individual_Sats.terminal[20].phy.radio,initialRadioMode,,,"""off"""
General-317-20260718-15:48:02-5193,attr,Florasat_Individual_Sats.terminal[20].phy.radio,initialRadioMode,enum,"off,sleep,receiver,transmitter,transceiver",
General-317-20260718-15:48:02-5193,param,Florasat_Individual_Sats.terminal[20].phy.radio,switchingTimes,,,"""ms 0 0 0 0 0 0 0 0 0 0 0 0 0 0 0 0 0 0 0 0 0 0 0 0 0"""
General-317-20260718-15:48:02-5193,param,Florasat_Individual_Sats.terminal[20].phy.radio,sendRawBytes,,,false
General-317-20260718-15:48:02-5193,param,Florasat_Individual_Sats.terminal[20].phy.radio,separateTransmissionParts,,,false
General-317-20260718-15:48:02-5193,param,Florasat_Individual_Sats.terminal[20].phy.radio,separateReceptionParts,,,false
General-317-20260718-15:48:02-5193,param,Florasat_Individual_Sats.terminal[20].phy.radio,displayCommunicationRange,,,false
General-317-20260718-15:48:02-5193,param,Florasat_Individual_Sats.terminal[20].phy.radio,displayInterferenceRange,,,false
General-317-20260718-15:48:02-5193,param,Florasat_Individual_Sats.terminal[20].phy.radio,centerFrequency,,,8.68e+08Hz
General-317-20260718-15:48:02-5193,attr,Florasat_Individual_Sats.terminal[20].phy.radio,centerFrequency,unit,Hz,
General-317-20260718-15:48:02-5193,param,Florasat_Individual_Sats.terminal[20].phy.radio,bandwidth,,,250000Hz
General-317-20260718-15:48:02-5193,attr,Florasat_Individual_Sats.terminal[20].phy.radio,bandwidth,unit,Hz,
General-317-20260718-15:48:02-5193,param,Florasat_Individual_Sats.terminal[20].phy.radio,iAmGateway,,,false
General-317-20260718-15:48:02-5193,param,Florasat_Individual_Sats.terminal[20].phy,typename,,,"""Nodes._10_Terminal._10_Physical.Ter_Phy"""
General-317-20260718-15:48:02-5193,param,Florasat_Individual_Sats.terminal[20].phy,layerName,,,"""Ter_Phy"""
General-317-20260718-15:48:02-5193,attr,Florasat_Individual_Sats.terminal[20].phy,layerName,optional,,
General-317-20260718-15:48:02-5193,param,Florasat_Individual_Sats.terminal[20].dlk.mac.queue,typename,,,"""inet.queueing.queue.DropTailQueue"""
General-317-20260718-15:48:02-5193,param,Florasat_Individual_Sats.terminal[20].dlk.mac.queue,displayStringTextFormat,,,"""contains %p pk (%l) pushed %u\npulled %o removed %r dropped %d"""
General-317-20260718-15:48:02-5193,param,Florasat_Individual_Sats.terminal[20].dlk.mac.queue,packetCapacity,,,-1
General-317-20260718-15:48:02-5193,param,Florasat_Individual_Sats.terminal[20].dlk.mac.queue,dataCapacity,,,-1b
General-317-20260718-15:48:02-5193,attr,Florasat_Individual_Sats.terminal[20].dlk.mac.queue,dataCapacity,unit,b,
General-317-20260718-15:48:02-5193,param,Florasat_Individual_Sats.terminal[20].dlk.mac.queue,dropperClass,,,"""inet::queueing::PacketAtCollectionEndDropper"""
General-317-20260718-15:48:02-5193,param,Florasat_Individual_Sats.terminal[20].dlk.mac.queue,comparatorClass,,,""""""
General-317-20260718-15:48:02-5193,param,Florasat_Individual_Sats.terminal[20].dlk.mac.queue,bufferModule,,,""""""
General-317-20260718-15:48:02-5193,param,Florasat_Individual_Sats.terminal[20].dlk.mac.mlBox,typename,,,"""Nodes._10_Terminal._20_Data_Link.Transmission_Predictor.Transmission_Predictor"""
General-317-20260718-15:48:02-5193,param,Florasat_Individual_Sats.terminal[20].dlk.mac.mlBox,modelPath,,,"""/home/ylnner/Documents/omnet++/omnetpp-6.3.0/projects/florasat_v4_ult_routing/simulations/Test_Individual/mlmodels/transformer_scripted.pt"""
General-317-20260718-15:48:02-5193,param,Florasat_Individual_Sats.terminal[20].dlk.mac.mlBox,threshold,,,0.2
General-317-20260718-15:48:02-5193,param,Florasat_Individual_Sats.terminal[20].dlk.mac.mlBox,scalerPath,,,""""""
General-317-20260718-15:48:02-5193,param,Florasat_Individual_Sats.terminal[20].dlk.mac,typename,,,"""Nodes._10_Terminal._20_Data_Link.Ter_Dlk_KiWan"""
General-317-20260718-15:48:02-5193,param,Florasat_Individual_Sats.terminal[20].dlk.mac,interfaceTableModule,,,""""""
General-317-20260718-15:48:02-5193,param,Florasat_Individual_Sats.terminal[20].dlk.mac,radioModule,,,"""^.^.phy.radio"""
General-317-20260718-15:48:02-5193,param,Florasat_Individual_Sats.terminal[20].dlk.mac,address,,,"""0A-AA-00-00-00-15"""
General-317-20260718-15:48:02-5193,attr,Florasat_Individual_Sats.terminal[20].dlk.mac,address,mutable,,
General-317-20260718-15:48:02-5193,param,Florasat_Individual_Sats.terminal[20].dlk.mac,mtu,,,1500
General-317-20260718-15:48:02-5193,param,Florasat_Individual_Sats.terminal[20].dlk.mac,ttwDuration,,,100s
General-317-20260718-15:48:02-5193,attr,Florasat_Individual_Sats.terminal[20].dlk.mac,ttwDuration,unit,s,
General-317-20260718-15:48:02-5193,param,Florasat_Individual_Sats.terminal[20].dlk.mac,ttwIdle,,,0s
General-317-20260718-15:48:02-5193,attr,Florasat_Individual_Sats.terminal[20].dlk.mac,ttwIdle,unit,s,
General-317-20260718-15:48:02-5193,param,Florasat_Individual_Sats.terminal[20].dlk.mac,ttxStart_min,,,0s
General-317-20260718-15:48:02-5193,attr,Florasat_Individual_Sats.terminal[20].dlk.mac,ttxStart_min,unit,s,
General-317-20260718-15:48:02-5193,param,Florasat_Individual_Sats.terminal[20].dlk.mac,ttxStart_max,,,1s
General-317-20260718-15:48:02-5193,attr,Florasat_Individual_Sats.terminal[20].dlk.mac,ttxStart_max,unit,s,
General-317-20260718-15:48:02-5193,param,Florasat_Individual_Sats.terminal[20].dlk.mac,ttxIdle_min,,,10s
General-317-20260718-15:48:02-5193,attr,Florasat_Individual_Sats.terminal[20].dlk.mac,ttxIdle_min,unit,s,
General-317-20260718-15:48:02-5193,param,Florasat_Individual_Sats.terminal[20].dlk.mac,ttxIdle_max,,,15s
General-317-20260718-15:48:02-5193,attr,Florasat_Individual_Sats.terminal[20].dlk.mac,ttxIdle_max,unit,s,
General-317-20260718-15:48:02-5193,param,Florasat_Individual_Sats.terminal[20].dlk.mac,Ntw,,,1
General-317-20260718-15:48:02-5193,param,Florasat_Individual_Sats.terminal[20].dlk.mac,Ntx,,,5
General-317-20260718-15:48:02-5193,param,Florasat_Individual_Sats.terminal[20].dlk.mac,enableSatDetect,,,false
General-317-20260718-15:48:02-5193,param,Florasat_Individual_Sats.terminal[20].dlk.mac,tsdStart_min,,,0s
General-317-20260718-15:48:02-5193,attr,Florasat_Individual_Sats.terminal[20].dlk.mac,tsdStart_min,unit,s,
General-317-20260718-15:48:02-5193,param,Florasat_Individual_Sats.terminal[20].dlk.mac,tsdStart_max,,,60s
General-317-20260718-15:48:02-5193,attr,Florasat_Individual_Sats.terminal[20].dlk.mac,tsdStart_max,unit,s,
General-317-20260718-15:48:02-5193,param,Florasat_Individual_Sats.terminal[20].dlk.mac,Ndetect,,,4
General-317-20260718-15:48:02-5193,param,Florasat_Individual_Sats.terminal[20].dlk.mac,NsdSync,,,2
General-317-20260718-15:48:02-5193,param,Florasat_Individual_Sats.terminal[20].dlk.mac,tsyncIdle,,,60s
General-317-20260718-15:48:02-5193,attr,Florasat_Individual_Sats.terminal[20].dlk.mac,tsyncIdle,unit,s,
General-317-20260718-15:48:02-5193,param,Florasat_Individual_Sats.terminal[20].dlk.mac,tsdIdle,,,240s
General-317-20260718-15:48:02-5193,attr,Florasat_Individual_Sats.terminal[20].dlk.mac,tsdIdle,unit,s,
General-317-20260718-15:48:02-5193,param,Florasat_Individual_Sats.terminal[20].dlk.mac,satelliteDetectionProbability,,,0.9
General-317-20260718-15:48:02-5193,param,Florasat_Individual_Sats.terminal[20].dlk.mac,minimumElevation,,,5
General-317-20260718-15:48:02-5193,param,Florasat_Individual_Sats.terminal[20].dlk.mac,detectInitialListen,,,0.33s
General-317-20260718-15:48:02-5193,attr,Florasat_Individual_Sats.terminal[20].dlk.mac,detectInitialListen,unit,s,
General-317-20260718-15:48:02-5193,param,Florasat_Individual_Sats.terminal[20].dlk.mac,detectSuccessExtraMin,,,0.075s
General-317-20260718-15:48:02-5193,attr,Florasat_Individual_Sats.terminal[20].dlk.mac,detectSuccessExtraMin,unit,s,
General-317-20260718-15:48:02-5193,param,Florasat_Individual_Sats.terminal[20].dlk.mac,detectSuccessExtraMax,,,1.67s
General-317-20260718-15:48:02-5193,attr,Florasat_Individual_Sats.terminal[20].dlk.mac,detectSuccessExtraMax,unit,s,
General-317-20260718-15:48:02-5193,param,Florasat_Individual_Sats.terminal[20].dlk.mac,detectMissExtra,,,1.67s
General-317-20260718-15:48:02-5193,attr,Florasat_Individual_Sats.terminal[20].dlk.mac,detectMissExtra,unit,s,
General-317-20260718-15:48:02-5193,param,Florasat_Individual_Sats.terminal[20].dlk.mac,LoRaSF,,,11
General-317-20260718-15:48:02-5193,param,Florasat_Individual_Sats.terminal[20].dlk.mac,LoRaTP,,,13
General-317-20260718-15:48:02-5193,param,Florasat_Individual_Sats.terminal[20].dlk.mac,LoRaCF,,,8.68e+08
General-317-20260718-15:48:02-5193,param,Florasat_Individual_Sats.terminal[20].dlk.mac,LoRaBW,,,125000
General-317-20260718-15:48:02-5193,param,Florasat_Individual_Sats.terminal[20].dlk.mac,LoRaCR,,,1
General-317-20260718-15:48:02-5193,param,Florasat_Individual_Sats.terminal[20].dlk.mac,useMLBox,,,true
General-317-20260718-15:48:02-5193,param,Florasat_Individual_Sats.terminal[20].dlk.mac,useMLBoxBiLSTM,,,false
General-317-20260718-15:48:02-5193,param,Florasat_Individual_Sats.terminal[20].dlk.mac,useAnalytical,,,false
General-317-20260718-15:48:02-5193,param,Florasat_Individual_Sats.terminal[20].dlk,typename,,,"""Nodes._10_Terminal._20_Data_Link.Ter_Dlk"""
General-317-20260718-15:48:02-5193,param,Florasat_Individual_Sats.terminal[20].net.routing,typename,,,"""Global.Base._30_Network.Ter_Null_Routing"""
General-317-20260718-15:48:02-5193,param,Florasat_Individual_Sats.terminal[20].net,typename,,,"""Nodes._10_Terminal._30_Network.Ter_Net"""
General-317-20260718-15:48:02-5193,param,Florasat_Individual_Sats.terminal[20].net,layerName,,,"""Ter_Net"""
General-317-20260718-15:48:02-5193,attr,Florasat_Individual_Sats.terminal[20].net,layerName,optional,,
General-317-20260718-15:48:02-5193,param,Florasat_Individual_Sats.terminal[20].net,routingType,,,"""Ter_Null_Routing"""
General-317-20260718-15:48:02-5193,param,Florasat_Individual_Sats.terminal[20].app,typename,,,"""Nodes._10_Terminal._40_Application.Ter_App"""
General-317-20260718-15:48:02-5193,param,Florasat_Individual_Sats.terminal[20].app,layerName,,,"""TerminalApplicationLayer"""
General-317-20260718-15:48:02-5193,attr,Florasat_Individual_Sats.terminal[20].app,layerName,optional,,
General-317-20260718-15:48:02-5193,param,Florasat_Individual_Sats.terminal[20].app,numberOfPacketsToSend,,,0
General-317-20260718-15:48:02-5193,param,Florasat_Individual_Sats.terminal[20].app,timeToFirstPacket,,,1s
General-317-20260718-15:48:02-5193,attr,Florasat_Individual_Sats.terminal[20].app,timeToFirstPacket,unit,s,
General-317-20260718-15:48:02-5193,param,Florasat_Individual_Sats.terminal[20].app,timeToNextPacket,,,115s
General-317-20260718-15:48:02-5193,attr,Florasat_Individual_Sats.terminal[20].app,timeToNextPacket,unit,s,
General-317-20260718-15:48:02-5193,param,Florasat_Individual_Sats.terminal[20].app,timeToResponse,,,30s
General-317-20260718-15:48:02-5193,attr,Florasat_Individual_Sats.terminal[20].app,timeToResponse,unit,s,
General-317-20260718-15:48:02-5193,param,Florasat_Individual_Sats.terminal[20].app,timeToRetry,,,10s
General-317-20260718-15:48:02-5193,attr,Florasat_Individual_Sats.terminal[20].app,timeToRetry,unit,s,
General-317-20260718-15:48:02-5193,param,Florasat_Individual_Sats.terminal[20].app,ackTimeout,,,7s
General-317-20260718-15:48:02-5193,attr,Florasat_Individual_Sats.terminal[20].app,ackTimeout,unit,s,
General-317-20260718-15:48:02-5193,param,Florasat_Individual_Sats.terminal[20].app,timer,,,1s
General-317-20260718-15:48:02-5193,attr,Florasat_Individual_Sats.terminal[20].app,timer,unit,s,
General-317-20260718-15:48:02-5193,param,Florasat_Individual_Sats.terminal[20].app,initialLoRaTP,,,14dBm
General-317-20260718-15:48:02-5193,attr,Florasat_Individual_Sats.terminal[20].app,initialLoRaTP,unit,dBm,
General-317-20260718-15:48:02-5193,param,Florasat_Individual_Sats.terminal[20].app,initialLoRaCF,,,8.68e+08Hz
General-317-20260718-15:48:02-5193,attr,Florasat_Individual_Sats.terminal[20].app,initialLoRaCF,unit,Hz,
General-317-20260718-15:48:02-5193,param,Florasat_Individual_Sats.terminal[20].app,initialLoRaSF,,,12
General-317-20260718-15:48:02-5193,param,Florasat_Individual_Sats.terminal[20].app,initialLoRaBW,,,125000Hz
General-317-20260718-15:48:02-5193,attr,Florasat_Individual_Sats.terminal[20].app,initialLoRaBW,unit,Hz,
General-317-20260718-15:48:02-5193,param,Florasat_Individual_Sats.terminal[20].app,initialLoRaCR,,,4
General-317-20260718-15:48:02-5193,param,Florasat_Individual_Sats.terminal[20].app,initialUseHeader,,,true
General-317-20260718-15:48:02-5193,param,Florasat_Individual_Sats.terminal[20].app,initialPingSlot,,,1
General-317-20260718-15:48:02-5193,param,Florasat_Individual_Sats.terminal[20].app,InitClassA,,,true
General-317-20260718-15:48:02-5193,param,Florasat_Individual_Sats.terminal[20].app,InitClassB,,,false
General-317-20260718-15:48:02-5193,param,Florasat_Individual_Sats.terminal[20].app,evaluateADRinNode,,,false
General-317-20260718-15:48:02-5193,param,Florasat_Individual_Sats.terminal[20].app,payloadSize,,,10B
General-317-20260718-15:48:02-5193,attr,Florasat_Individual_Sats.terminal[20].app,payloadSize,unit,B,
General-317-20260718-15:48:02-5193,param,Florasat_Individual_Sats.terminal[20].app,usingAck,,,true
General-317-20260718-15:48:02-5193,param,Florasat_Individual_Sats.terminal[20].app,numGroundLinks,,,40
General-317-20260718-15:48:02-5193,param,Florasat_Individual_Sats.terminal[20].app,maxHops,,,50
General-317-20260718-15:48:02-5193,param,Florasat_Individual_Sats.terminal[20].app,nroMaxAttempts,,,0
General-317-20260718-15:48:02-5193,param,Florasat_Individual_Sats.terminal[20].eng,typename,,,"""Nodes._10_Terminal._50_Energy.Ter_Ene"""
General-317-20260718-15:48:02-5193,param,Florasat_Individual_Sats.terminal[20].mob,typename,,,"""Nodes._10_Terminal._60_Mobility.Ter_Mob"""
General-317-20260718-15:48:02-5193,param,Florasat_Individual_Sats.terminal[20].mob,subjectModule,,,"""^"""
General-317-20260718-15:48:02-5193,param,Florasat_Individual_Sats.terminal[20].mob,coordinateSystemModule,,,""""""
General-317-20260718-15:48:02-5193,param,Florasat_Individual_Sats.terminal[20].mob,displayStringTextFormat,,,"""p: %p\nv: %v"""
General-317-20260718-15:48:02-5193,attr,Florasat_Individual_Sats.terminal[20].mob,displayStringTextFormat,mutable,,
General-317-20260718-15:48:02-5193,param,Florasat_Individual_Sats.terminal[20].mob,updateDisplayString,,,true
General-317-20260718-15:48:02-5193,param,Florasat_Individual_Sats.terminal[20].mob,constraintAreaMinX,,,-inf m
General-317-20260718-15:48:02-5193,attr,Florasat_Individual_Sats.terminal[20].mob,constraintAreaMinX,unit,m,
General-317-20260718-15:48:02-5193,param,Florasat_Individual_Sats.terminal[20].mob,constraintAreaMinY,,,-inf m
General-317-20260718-15:48:02-5193,attr,Florasat_Individual_Sats.terminal[20].mob,constraintAreaMinY,unit,m,
General-317-20260718-15:48:02-5193,param,Florasat_Individual_Sats.terminal[20].mob,constraintAreaMinZ,,,-inf m
General-317-20260718-15:48:02-5193,attr,Florasat_Individual_Sats.terminal[20].mob,constraintAreaMinZ,unit,m,
General-317-20260718-15:48:02-5193,param,Florasat_Individual_Sats.terminal[20].mob,constraintAreaMaxX,,,inf m
General-317-20260718-15:48:02-5193,attr,Florasat_Individual_Sats.terminal[20].mob,constraintAreaMaxX,unit,m,
General-317-20260718-15:48:02-5193,param,Florasat_Individual_Sats.terminal[20].mob,constraintAreaMaxY,,,inf m
General-317-20260718-15:48:02-5193,attr,Florasat_Individual_Sats.terminal[20].mob,constraintAreaMaxY,unit,m,
General-317-20260718-15:48:02-5193,param,Florasat_Individual_Sats.terminal[20].mob,constraintAreaMaxZ,,,inf m
General-317-20260718-15:48:02-5193,attr,Florasat_Individual_Sats.terminal[20].mob,constraintAreaMaxZ,unit,m,
General-317-20260718-15:48:02-5193,param,Florasat_Individual_Sats.terminal[20].mob,initialX,,,nan m
General-317-20260718-15:48:02-5193,attr,Florasat_Individual_Sats.terminal[20].mob,initialX,unit,m,
General-317-20260718-15:48:02-5193,param,Florasat_Individual_Sats.terminal[20].mob,initialY,,,nan m
General-317-20260718-15:48:02-5193,attr,Florasat_Individual_Sats.terminal[20].mob,initialY,unit,m,
General-317-20260718-15:48:02-5193,param,Florasat_Individual_Sats.terminal[20].mob,initialZ,,,0m
General-317-20260718-15:48:02-5193,attr,Florasat_Individual_Sats.terminal[20].mob,initialZ,unit,m,
General-317-20260718-15:48:02-5193,param,Florasat_Individual_Sats.terminal[20].mob,initialLatitude,,,nan deg
General-317-20260718-15:48:02-5193,attr,Florasat_Individual_Sats.terminal[20].mob,initialLatitude,unit,deg,
General-317-20260718-15:48:02-5193,param,Florasat_Individual_Sats.terminal[20].mob,initialLongitude,,,nan deg
General-317-20260718-15:48:02-5193,attr,Florasat_Individual_Sats.terminal[20].mob,initialLongitude,unit,deg,
General-317-20260718-15:48:02-5193,param,Florasat_Individual_Sats.terminal[20].mob,initialAltitude,,,0m
General-317-20260718-15:48:02-5193,attr,Florasat_Individual_Sats.terminal[20].mob,initialAltitude,unit,m,
General-317-20260718-15:48:02-5193,param,Florasat_Individual_Sats.terminal[20].mob,initialHeading,,,0deg
General-317-20260718-15:48:02-5193,attr,Florasat_Individual_Sats.terminal[20].mob,initialHeading,unit,deg,
General-317-20260718-15:48:02-5193,param,Florasat_Individual_Sats.terminal[20].mob,initialElevation,,,0deg
General-317-20260718-15:48:02-5193,attr,Florasat_Individual_Sats.terminal[20].mob,initialElevation,unit,deg,
General-317-20260718-15:48:02-5193,param,Florasat_Individual_Sats.terminal[20].mob,initialBank,,,0deg
General-317-20260718-15:48:02-5193,attr,Florasat_Individual_Sats.terminal[20].mob,initialBank,unit,deg,
General-317-20260718-15:48:02-5193,param,Florasat_Individual_Sats.terminal[20].mob,initFromDisplayString,,,false
General-317-20260718-15:48:02-5193,param,Florasat_Individual_Sats.terminal[20].mob,updateFromDisplayString,,,false
General-317-20260718-15:48:02-5193,param,Florasat_Individual_Sats.terminal[20].mob,centerLatitude,,,56.325
General-317-20260718-15:48:02-5193,param,Florasat_Individual_Sats.terminal[20].mob,centerLongitude,,,22.349
General-317-20260718-15:48:02-5193,param,Florasat_Individual_Sats.terminal[20].mob,deploymentRadius,,,200
General-317-20260718-15:48:02-5193,param,Florasat_Individual_Sats.terminal[20],typename,,,"""Nodes._10_Terminal.Terminal"""
General-317-20260718-15:48:02-5193,param,Florasat_Individual_Sats.terminal[20],layerName,,,"""Terminal"""
General-317-20260718-15:48:02-5193,attr,Florasat_Individual_Sats.terminal[20],layerName,optional,,
General-317-20260718-15:48:02-5193,param,Florasat_Individual_Sats.terminal[20],sendData,,,true
General-317-20260718-15:48:02-5193,attr,Florasat_Individual_Sats.terminal[20],sendData,mutable,,
General-317-20260718-15:48:02-5193,param,Florasat_Individual_Sats.terminal[20],dstGsOrDev,,,0
General-317-20260718-15:48:02-5193,param,Florasat_Individual_Sats.terminal[21].phy.radio.antenna,typename,,,"""inet.physicallayer.wireless.common.antenna.IsotropicAntenna"""
General-317-20260718-15:48:02-5193,param,Florasat_Individual_Sats.terminal[21].phy.radio.antenna,mobilityModule,,,"""^.^.^.mob"""
General-317-20260718-15:48:02-5193,param,Florasat_Individual_Sats.terminal[21].phy.radio.antenna,numAntennas,,,1
General-317-20260718-15:48:02-5193,param,Florasat_Individual_Sats.terminal[21].phy.radio.transmitter,typename,,,"""Global.Transceiver.LoRaTransmitter"""
General-317-20260718-15:48:02-5193,param,Florasat_Individual_Sats.terminal[21].phy.radio.transmitter,preambleDuration,,,0.001s
General-317-20260718-15:48:02-5193,attr,Florasat_Individual_Sats.terminal[21].phy.radio.transmitter,preambleDuration,unit,s,
General-317-20260718-15:48:02-5193,param,Florasat_Individual_Sats.terminal[21].phy.radio.transmitter,headerLength,,,40b
General-317-20260718-15:48:02-5193,attr,Florasat_Individual_Sats.terminal[21].phy.radio.transmitter,headerLength,unit,b,
General-317-20260718-15:48:02-5193,param,Florasat_Individual_Sats.terminal[21].phy.radio.transmitter,bitrate,,,250000bps
General-317-20260718-15:48:02-5193,attr,Florasat_Individual_Sats.terminal[21].phy.radio.transmitter,bitrate,unit,bps,
General-317-20260718-15:48:02-5193,param,Florasat_Individual_Sats.terminal[21].phy.radio.transmitter,power,,,0.025118W
General-317-20260718-15:48:02-5193,attr,Florasat_Individual_Sats.terminal[21].phy.radio.transmitter,power,unit,W,
General-317-20260718-15:48:02-5193,param,Florasat_Individual_Sats.terminal[21].phy.radio.transmitter,centerFrequency,,,8.68e+08Hz
General-317-20260718-15:48:02-5193,attr,Florasat_Individual_Sats.terminal[21].phy.radio.transmitter,centerFrequency,unit,Hz,
General-317-20260718-15:48:02-5193,param,Florasat_Individual_Sats.terminal[21].phy.radio.transmitter,bandwidth,,,250000Hz
General-317-20260718-15:48:02-5193,attr,Florasat_Individual_Sats.terminal[21].phy.radio.transmitter,bandwidth,unit,Hz,
General-317-20260718-15:48:02-5193,param,Florasat_Individual_Sats.terminal[21].phy.radio.transmitter,codeRate,,,1
General-317-20260718-15:48:02-5193,param,Florasat_Individual_Sats.terminal[21].phy.radio.transmitter,modulation,,,"""LoRaModulation"""
General-317-20260718-15:48:02-5193,param,Florasat_Individual_Sats.terminal[21].phy.radio.receiver,typename,,,"""Global.Transceiver.LoRaReceiver"""
General-317-20260718-15:48:02-5193,param,Florasat_Individual_Sats.terminal[21].phy.radio.receiver,energyDetection,,,-90dBm
General-317-20260718-15:48:02-5193,attr,Florasat_Individual_Sats.terminal[21].phy.radio.receiver,energyDetection,unit,dBm,
General-317-20260718-15:48:02-5193,param,Florasat_Individual_Sats.terminal[21].phy.radio.receiver,sensitivity,,,-137dBm
General-317-20260718-15:48:02-5193,attr,Florasat_Individual_Sats.terminal[21].phy.radio.receiver,sensitivity,unit,dBm,
General-317-20260718-15:48:02-5193,param,Florasat_Individual_Sats.terminal[21].phy.radio.receiver,snirThreshold,,,-8dB
General-317-20260718-15:48:02-5193,attr,Florasat_Individual_Sats.terminal[21].phy.radio.receiver,snirThreshold,unit,dB,
General-317-20260718-15:48:02-5193,param,Florasat_Individual_Sats.terminal[21].phy.radio.receiver,centerFrequency,,,8.68e+08Hz
General-317-20260718-15:48:02-5193,attr,Florasat_Individual_Sats.terminal[21].phy.radio.receiver,centerFrequency,unit,Hz,
General-317-20260718-15:48:02-5193,param,Florasat_Individual_Sats.terminal[21].phy.radio.receiver,bandwidth,,,250000Hz
General-317-20260718-15:48:02-5193,attr,Florasat_Individual_Sats.terminal[21].phy.radio.receiver,bandwidth,unit,Hz,
General-317-20260718-15:48:02-5193,param,Florasat_Individual_Sats.terminal[21].phy.radio.receiver,alohaChannelModel,,,false
General-317-20260718-15:48:02-5193,param,Florasat_Individual_Sats.terminal[21].phy.radio.receiver,errorModelType,,,""""""
General-317-20260718-15:48:02-5193,param,Florasat_Individual_Sats.terminal[21].phy.radio.receiver,ignoreInterference,,,false
General-317-20260718-15:48:02-5193,param,Florasat_Individual_Sats.terminal[21].phy.radio.receiver,enableCollisionOverlap,,,false
General-317-20260718-15:48:02-5193,param,Florasat_Individual_Sats.terminal[21].phy.radio.receiver,minCollisionOverlap,,,0s
General-317-20260718-15:48:02-5193,attr,Florasat_Individual_Sats.terminal[21].phy.radio.receiver,minCollisionOverlap,unit,s,
General-317-20260718-15:48:02-5193,param,Florasat_Individual_Sats.terminal[21].phy.radio.IdealEpEnergyStorage,typename,,,"""inet.power.storage.IdealEpEnergyStorage"""
General-317-20260718-15:48:02-5193,param,Florasat_Individual_Sats.terminal[21].phy.radio,typename,,,"""Nodes._10_Terminal._10_Physical.Ter_Phy_LoRaRadio"""
General-317-20260718-15:48:02-5193,param,Florasat_Individual_Sats.terminal[21].phy.radio,radioMediumModule,,,"""radioMedium"""
General-317-20260718-15:48:02-5193,param,Florasat_Individual_Sats.terminal[21].phy.radio,energySourceModule,,,""""""
General-317-20260718-15:48:02-5193,param,Florasat_Individual_Sats.terminal[21].phy.radio,initialRadioMode,,,"""off"""
General-317-20260718-15:48:02-5193,attr,Florasat_Individual_Sats.terminal[21].phy.radio,initialRadioMode,enum,"off,sleep,receiver,transmitter,transceiver",
General-317-20260718-15:48:02-5193,param,Florasat_Individual_Sats.terminal[21].phy.radio,switchingTimes,,,"""ms 0 0 0 0 0 0 0 0 0 0 0 0 0 0 0 0 0 0 0 0 0 0 0 0 0"""
General-317-20260718-15:48:02-5193,param,Florasat_Individual_Sats.terminal[21].phy.radio,sendRawBytes,,,false
General-317-20260718-15:48:02-5193,param,Florasat_Individual_Sats.terminal[21].phy.radio,separateTransmissionParts,,,false
General-317-20260718-15:48:02-5193,param,Florasat_Individual_Sats.terminal[21].phy.radio,separateReceptionParts,,,false
General-317-20260718-15:48:02-5193,param,Florasat_Individual_Sats.terminal[21].phy.radio,displayCommunicationRange,,,false
General-317-20260718-15:48:02-5193,param,Florasat_Individual_Sats.terminal[21].phy.radio,displayInterferenceRange,,,false
General-317-20260718-15:48:02-5193,param,Florasat_Individual_Sats.terminal[21].phy.radio,centerFrequency,,,8.68e+08Hz
General-317-20260718-15:48:02-5193,attr,Florasat_Individual_Sats.terminal[21].phy.radio,centerFrequency,unit,Hz,
General-317-20260718-15:48:02-5193,param,Florasat_Individual_Sats.terminal[21].phy.radio,bandwidth,,,250000Hz
General-317-20260718-15:48:02-5193,attr,Florasat_Individual_Sats.terminal[21].phy.radio,bandwidth,unit,Hz,
General-317-20260718-15:48:02-5193,param,Florasat_Individual_Sats.terminal[21].phy.radio,iAmGateway,,,false
General-317-20260718-15:48:02-5193,param,Florasat_Individual_Sats.terminal[21].phy,typename,,,"""Nodes._10_Terminal._10_Physical.Ter_Phy"""
General-317-20260718-15:48:02-5193,param,Florasat_Individual_Sats.terminal[21].phy,layerName,,,"""Ter_Phy"""
General-317-20260718-15:48:02-5193,attr,Florasat_Individual_Sats.terminal[21].phy,layerName,optional,,
General-317-20260718-15:48:02-5193,param,Florasat_Individual_Sats.terminal[21].dlk.mac.queue,typename,,,"""inet.queueing.queue.DropTailQueue"""
General-317-20260718-15:48:02-5193,param,Florasat_Individual_Sats.terminal[21].dlk.mac.queue,displayStringTextFormat,,,"""contains %p pk (%l) pushed %u\npulled %o removed %r dropped %d"""
General-317-20260718-15:48:02-5193,param,Florasat_Individual_Sats.terminal[21].dlk.mac.queue,packetCapacity,,,-1
General-317-20260718-15:48:02-5193,param,Florasat_Individual_Sats.terminal[21].dlk.mac.queue,dataCapacity,,,-1b
General-317-20260718-15:48:02-5193,attr,Florasat_Individual_Sats.terminal[21].dlk.mac.queue,dataCapacity,unit,b,
General-317-20260718-15:48:02-5193,param,Florasat_Individual_Sats.terminal[21].dlk.mac.queue,dropperClass,,,"""inet::queueing::PacketAtCollectionEndDropper"""
General-317-20260718-15:48:02-5193,param,Florasat_Individual_Sats.terminal[21].dlk.mac.queue,comparatorClass,,,""""""
General-317-20260718-15:48:02-5193,param,Florasat_Individual_Sats.terminal[21].dlk.mac.queue,bufferModule,,,""""""
General-317-20260718-15:48:02-5193,param,Florasat_Individual_Sats.terminal[21].dlk.mac.mlBox,typename,,,"""Nodes._10_Terminal._20_Data_Link.Transmission_Predictor.Transmission_Predictor"""
General-317-20260718-15:48:02-5193,param,Florasat_Individual_Sats.terminal[21].dlk.mac.mlBox,modelPath,,,"""/home/ylnner/Documents/omnet++/omnetpp-6.3.0/projects/florasat_v4_ult_routing/simulations/Test_Individual/mlmodels/transformer_scripted.pt"""
General-317-20260718-15:48:02-5193,param,Florasat_Individual_Sats.terminal[21].dlk.mac.mlBox,threshold,,,0.2
General-317-20260718-15:48:02-5193,param,Florasat_Individual_Sats.terminal[21].dlk.mac.mlBox,scalerPath,,,""""""
General-317-20260718-15:48:02-5193,param,Florasat_Individual_Sats.terminal[21].dlk.mac,typename,,,"""Nodes._10_Terminal._20_Data_Link.Ter_Dlk_KiWan"""
General-317-20260718-15:48:02-5193,param,Florasat_Individual_Sats.terminal[21].dlk.mac,interfaceTableModule,,,""""""
General-317-20260718-15:48:02-5193,param,Florasat_Individual_Sats.terminal[21].dlk.mac,radioModule,,,"""^.^.phy.radio"""
General-317-20260718-15:48:02-5193,param,Florasat_Individual_Sats.terminal[21].dlk.mac,address,,,"""0A-AA-00-00-00-16"""
General-317-20260718-15:48:02-5193,attr,Florasat_Individual_Sats.terminal[21].dlk.mac,address,mutable,,
General-317-20260718-15:48:02-5193,param,Florasat_Individual_Sats.terminal[21].dlk.mac,mtu,,,1500
General-317-20260718-15:48:02-5193,param,Florasat_Individual_Sats.terminal[21].dlk.mac,ttwDuration,,,100s
General-317-20260718-15:48:02-5193,attr,Florasat_Individual_Sats.terminal[21].dlk.mac,ttwDuration,unit,s,
General-317-20260718-15:48:02-5193,param,Florasat_Individual_Sats.terminal[21].dlk.mac,ttwIdle,,,0s
General-317-20260718-15:48:02-5193,attr,Florasat_Individual_Sats.terminal[21].dlk.mac,ttwIdle,unit,s,
General-317-20260718-15:48:02-5193,param,Florasat_Individual_Sats.terminal[21].dlk.mac,ttxStart_min,,,0s
General-317-20260718-15:48:02-5193,attr,Florasat_Individual_Sats.terminal[21].dlk.mac,ttxStart_min,unit,s,
General-317-20260718-15:48:02-5193,param,Florasat_Individual_Sats.terminal[21].dlk.mac,ttxStart_max,,,1s
General-317-20260718-15:48:02-5193,attr,Florasat_Individual_Sats.terminal[21].dlk.mac,ttxStart_max,unit,s,
General-317-20260718-15:48:02-5193,param,Florasat_Individual_Sats.terminal[21].dlk.mac,ttxIdle_min,,,10s
General-317-20260718-15:48:02-5193,attr,Florasat_Individual_Sats.terminal[21].dlk.mac,ttxIdle_min,unit,s,
General-317-20260718-15:48:02-5193,param,Florasat_Individual_Sats.terminal[21].dlk.mac,ttxIdle_max,,,15s
General-317-20260718-15:48:02-5193,attr,Florasat_Individual_Sats.terminal[21].dlk.mac,ttxIdle_max,unit,s,
General-317-20260718-15:48:02-5193,param,Florasat_Individual_Sats.terminal[21].dlk.mac,Ntw,,,1
General-317-20260718-15:48:02-5193,param,Florasat_Individual_Sats.terminal[21].dlk.mac,Ntx,,,5
General-317-20260718-15:48:02-5193,param,Florasat_Individual_Sats.terminal[21].dlk.mac,enableSatDetect,,,false
General-317-20260718-15:48:02-5193,param,Florasat_Individual_Sats.terminal[21].dlk.mac,tsdStart_min,,,0s
General-317-20260718-15:48:02-5193,attr,Florasat_Individual_Sats.terminal[21].dlk.mac,tsdStart_min,unit,s,
General-317-20260718-15:48:02-5193,param,Florasat_Individual_Sats.terminal[21].dlk.mac,tsdStart_max,,,60s
General-317-20260718-15:48:02-5193,attr,Florasat_Individual_Sats.terminal[21].dlk.mac,tsdStart_max,unit,s,
General-317-20260718-15:48:02-5193,param,Florasat_Individual_Sats.terminal[21].dlk.mac,Ndetect,,,4
General-317-20260718-15:48:02-5193,param,Florasat_Individual_Sats.terminal[21].dlk.mac,NsdSync,,,2
General-317-20260718-15:48:02-5193,param,Florasat_Individual_Sats.terminal[21].dlk.mac,tsyncIdle,,,60s
General-317-20260718-15:48:02-5193,attr,Florasat_Individual_Sats.terminal[21].dlk.mac,tsyncIdle,unit,s,
General-317-20260718-15:48:02-5193,param,Florasat_Individual_Sats.terminal[21].dlk.mac,tsdIdle,,,240s
General-317-20260718-15:48:02-5193,attr,Florasat_Individual_Sats.terminal[21].dlk.mac,tsdIdle,unit,s,
General-317-20260718-15:48:02-5193,param,Florasat_Individual_Sats.terminal[21].dlk.mac,satelliteDetectionProbability,,,0.9
General-317-20260718-15:48:02-5193,param,Florasat_Individual_Sats.terminal[21].dlk.mac,minimumElevation,,,5
General-317-20260718-15:48:02-5193,param,Florasat_Individual_Sats.terminal[21].dlk.mac,detectInitialListen,,,0.33s
General-317-20260718-15:48:02-5193,attr,Florasat_Individual_Sats.terminal[21].dlk.mac,detectInitialListen,unit,s,
General-317-20260718-15:48:02-5193,param,Florasat_Individual_Sats.terminal[21].dlk.mac,detectSuccessExtraMin,,,0.075s
General-317-20260718-15:48:02-5193,attr,Florasat_Individual_Sats.terminal[21].dlk.mac,detectSuccessExtraMin,unit,s,
General-317-20260718-15:48:02-5193,param,Florasat_Individual_Sats.terminal[21].dlk.mac,detectSuccessExtraMax,,,1.67s
General-317-20260718-15:48:02-5193,attr,Florasat_Individual_Sats.terminal[21].dlk.mac,detectSuccessExtraMax,unit,s,
General-317-20260718-15:48:02-5193,param,Florasat_Individual_Sats.terminal[21].dlk.mac,detectMissExtra,,,1.67s
General-317-20260718-15:48:02-5193,attr,Florasat_Individual_Sats.terminal[21].dlk.mac,detectMissExtra,unit,s,
General-317-20260718-15:48:02-5193,param,Florasat_Individual_Sats.terminal[21].dlk.mac,LoRaSF,,,12
General-317-20260718-15:48:02-5193,param,Florasat_Individual_Sats.terminal[21].dlk.mac,LoRaTP,,,13
General-317-20260718-15:48:02-5193,param,Florasat_Individual_Sats.terminal[21].dlk.mac,LoRaCF,,,8.68e+08
General-317-20260718-15:48:02-5193,param,Florasat_Individual_Sats.terminal[21].dlk.mac,LoRaBW,,,125000
General-317-20260718-15:48:02-5193,param,Florasat_Individual_Sats.terminal[21].dlk.mac,LoRaCR,,,1
General-317-20260718-15:48:02-5193,param,Florasat_Individual_Sats.terminal[21].dlk.mac,useMLBox,,,true
General-317-20260718-15:48:02-5193,param,Florasat_Individual_Sats.terminal[21].dlk.mac,useMLBoxBiLSTM,,,false
General-317-20260718-15:48:02-5193,param,Florasat_Individual_Sats.terminal[21].dlk.mac,useAnalytical,,,false
General-317-20260718-15:48:02-5193,param,Florasat_Individual_Sats.terminal[21].dlk,typename,,,"""Nodes._10_Terminal._20_Data_Link.Ter_Dlk"""
General-317-20260718-15:48:02-5193,param,Florasat_Individual_Sats.terminal[21].net.routing,typename,,,"""Global.Base._30_Network.Ter_Null_Routing"""
General-317-20260718-15:48:02-5193,param,Florasat_Individual_Sats.terminal[21].net,typename,,,"""Nodes._10_Terminal._30_Network.Ter_Net"""
General-317-20260718-15:48:02-5193,param,Florasat_Individual_Sats.terminal[21].net,layerName,,,"""Ter_Net"""
General-317-20260718-15:48:02-5193,attr,Florasat_Individual_Sats.terminal[21].net,layerName,optional,,
General-317-20260718-15:48:02-5193,param,Florasat_Individual_Sats.terminal[21].net,routingType,,,"""Ter_Null_Routing"""
General-317-20260718-15:48:02-5193,param,Florasat_Individual_Sats.terminal[21].app,typename,,,"""Nodes._10_Terminal._40_Application.Ter_App"""
General-317-20260718-15:48:02-5193,param,Florasat_Individual_Sats.terminal[21].app,layerName,,,"""TerminalApplicationLayer"""
General-317-20260718-15:48:02-5193,attr,Florasat_Individual_Sats.terminal[21].app,layerName,optional,,
General-317-20260718-15:48:02-5193,param,Florasat_Individual_Sats.terminal[21].app,numberOfPacketsToSend,,,0
General-317-20260718-15:48:02-5193,param,Florasat_Individual_Sats.terminal[21].app,timeToFirstPacket,,,1s
General-317-20260718-15:48:02-5193,attr,Florasat_Individual_Sats.terminal[21].app,timeToFirstPacket,unit,s,
General-317-20260718-15:48:02-5193,param,Florasat_Individual_Sats.terminal[21].app,timeToNextPacket,,,115s
General-317-20260718-15:48:02-5193,attr,Florasat_Individual_Sats.terminal[21].app,timeToNextPacket,unit,s,
General-317-20260718-15:48:02-5193,param,Florasat_Individual_Sats.terminal[21].app,timeToResponse,,,30s
General-317-20260718-15:48:02-5193,attr,Florasat_Individual_Sats.terminal[21].app,timeToResponse,unit,s,
General-317-20260718-15:48:02-5193,param,Florasat_Individual_Sats.terminal[21].app,timeToRetry,,,10s
General-317-20260718-15:48:02-5193,attr,Florasat_Individual_Sats.terminal[21].app,timeToRetry,unit,s,
General-317-20260718-15:48:02-5193,param,Florasat_Individual_Sats.terminal[21].app,ackTimeout,,,7s
General-317-20260718-15:48:02-5193,attr,Florasat_Individual_Sats.terminal[21].app,ackTimeout,unit,s,
General-317-20260718-15:48:02-5193,param,Florasat_Individual_Sats.terminal[21].app,timer,,,1s
General-317-20260718-15:48:02-5193,attr,Florasat_Individual_Sats.terminal[21].app,timer,unit,s,
General-317-20260718-15:48:02-5193,param,Florasat_Individual_Sats.terminal[21].app,initialLoRaTP,,,14dBm
General-317-20260718-15:48:02-5193,attr,Florasat_Individual_Sats.terminal[21].app,initialLoRaTP,unit,dBm,
General-317-20260718-15:48:02-5193,param,Florasat_Individual_Sats.terminal[21].app,initialLoRaCF,,,8.68e+08Hz
General-317-20260718-15:48:02-5193,attr,Florasat_Individual_Sats.terminal[21].app,initialLoRaCF,unit,Hz,
General-317-20260718-15:48:02-5193,param,Florasat_Individual_Sats.terminal[21].app,initialLoRaSF,,,12
General-317-20260718-15:48:02-5193,param,Florasat_Individual_Sats.terminal[21].app,initialLoRaBW,,,125000Hz
General-317-20260718-15:48:02-5193,attr,Florasat_Individual_Sats.terminal[21].app,initialLoRaBW,unit,Hz,
General-317-20260718-15:48:02-5193,param,Florasat_Individual_Sats.terminal[21].app,initialLoRaCR,,,4
General-317-20260718-15:48:02-5193,param,Florasat_Individual_Sats.terminal[21].app,initialUseHeader,,,true
General-317-20260718-15:48:02-5193,param,Florasat_Individual_Sats.terminal[21].app,initialPingSlot,,,1
General-317-20260718-15:48:02-5193,param,Florasat_Individual_Sats.terminal[21].app,InitClassA,,,true
General-317-20260718-15:48:02-5193,param,Florasat_Individual_Sats.terminal[21].app,InitClassB,,,false
General-317-20260718-15:48:02-5193,param,Florasat_Individual_Sats.terminal[21].app,evaluateADRinNode,,,false
General-317-20260718-15:48:02-5193,param,Florasat_Individual_Sats.terminal[21].app,payloadSize,,,10B
General-317-20260718-15:48:02-5193,attr,Florasat_Individual_Sats.terminal[21].app,payloadSize,unit,B,
General-317-20260718-15:48:02-5193,param,Florasat_Individual_Sats.terminal[21].app,usingAck,,,true
General-317-20260718-15:48:02-5193,param,Florasat_Individual_Sats.terminal[21].app,numGroundLinks,,,40
General-317-20260718-15:48:02-5193,param,Florasat_Individual_Sats.terminal[21].app,maxHops,,,50
General-317-20260718-15:48:02-5193,param,Florasat_Individual_Sats.terminal[21].app,nroMaxAttempts,,,0
General-317-20260718-15:48:02-5193,param,Florasat_Individual_Sats.terminal[21].eng,typename,,,"""Nodes._10_Terminal._50_Energy.Ter_Ene"""
General-317-20260718-15:48:02-5193,param,Florasat_Individual_Sats.terminal[21].mob,typename,,,"""Nodes._10_Terminal._60_Mobility.Ter_Mob"""
General-317-20260718-15:48:02-5193,param,Florasat_Individual_Sats.terminal[21].mob,subjectModule,,,"""^"""
General-317-20260718-15:48:02-5193,param,Florasat_Individual_Sats.terminal[21].mob,coordinateSystemModule,,,""""""
General-317-20260718-15:48:02-5193,param,Florasat_Individual_Sats.terminal[21].mob,displayStringTextFormat,,,"""p: %p\nv: %v"""
General-317-20260718-15:48:02-5193,attr,Florasat_Individual_Sats.terminal[21].mob,displayStringTextFormat,mutable,,
General-317-20260718-15:48:02-5193,param,Florasat_Individual_Sats.terminal[21].mob,updateDisplayString,,,true
General-317-20260718-15:48:02-5193,param,Florasat_Individual_Sats.terminal[21].mob,constraintAreaMinX,,,-inf m
General-317-20260718-15:48:02-5193,attr,Florasat_Individual_Sats.terminal[21].mob,constraintAreaMinX,unit,m,
General-317-20260718-15:48:02-5193,param,Florasat_Individual_Sats.terminal[21].mob,constraintAreaMinY,,,-inf m
General-317-20260718-15:48:02-5193,attr,Florasat_Individual_Sats.terminal[21].mob,constraintAreaMinY,unit,m,
General-317-20260718-15:48:02-5193,param,Florasat_Individual_Sats.terminal[21].mob,constraintAreaMinZ,,,-inf m
General-317-20260718-15:48:02-5193,attr,Florasat_Individual_Sats.terminal[21].mob,constraintAreaMinZ,unit,m,
General-317-20260718-15:48:02-5193,param,Florasat_Individual_Sats.terminal[21].mob,constraintAreaMaxX,,,inf m
General-317-20260718-15:48:02-5193,attr,Florasat_Individual_Sats.terminal[21].mob,constraintAreaMaxX,unit,m,
General-317-20260718-15:48:02-5193,param,Florasat_Individual_Sats.terminal[21].mob,constraintAreaMaxY,,,inf m
General-317-20260718-15:48:02-5193,attr,Florasat_Individual_Sats.terminal[21].mob,constraintAreaMaxY,unit,m,
General-317-20260718-15:48:02-5193,param,Florasat_Individual_Sats.terminal[21].mob,constraintAreaMaxZ,,,inf m
General-317-20260718-15:48:02-5193,attr,Florasat_Individual_Sats.terminal[21].mob,constraintAreaMaxZ,unit,m,
General-317-20260718-15:48:02-5193,param,Florasat_Individual_Sats.terminal[21].mob,initialX,,,nan m
General-317-20260718-15:48:02-5193,attr,Florasat_Individual_Sats.terminal[21].mob,initialX,unit,m,
General-317-20260718-15:48:02-5193,param,Florasat_Individual_Sats.terminal[21].mob,initialY,,,nan m
General-317-20260718-15:48:02-5193,attr,Florasat_Individual_Sats.terminal[21].mob,initialY,unit,m,
General-317-20260718-15:48:02-5193,param,Florasat_Individual_Sats.terminal[21].mob,initialZ,,,0m
General-317-20260718-15:48:02-5193,attr,Florasat_Individual_Sats.terminal[21].mob,initialZ,unit,m,
General-317-20260718-15:48:02-5193,param,Florasat_Individual_Sats.terminal[21].mob,initialLatitude,,,nan deg
General-317-20260718-15:48:02-5193,attr,Florasat_Individual_Sats.terminal[21].mob,initialLatitude,unit,deg,
General-317-20260718-15:48:02-5193,param,Florasat_Individual_Sats.terminal[21].mob,initialLongitude,,,nan deg
General-317-20260718-15:48:02-5193,attr,Florasat_Individual_Sats.terminal[21].mob,initialLongitude,unit,deg,
General-317-20260718-15:48:02-5193,param,Florasat_Individual_Sats.terminal[21].mob,initialAltitude,,,0m
General-317-20260718-15:48:02-5193,attr,Florasat_Individual_Sats.terminal[21].mob,initialAltitude,unit,m,
General-317-20260718-15:48:02-5193,param,Florasat_Individual_Sats.terminal[21].mob,initialHeading,,,0deg
General-317-20260718-15:48:02-5193,attr,Florasat_Individual_Sats.terminal[21].mob,initialHeading,unit,deg,
General-317-20260718-15:48:02-5193,param,Florasat_Individual_Sats.terminal[21].mob,initialElevation,,,0deg
General-317-20260718-15:48:02-5193,attr,Florasat_Individual_Sats.terminal[21].mob,initialElevation,unit,deg,
General-317-20260718-15:48:02-5193,param,Florasat_Individual_Sats.terminal[21].mob,initialBank,,,0deg
General-317-20260718-15:48:02-5193,attr,Florasat_Individual_Sats.terminal[21].mob,initialBank,unit,deg,
General-317-20260718-15:48:02-5193,param,Florasat_Individual_Sats.terminal[21].mob,initFromDisplayString,,,false
General-317-20260718-15:48:02-5193,param,Florasat_Individual_Sats.terminal[21].mob,updateFromDisplayString,,,false
General-317-20260718-15:48:02-5193,param,Florasat_Individual_Sats.terminal[21].mob,centerLatitude,,,49.883
General-317-20260718-15:48:02-5193,param,Florasat_Individual_Sats.terminal[21].mob,centerLongitude,,,18.568
General-317-20260718-15:48:02-5193,param,Florasat_Individual_Sats.terminal[21].mob,deploymentRadius,,,200
General-317-20260718-15:48:02-5193,param,Florasat_Individual_Sats.terminal[21],typename,,,"""Nodes._10_Terminal.Terminal"""
General-317-20260718-15:48:02-5193,param,Florasat_Individual_Sats.terminal[21],layerName,,,"""Terminal"""
General-317-20260718-15:48:02-5193,attr,Florasat_Individual_Sats.terminal[21],layerName,optional,,
General-317-20260718-15:48:02-5193,param,Florasat_Individual_Sats.terminal[21],sendData,,,true
General-317-20260718-15:48:02-5193,attr,Florasat_Individual_Sats.terminal[21],sendData,mutable,,
General-317-20260718-15:48:02-5193,param,Florasat_Individual_Sats.terminal[21],dstGsOrDev,,,0
General-317-20260718-15:48:02-5193,param,Florasat_Individual_Sats.terminal[22].phy.radio.antenna,typename,,,"""inet.physicallayer.wireless.common.antenna.IsotropicAntenna"""
General-317-20260718-15:48:02-5193,param,Florasat_Individual_Sats.terminal[22].phy.radio.antenna,mobilityModule,,,"""^.^.^.mob"""
General-317-20260718-15:48:02-5193,param,Florasat_Individual_Sats.terminal[22].phy.radio.antenna,numAntennas,,,1
General-317-20260718-15:48:02-5193,param,Florasat_Individual_Sats.terminal[22].phy.radio.transmitter,typename,,,"""Global.Transceiver.LoRaTransmitter"""
General-317-20260718-15:48:02-5193,param,Florasat_Individual_Sats.terminal[22].phy.radio.transmitter,preambleDuration,,,0.001s
General-317-20260718-15:48:02-5193,attr,Florasat_Individual_Sats.terminal[22].phy.radio.transmitter,preambleDuration,unit,s,
General-317-20260718-15:48:02-5193,param,Florasat_Individual_Sats.terminal[22].phy.radio.transmitter,headerLength,,,40b
General-317-20260718-15:48:02-5193,attr,Florasat_Individual_Sats.terminal[22].phy.radio.transmitter,headerLength,unit,b,
General-317-20260718-15:48:02-5193,param,Florasat_Individual_Sats.terminal[22].phy.radio.transmitter,bitrate,,,250000bps
General-317-20260718-15:48:02-5193,attr,Florasat_Individual_Sats.terminal[22].phy.radio.transmitter,bitrate,unit,bps,
General-317-20260718-15:48:02-5193,param,Florasat_Individual_Sats.terminal[22].phy.radio.transmitter,power,,,0.025118W
General-317-20260718-15:48:02-5193,attr,Florasat_Individual_Sats.terminal[22].phy.radio.transmitter,power,unit,W,
General-317-20260718-15:48:02-5193,param,Florasat_Individual_Sats.terminal[22].phy.radio.transmitter,centerFrequency,,,8.68e+08Hz
General-317-20260718-15:48:02-5193,attr,Florasat_Individual_Sats.terminal[22].phy.radio.transmitter,centerFrequency,unit,Hz,
General-317-20260718-15:48:02-5193,param,Florasat_Individual_Sats.terminal[22].phy.radio.transmitter,bandwidth,,,250000Hz
General-317-20260718-15:48:02-5193,attr,Florasat_Individual_Sats.terminal[22].phy.radio.transmitter,bandwidth,unit,Hz,
General-317-20260718-15:48:02-5193,param,Florasat_Individual_Sats.terminal[22].phy.radio.transmitter,codeRate,,,1
General-317-20260718-15:48:02-5193,param,Florasat_Individual_Sats.terminal[22].phy.radio.transmitter,modulation,,,"""LoRaModulation"""
General-317-20260718-15:48:02-5193,param,Florasat_Individual_Sats.terminal[22].phy.radio.receiver,typename,,,"""Global.Transceiver.LoRaReceiver"""
General-317-20260718-15:48:02-5193,param,Florasat_Individual_Sats.terminal[22].phy.radio.receiver,energyDetection,,,-90dBm
General-317-20260718-15:48:02-5193,attr,Florasat_Individual_Sats.terminal[22].phy.radio.receiver,energyDetection,unit,dBm,
General-317-20260718-15:48:02-5193,param,Florasat_Individual_Sats.terminal[22].phy.radio.receiver,sensitivity,,,-137dBm
General-317-20260718-15:48:02-5193,attr,Florasat_Individual_Sats.terminal[22].phy.radio.receiver,sensitivity,unit,dBm,
General-317-20260718-15:48:02-5193,param,Florasat_Individual_Sats.terminal[22].phy.radio.receiver,snirThreshold,,,-8dB
General-317-20260718-15:48:02-5193,attr,Florasat_Individual_Sats.terminal[22].phy.radio.receiver,snirThreshold,unit,dB,
General-317-20260718-15:48:02-5193,param,Florasat_Individual_Sats.terminal[22].phy.radio.receiver,centerFrequency,,,8.68e+08Hz
General-317-20260718-15:48:02-5193,attr,Florasat_Individual_Sats.terminal[22].phy.radio.receiver,centerFrequency,unit,Hz,
General-317-20260718-15:48:02-5193,param,Florasat_Individual_Sats.terminal[22].phy.radio.receiver,bandwidth,,,250000Hz
General-317-20260718-15:48:02-5193,attr,Florasat_Individual_Sats.terminal[22].phy.radio.receiver,bandwidth,unit,Hz,
General-317-20260718-15:48:02-5193,param,Florasat_Individual_Sats.terminal[22].phy.radio.receiver,alohaChannelModel,,,false
General-317-20260718-15:48:02-5193,param,Florasat_Individual_Sats.terminal[22].phy.radio.receiver,errorModelType,,,""""""
General-317-20260718-15:48:02-5193,param,Florasat_Individual_Sats.terminal[22].phy.radio.receiver,ignoreInterference,,,false
General-317-20260718-15:48:02-5193,param,Florasat_Individual_Sats.terminal[22].phy.radio.receiver,enableCollisionOverlap,,,false
General-317-20260718-15:48:02-5193,param,Florasat_Individual_Sats.terminal[22].phy.radio.receiver,minCollisionOverlap,,,0s
General-317-20260718-15:48:02-5193,attr,Florasat_Individual_Sats.terminal[22].phy.radio.receiver,minCollisionOverlap,unit,s,
General-317-20260718-15:48:02-5193,param,Florasat_Individual_Sats.terminal[22].phy.radio.IdealEpEnergyStorage,typename,,,"""inet.power.storage.IdealEpEnergyStorage"""
General-317-20260718-15:48:02-5193,param,Florasat_Individual_Sats.terminal[22].phy.radio,typename,,,"""Nodes._10_Terminal._10_Physical.Ter_Phy_LoRaRadio"""
General-317-20260718-15:48:02-5193,param,Florasat_Individual_Sats.terminal[22].phy.radio,radioMediumModule,,,"""radioMedium"""
General-317-20260718-15:48:02-5193,param,Florasat_Individual_Sats.terminal[22].phy.radio,energySourceModule,,,""""""
General-317-20260718-15:48:02-5193,param,Florasat_Individual_Sats.terminal[22].phy.radio,initialRadioMode,,,"""off"""
General-317-20260718-15:48:02-5193,attr,Florasat_Individual_Sats.terminal[22].phy.radio,initialRadioMode,enum,"off,sleep,receiver,transmitter,transceiver",
General-317-20260718-15:48:02-5193,param,Florasat_Individual_Sats.terminal[22].phy.radio,switchingTimes,,,"""ms 0 0 0 0 0 0 0 0 0 0 0 0 0 0 0 0 0 0 0 0 0 0 0 0 0"""
General-317-20260718-15:48:02-5193,param,Florasat_Individual_Sats.terminal[22].phy.radio,sendRawBytes,,,false
General-317-20260718-15:48:02-5193,param,Florasat_Individual_Sats.terminal[22].phy.radio,separateTransmissionParts,,,false
General-317-20260718-15:48:02-5193,param,Florasat_Individual_Sats.terminal[22].phy.radio,separateReceptionParts,,,false
General-317-20260718-15:48:02-5193,param,Florasat_Individual_Sats.terminal[22].phy.radio,displayCommunicationRange,,,false
General-317-20260718-15:48:02-5193,param,Florasat_Individual_Sats.terminal[22].phy.radio,displayInterferenceRange,,,false
General-317-20260718-15:48:02-5193,param,Florasat_Individual_Sats.terminal[22].phy.radio,centerFrequency,,,8.68e+08Hz
General-317-20260718-15:48:02-5193,attr,Florasat_Individual_Sats.terminal[22].phy.radio,centerFrequency,unit,Hz,
General-317-20260718-15:48:02-5193,param,Florasat_Individual_Sats.terminal[22].phy.radio,bandwidth,,,250000Hz
General-317-20260718-15:48:02-5193,attr,Florasat_Individual_Sats.terminal[22].phy.radio,bandwidth,unit,Hz,
General-317-20260718-15:48:02-5193,param,Florasat_Individual_Sats.terminal[22].phy.radio,iAmGateway,,,false
General-317-20260718-15:48:02-5193,param,Florasat_Individual_Sats.terminal[22].phy,typename,,,"""Nodes._10_Terminal._10_Physical.Ter_Phy"""
General-317-20260718-15:48:02-5193,param,Florasat_Individual_Sats.terminal[22].phy,layerName,,,"""Ter_Phy"""
General-317-20260718-15:48:02-5193,attr,Florasat_Individual_Sats.terminal[22].phy,layerName,optional,,
General-317-20260718-15:48:02-5193,param,Florasat_Individual_Sats.terminal[22].dlk.mac.queue,typename,,,"""inet.queueing.queue.DropTailQueue"""
General-317-20260718-15:48:02-5193,param,Florasat_Individual_Sats.terminal[22].dlk.mac.queue,displayStringTextFormat,,,"""contains %p pk (%l) pushed %u\npulled %o removed %r dropped %d"""
General-317-20260718-15:48:02-5193,param,Florasat_Individual_Sats.terminal[22].dlk.mac.queue,packetCapacity,,,-1
General-317-20260718-15:48:02-5193,param,Florasat_Individual_Sats.terminal[22].dlk.mac.queue,dataCapacity,,,-1b
General-317-20260718-15:48:02-5193,attr,Florasat_Individual_Sats.terminal[22].dlk.mac.queue,dataCapacity,unit,b,
General-317-20260718-15:48:02-5193,param,Florasat_Individual_Sats.terminal[22].dlk.mac.queue,dropperClass,,,"""inet::queueing::PacketAtCollectionEndDropper"""
General-317-20260718-15:48:02-5193,param,Florasat_Individual_Sats.terminal[22].dlk.mac.queue,comparatorClass,,,""""""
General-317-20260718-15:48:02-5193,param,Florasat_Individual_Sats.terminal[22].dlk.mac.queue,bufferModule,,,""""""
General-317-20260718-15:48:02-5193,param,Florasat_Individual_Sats.terminal[22].dlk.mac.mlBox,typename,,,"""Nodes._10_Terminal._20_Data_Link.Transmission_Predictor.Transmission_Predictor"""
General-317-20260718-15:48:02-5193,param,Florasat_Individual_Sats.terminal[22].dlk.mac.mlBox,modelPath,,,"""/home/ylnner/Documents/omnet++/omnetpp-6.3.0/projects/florasat_v4_ult_routing/simulations/Test_Individual/mlmodels/transformer_scripted.pt"""
General-317-20260718-15:48:02-5193,param,Florasat_Individual_Sats.terminal[22].dlk.mac.mlBox,threshold,,,0.2
General-317-20260718-15:48:02-5193,param,Florasat_Individual_Sats.terminal[22].dlk.mac.mlBox,scalerPath,,,""""""
General-317-20260718-15:48:02-5193,param,Florasat_Individual_Sats.terminal[22].dlk.mac,typename,,,"""Nodes._10_Terminal._20_Data_Link.Ter_Dlk_KiWan"""
General-317-20260718-15:48:02-5193,param,Florasat_Individual_Sats.terminal[22].dlk.mac,interfaceTableModule,,,""""""
General-317-20260718-15:48:02-5193,param,Florasat_Individual_Sats.terminal[22].dlk.mac,radioModule,,,"""^.^.phy.radio"""
General-317-20260718-15:48:02-5193,param,Florasat_Individual_Sats.terminal[22].dlk.mac,address,,,"""0A-AA-00-00-00-17"""
General-317-20260718-15:48:02-5193,attr,Florasat_Individual_Sats.terminal[22].dlk.mac,address,mutable,,
General-317-20260718-15:48:02-5193,param,Florasat_Individual_Sats.terminal[22].dlk.mac,mtu,,,1500
General-317-20260718-15:48:02-5193,param,Florasat_Individual_Sats.terminal[22].dlk.mac,ttwDuration,,,100s
General-317-20260718-15:48:02-5193,attr,Florasat_Individual_Sats.terminal[22].dlk.mac,ttwDuration,unit,s,
General-317-20260718-15:48:02-5193,param,Florasat_Individual_Sats.terminal[22].dlk.mac,ttwIdle,,,0s
General-317-20260718-15:48:02-5193,attr,Florasat_Individual_Sats.terminal[22].dlk.mac,ttwIdle,unit,s,
General-317-20260718-15:48:02-5193,param,Florasat_Individual_Sats.terminal[22].dlk.mac,ttxStart_min,,,0s
General-317-20260718-15:48:02-5193,attr,Florasat_Individual_Sats.terminal[22].dlk.mac,ttxStart_min,unit,s,
General-317-20260718-15:48:02-5193,param,Florasat_Individual_Sats.terminal[22].dlk.mac,ttxStart_max,,,1s
General-317-20260718-15:48:02-5193,attr,Florasat_Individual_Sats.terminal[22].dlk.mac,ttxStart_max,unit,s,
General-317-20260718-15:48:02-5193,param,Florasat_Individual_Sats.terminal[22].dlk.mac,ttxIdle_min,,,10s
General-317-20260718-15:48:02-5193,attr,Florasat_Individual_Sats.terminal[22].dlk.mac,ttxIdle_min,unit,s,
General-317-20260718-15:48:02-5193,param,Florasat_Individual_Sats.terminal[22].dlk.mac,ttxIdle_max,,,15s
General-317-20260718-15:48:02-5193,attr,Florasat_Individual_Sats.terminal[22].dlk.mac,ttxIdle_max,unit,s,
General-317-20260718-15:48:02-5193,param,Florasat_Individual_Sats.terminal[22].dlk.mac,Ntw,,,1
General-317-20260718-15:48:02-5193,param,Florasat_Individual_Sats.terminal[22].dlk.mac,Ntx,,,5
General-317-20260718-15:48:02-5193,param,Florasat_Individual_Sats.terminal[22].dlk.mac,enableSatDetect,,,false
General-317-20260718-15:48:02-5193,param,Florasat_Individual_Sats.terminal[22].dlk.mac,tsdStart_min,,,0s
General-317-20260718-15:48:02-5193,attr,Florasat_Individual_Sats.terminal[22].dlk.mac,tsdStart_min,unit,s,
General-317-20260718-15:48:02-5193,param,Florasat_Individual_Sats.terminal[22].dlk.mac,tsdStart_max,,,60s
General-317-20260718-15:48:02-5193,attr,Florasat_Individual_Sats.terminal[22].dlk.mac,tsdStart_max,unit,s,
General-317-20260718-15:48:02-5193,param,Florasat_Individual_Sats.terminal[22].dlk.mac,Ndetect,,,4
General-317-20260718-15:48:02-5193,param,Florasat_Individual_Sats.terminal[22].dlk.mac,NsdSync,,,2
General-317-20260718-15:48:02-5193,param,Florasat_Individual_Sats.terminal[22].dlk.mac,tsyncIdle,,,60s
General-317-20260718-15:48:02-5193,attr,Florasat_Individual_Sats.terminal[22].dlk.mac,tsyncIdle,unit,s,
General-317-20260718-15:48:02-5193,param,Florasat_Individual_Sats.terminal[22].dlk.mac,tsdIdle,,,240s
General-317-20260718-15:48:02-5193,attr,Florasat_Individual_Sats.terminal[22].dlk.mac,tsdIdle,unit,s,
General-317-20260718-15:48:02-5193,param,Florasat_Individual_Sats.terminal[22].dlk.mac,satelliteDetectionProbability,,,0.9
General-317-20260718-15:48:02-5193,param,Florasat_Individual_Sats.terminal[22].dlk.mac,minimumElevation,,,5
General-317-20260718-15:48:02-5193,param,Florasat_Individual_Sats.terminal[22].dlk.mac,detectInitialListen,,,0.33s
General-317-20260718-15:48:02-5193,attr,Florasat_Individual_Sats.terminal[22].dlk.mac,detectInitialListen,unit,s,
General-317-20260718-15:48:02-5193,param,Florasat_Individual_Sats.terminal[22].dlk.mac,detectSuccessExtraMin,,,0.075s
General-317-20260718-15:48:02-5193,attr,Florasat_Individual_Sats.terminal[22].dlk.mac,detectSuccessExtraMin,unit,s,
General-317-20260718-15:48:02-5193,param,Florasat_Individual_Sats.terminal[22].dlk.mac,detectSuccessExtraMax,,,1.67s
General-317-20260718-15:48:02-5193,attr,Florasat_Individual_Sats.terminal[22].dlk.mac,detectSuccessExtraMax,unit,s,
General-317-20260718-15:48:02-5193,param,Florasat_Individual_Sats.terminal[22].dlk.mac,detectMissExtra,,,1.67s
General-317-20260718-15:48:02-5193,attr,Florasat_Individual_Sats.terminal[22].dlk.mac,detectMissExtra,unit,s,
General-317-20260718-15:48:02-5193,param,Florasat_Individual_Sats.terminal[22].dlk.mac,LoRaSF,,,11
General-317-20260718-15:48:02-5193,param,Florasat_Individual_Sats.terminal[22].dlk.mac,LoRaTP,,,13
General-317-20260718-15:48:02-5193,param,Florasat_Individual_Sats.terminal[22].dlk.mac,LoRaCF,,,8.68e+08
General-317-20260718-15:48:02-5193,param,Florasat_Individual_Sats.terminal[22].dlk.mac,LoRaBW,,,125000
General-317-20260718-15:48:02-5193,param,Florasat_Individual_Sats.terminal[22].dlk.mac,LoRaCR,,,1
General-317-20260718-15:48:02-5193,param,Florasat_Individual_Sats.terminal[22].dlk.mac,useMLBox,,,true
General-317-20260718-15:48:02-5193,param,Florasat_Individual_Sats.terminal[22].dlk.mac,useMLBoxBiLSTM,,,false
General-317-20260718-15:48:02-5193,param,Florasat_Individual_Sats.terminal[22].dlk.mac,useAnalytical,,,false
General-317-20260718-15:48:02-5193,param,Florasat_Individual_Sats.terminal[22].dlk,typename,,,"""Nodes._10_Terminal._20_Data_Link.Ter_Dlk"""
General-317-20260718-15:48:02-5193,param,Florasat_Individual_Sats.terminal[22].net.routing,typename,,,"""Global.Base._30_Network.Ter_Null_Routing"""
General-317-20260718-15:48:02-5193,param,Florasat_Individual_Sats.terminal[22].net,typename,,,"""Nodes._10_Terminal._30_Network.Ter_Net"""
General-317-20260718-15:48:02-5193,param,Florasat_Individual_Sats.terminal[22].net,layerName,,,"""Ter_Net"""
General-317-20260718-15:48:02-5193,attr,Florasat_Individual_Sats.terminal[22].net,layerName,optional,,
General-317-20260718-15:48:02-5193,param,Florasat_Individual_Sats.terminal[22].net,routingType,,,"""Ter_Null_Routing"""
General-317-20260718-15:48:02-5193,param,Florasat_Individual_Sats.terminal[22].app,typename,,,"""Nodes._10_Terminal._40_Application.Ter_App"""
General-317-20260718-15:48:02-5193,param,Florasat_Individual_Sats.terminal[22].app,layerName,,,"""TerminalApplicationLayer"""
General-317-20260718-15:48:02-5193,attr,Florasat_Individual_Sats.terminal[22].app,layerName,optional,,
General-317-20260718-15:48:02-5193,param,Florasat_Individual_Sats.terminal[22].app,numberOfPacketsToSend,,,0
General-317-20260718-15:48:02-5193,param,Florasat_Individual_Sats.terminal[22].app,timeToFirstPacket,,,1s
General-317-20260718-15:48:02-5193,attr,Florasat_Individual_Sats.terminal[22].app,timeToFirstPacket,unit,s,
General-317-20260718-15:48:02-5193,param,Florasat_Individual_Sats.terminal[22].app,timeToNextPacket,,,115s
General-317-20260718-15:48:02-5193,attr,Florasat_Individual_Sats.terminal[22].app,timeToNextPacket,unit,s,
General-317-20260718-15:48:02-5193,param,Florasat_Individual_Sats.terminal[22].app,timeToResponse,,,30s
General-317-20260718-15:48:02-5193,attr,Florasat_Individual_Sats.terminal[22].app,timeToResponse,unit,s,
General-317-20260718-15:48:02-5193,param,Florasat_Individual_Sats.terminal[22].app,timeToRetry,,,10s
General-317-20260718-15:48:02-5193,attr,Florasat_Individual_Sats.terminal[22].app,timeToRetry,unit,s,
General-317-20260718-15:48:02-5193,param,Florasat_Individual_Sats.terminal[22].app,ackTimeout,,,7s
General-317-20260718-15:48:02-5193,attr,Florasat_Individual_Sats.terminal[22].app,ackTimeout,unit,s,
General-317-20260718-15:48:02-5193,param,Florasat_Individual_Sats.terminal[22].app,timer,,,1s
General-317-20260718-15:48:02-5193,attr,Florasat_Individual_Sats.terminal[22].app,timer,unit,s,
General-317-20260718-15:48:02-5193,param,Florasat_Individual_Sats.terminal[22].app,initialLoRaTP,,,14dBm
General-317-20260718-15:48:02-5193,attr,Florasat_Individual_Sats.terminal[22].app,initialLoRaTP,unit,dBm,
General-317-20260718-15:48:02-5193,param,Florasat_Individual_Sats.terminal[22].app,initialLoRaCF,,,8.68e+08Hz
General-317-20260718-15:48:02-5193,attr,Florasat_Individual_Sats.terminal[22].app,initialLoRaCF,unit,Hz,
General-317-20260718-15:48:02-5193,param,Florasat_Individual_Sats.terminal[22].app,initialLoRaSF,,,12
General-317-20260718-15:48:02-5193,param,Florasat_Individual_Sats.terminal[22].app,initialLoRaBW,,,125000Hz
General-317-20260718-15:48:02-5193,attr,Florasat_Individual_Sats.terminal[22].app,initialLoRaBW,unit,Hz,
General-317-20260718-15:48:02-5193,param,Florasat_Individual_Sats.terminal[22].app,initialLoRaCR,,,4
General-317-20260718-15:48:02-5193,param,Florasat_Individual_Sats.terminal[22].app,initialUseHeader,,,true
General-317-20260718-15:48:02-5193,param,Florasat_Individual_Sats.terminal[22].app,initialPingSlot,,,1
General-317-20260718-15:48:02-5193,param,Florasat_Individual_Sats.terminal[22].app,InitClassA,,,true
General-317-20260718-15:48:02-5193,param,Florasat_Individual_Sats.terminal[22].app,InitClassB,,,false
General-317-20260718-15:48:02-5193,param,Florasat_Individual_Sats.terminal[22].app,evaluateADRinNode,,,false
General-317-20260718-15:48:02-5193,param,Florasat_Individual_Sats.terminal[22].app,payloadSize,,,10B
General-317-20260718-15:48:02-5193,attr,Florasat_Individual_Sats.terminal[22].app,payloadSize,unit,B,
General-317-20260718-15:48:02-5193,param,Florasat_Individual_Sats.terminal[22].app,usingAck,,,true
General-317-20260718-15:48:02-5193,param,Florasat_Individual_Sats.terminal[22].app,numGroundLinks,,,40
General-317-20260718-15:48:02-5193,param,Florasat_Individual_Sats.terminal[22].app,maxHops,,,50
General-317-20260718-15:48:02-5193,param,Florasat_Individual_Sats.terminal[22].app,nroMaxAttempts,,,0
General-317-20260718-15:48:02-5193,param,Florasat_Individual_Sats.terminal[22].eng,typename,,,"""Nodes._10_Terminal._50_Energy.Ter_Ene"""
General-317-20260718-15:48:02-5193,param,Florasat_Individual_Sats.terminal[22].mob,typename,,,"""Nodes._10_Terminal._60_Mobility.Ter_Mob"""
General-317-20260718-15:48:02-5193,param,Florasat_Individual_Sats.terminal[22].mob,subjectModule,,,"""^"""
General-317-20260718-15:48:02-5193,param,Florasat_Individual_Sats.terminal[22].mob,coordinateSystemModule,,,""""""
General-317-20260718-15:48:02-5193,param,Florasat_Individual_Sats.terminal[22].mob,displayStringTextFormat,,,"""p: %p\nv: %v"""
General-317-20260718-15:48:02-5193,attr,Florasat_Individual_Sats.terminal[22].mob,displayStringTextFormat,mutable,,
General-317-20260718-15:48:02-5193,param,Florasat_Individual_Sats.terminal[22].mob,updateDisplayString,,,true
General-317-20260718-15:48:02-5193,param,Florasat_Individual_Sats.terminal[22].mob,constraintAreaMinX,,,-inf m
General-317-20260718-15:48:02-5193,attr,Florasat_Individual_Sats.terminal[22].mob,constraintAreaMinX,unit,m,
General-317-20260718-15:48:02-5193,param,Florasat_Individual_Sats.terminal[22].mob,constraintAreaMinY,,,-inf m
General-317-20260718-15:48:02-5193,attr,Florasat_Individual_Sats.terminal[22].mob,constraintAreaMinY,unit,m,
General-317-20260718-15:48:02-5193,param,Florasat_Individual_Sats.terminal[22].mob,constraintAreaMinZ,,,-inf m
General-317-20260718-15:48:02-5193,attr,Florasat_Individual_Sats.terminal[22].mob,constraintAreaMinZ,unit,m,
General-317-20260718-15:48:02-5193,param,Florasat_Individual_Sats.terminal[22].mob,constraintAreaMaxX,,,inf m
General-317-20260718-15:48:02-5193,attr,Florasat_Individual_Sats.terminal[22].mob,constraintAreaMaxX,unit,m,
General-317-20260718-15:48:02-5193,param,Florasat_Individual_Sats.terminal[22].mob,constraintAreaMaxY,,,inf m
General-317-20260718-15:48:02-5193,attr,Florasat_Individual_Sats.terminal[22].mob,constraintAreaMaxY,unit,m,
General-317-20260718-15:48:02-5193,param,Florasat_Individual_Sats.terminal[22].mob,constraintAreaMaxZ,,,inf m
General-317-20260718-15:48:02-5193,attr,Florasat_Individual_Sats.terminal[22].mob,constraintAreaMaxZ,unit,m,
General-317-20260718-15:48:02-5193,param,Florasat_Individual_Sats.terminal[22].mob,initialX,,,nan m
General-317-20260718-15:48:02-5193,attr,Florasat_Individual_Sats.terminal[22].mob,initialX,unit,m,
General-317-20260718-15:48:02-5193,param,Florasat_Individual_Sats.terminal[22].mob,initialY,,,nan m
General-317-20260718-15:48:02-5193,attr,Florasat_Individual_Sats.terminal[22].mob,initialY,unit,m,
General-317-20260718-15:48:02-5193,param,Florasat_Individual_Sats.terminal[22].mob,initialZ,,,0m
General-317-20260718-15:48:02-5193,attr,Florasat_Individual_Sats.terminal[22].mob,initialZ,unit,m,
General-317-20260718-15:48:02-5193,param,Florasat_Individual_Sats.terminal[22].mob,initialLatitude,,,nan deg
General-317-20260718-15:48:02-5193,attr,Florasat_Individual_Sats.terminal[22].mob,initialLatitude,unit,deg,
General-317-20260718-15:48:02-5193,param,Florasat_Individual_Sats.terminal[22].mob,initialLongitude,,,nan deg
General-317-20260718-15:48:02-5193,attr,Florasat_Individual_Sats.terminal[22].mob,initialLongitude,unit,deg,
General-317-20260718-15:48:02-5193,param,Florasat_Individual_Sats.terminal[22].mob,initialAltitude,,,0m
General-317-20260718-15:48:02-5193,attr,Florasat_Individual_Sats.terminal[22].mob,initialAltitude,unit,m,
General-317-20260718-15:48:02-5193,param,Florasat_Individual_Sats.terminal[22].mob,initialHeading,,,0deg
General-317-20260718-15:48:02-5193,attr,Florasat_Individual_Sats.terminal[22].mob,initialHeading,unit,deg,
General-317-20260718-15:48:02-5193,param,Florasat_Individual_Sats.terminal[22].mob,initialElevation,,,0deg
General-317-20260718-15:48:02-5193,attr,Florasat_Individual_Sats.terminal[22].mob,initialElevation,unit,deg,
General-317-20260718-15:48:02-5193,param,Florasat_Individual_Sats.terminal[22].mob,initialBank,,,0deg
General-317-20260718-15:48:02-5193,attr,Florasat_Individual_Sats.terminal[22].mob,initialBank,unit,deg,
General-317-20260718-15:48:02-5193,param,Florasat_Individual_Sats.terminal[22].mob,initFromDisplayString,,,false
General-317-20260718-15:48:02-5193,param,Florasat_Individual_Sats.terminal[22].mob,updateFromDisplayString,,,false
General-317-20260718-15:48:02-5193,param,Florasat_Individual_Sats.terminal[22].mob,centerLatitude,,,47.531
General-317-20260718-15:48:02-5193,param,Florasat_Individual_Sats.terminal[22].mob,centerLongitude,,,21.627
General-317-20260718-15:48:02-5193,param,Florasat_Individual_Sats.terminal[22].mob,deploymentRadius,,,200
General-317-20260718-15:48:02-5193,param,Florasat_Individual_Sats.terminal[22],typename,,,"""Nodes._10_Terminal.Terminal"""
General-317-20260718-15:48:02-5193,param,Florasat_Individual_Sats.terminal[22],layerName,,,"""Terminal"""
General-317-20260718-15:48:02-5193,attr,Florasat_Individual_Sats.terminal[22],layerName,optional,,
General-317-20260718-15:48:02-5193,param,Florasat_Individual_Sats.terminal[22],sendData,,,true
General-317-20260718-15:48:02-5193,attr,Florasat_Individual_Sats.terminal[22],sendData,mutable,,
General-317-20260718-15:48:02-5193,param,Florasat_Individual_Sats.terminal[22],dstGsOrDev,,,0
General-317-20260718-15:48:02-5193,param,Florasat_Individual_Sats.terminal[23].phy.radio.antenna,typename,,,"""inet.physicallayer.wireless.common.antenna.IsotropicAntenna"""
General-317-20260718-15:48:02-5193,param,Florasat_Individual_Sats.terminal[23].phy.radio.antenna,mobilityModule,,,"""^.^.^.mob"""
General-317-20260718-15:48:02-5193,param,Florasat_Individual_Sats.terminal[23].phy.radio.antenna,numAntennas,,,1
General-317-20260718-15:48:02-5193,param,Florasat_Individual_Sats.terminal[23].phy.radio.transmitter,typename,,,"""Global.Transceiver.LoRaTransmitter"""
General-317-20260718-15:48:02-5193,param,Florasat_Individual_Sats.terminal[23].phy.radio.transmitter,preambleDuration,,,0.001s
General-317-20260718-15:48:02-5193,attr,Florasat_Individual_Sats.terminal[23].phy.radio.transmitter,preambleDuration,unit,s,
General-317-20260718-15:48:02-5193,param,Florasat_Individual_Sats.terminal[23].phy.radio.transmitter,headerLength,,,40b
General-317-20260718-15:48:02-5193,attr,Florasat_Individual_Sats.terminal[23].phy.radio.transmitter,headerLength,unit,b,
General-317-20260718-15:48:02-5193,param,Florasat_Individual_Sats.terminal[23].phy.radio.transmitter,bitrate,,,250000bps
General-317-20260718-15:48:02-5193,attr,Florasat_Individual_Sats.terminal[23].phy.radio.transmitter,bitrate,unit,bps,
General-317-20260718-15:48:02-5193,param,Florasat_Individual_Sats.terminal[23].phy.radio.transmitter,power,,,0.025118W
General-317-20260718-15:48:02-5193,attr,Florasat_Individual_Sats.terminal[23].phy.radio.transmitter,power,unit,W,
General-317-20260718-15:48:02-5193,param,Florasat_Individual_Sats.terminal[23].phy.radio.transmitter,centerFrequency,,,8.68e+08Hz
General-317-20260718-15:48:02-5193,attr,Florasat_Individual_Sats.terminal[23].phy.radio.transmitter,centerFrequency,unit,Hz,
General-317-20260718-15:48:02-5193,param,Florasat_Individual_Sats.terminal[23].phy.radio.transmitter,bandwidth,,,250000Hz
General-317-20260718-15:48:02-5193,attr,Florasat_Individual_Sats.terminal[23].phy.radio.transmitter,bandwidth,unit,Hz,
General-317-20260718-15:48:02-5193,param,Florasat_Individual_Sats.terminal[23].phy.radio.transmitter,codeRate,,,1
General-317-20260718-15:48:02-5193,param,Florasat_Individual_Sats.terminal[23].phy.radio.transmitter,modulation,,,"""LoRaModulation"""
General-317-20260718-15:48:02-5193,param,Florasat_Individual_Sats.terminal[23].phy.radio.receiver,typename,,,"""Global.Transceiver.LoRaReceiver"""
General-317-20260718-15:48:02-5193,param,Florasat_Individual_Sats.terminal[23].phy.radio.receiver,energyDetection,,,-90dBm
General-317-20260718-15:48:02-5193,attr,Florasat_Individual_Sats.terminal[23].phy.radio.receiver,energyDetection,unit,dBm,
General-317-20260718-15:48:02-5193,param,Florasat_Individual_Sats.terminal[23].phy.radio.receiver,sensitivity,,,-137dBm
General-317-20260718-15:48:02-5193,attr,Florasat_Individual_Sats.terminal[23].phy.radio.receiver,sensitivity,unit,dBm,
General-317-20260718-15:48:02-5193,param,Florasat_Individual_Sats.terminal[23].phy.radio.receiver,snirThreshold,,,-8dB
General-317-20260718-15:48:02-5193,attr,Florasat_Individual_Sats.terminal[23].phy.radio.receiver,snirThreshold,unit,dB,
General-317-20260718-15:48:02-5193,param,Florasat_Individual_Sats.terminal[23].phy.radio.receiver,centerFrequency,,,8.68e+08Hz
General-317-20260718-15:48:02-5193,attr,Florasat_Individual_Sats.terminal[23].phy.radio.receiver,centerFrequency,unit,Hz,
General-317-20260718-15:48:02-5193,param,Florasat_Individual_Sats.terminal[23].phy.radio.receiver,bandwidth,,,250000Hz
General-317-20260718-15:48:02-5193,attr,Florasat_Individual_Sats.terminal[23].phy.radio.receiver,bandwidth,unit,Hz,
General-317-20260718-15:48:02-5193,param,Florasat_Individual_Sats.terminal[23].phy.radio.receiver,alohaChannelModel,,,false
General-317-20260718-15:48:02-5193,param,Florasat_Individual_Sats.terminal[23].phy.radio.receiver,errorModelType,,,""""""
General-317-20260718-15:48:02-5193,param,Florasat_Individual_Sats.terminal[23].phy.radio.receiver,ignoreInterference,,,false
General-317-20260718-15:48:02-5193,param,Florasat_Individual_Sats.terminal[23].phy.radio.receiver,enableCollisionOverlap,,,false
General-317-20260718-15:48:02-5193,param,Florasat_Individual_Sats.terminal[23].phy.radio.receiver,minCollisionOverlap,,,0s
General-317-20260718-15:48:02-5193,attr,Florasat_Individual_Sats.terminal[23].phy.radio.receiver,minCollisionOverlap,unit,s,
General-317-20260718-15:48:02-5193,param,Florasat_Individual_Sats.terminal[23].phy.radio.IdealEpEnergyStorage,typename,,,"""inet.power.storage.IdealEpEnergyStorage"""
General-317-20260718-15:48:02-5193,param,Florasat_Individual_Sats.terminal[23].phy.radio,typename,,,"""Nodes._10_Terminal._10_Physical.Ter_Phy_LoRaRadio"""
General-317-20260718-15:48:02-5193,param,Florasat_Individual_Sats.terminal[23].phy.radio,radioMediumModule,,,"""radioMedium"""
General-317-20260718-15:48:02-5193,param,Florasat_Individual_Sats.terminal[23].phy.radio,energySourceModule,,,""""""
General-317-20260718-15:48:02-5193,param,Florasat_Individual_Sats.terminal[23].phy.radio,initialRadioMode,,,"""off"""
General-317-20260718-15:48:02-5193,attr,Florasat_Individual_Sats.terminal[23].phy.radio,initialRadioMode,enum,"off,sleep,receiver,transmitter,transceiver",
General-317-20260718-15:48:02-5193,param,Florasat_Individual_Sats.terminal[23].phy.radio,switchingTimes,,,"""ms 0 0 0 0 0 0 0 0 0 0 0 0 0 0 0 0 0 0 0 0 0 0 0 0 0"""
General-317-20260718-15:48:02-5193,param,Florasat_Individual_Sats.terminal[23].phy.radio,sendRawBytes,,,false
General-317-20260718-15:48:02-5193,param,Florasat_Individual_Sats.terminal[23].phy.radio,separateTransmissionParts,,,false
General-317-20260718-15:48:02-5193,param,Florasat_Individual_Sats.terminal[23].phy.radio,separateReceptionParts,,,false
General-317-20260718-15:48:02-5193,param,Florasat_Individual_Sats.terminal[23].phy.radio,displayCommunicationRange,,,false
General-317-20260718-15:48:02-5193,param,Florasat_Individual_Sats.terminal[23].phy.radio,displayInterferenceRange,,,false
General-317-20260718-15:48:02-5193,param,Florasat_Individual_Sats.terminal[23].phy.radio,centerFrequency,,,8.68e+08Hz
General-317-20260718-15:48:02-5193,attr,Florasat_Individual_Sats.terminal[23].phy.radio,centerFrequency,unit,Hz,
General-317-20260718-15:48:02-5193,param,Florasat_Individual_Sats.terminal[23].phy.radio,bandwidth,,,250000Hz
General-317-20260718-15:48:02-5193,attr,Florasat_Individual_Sats.terminal[23].phy.radio,bandwidth,unit,Hz,
General-317-20260718-15:48:02-5193,param,Florasat_Individual_Sats.terminal[23].phy.radio,iAmGateway,,,false
General-317-20260718-15:48:02-5193,param,Florasat_Individual_Sats.terminal[23].phy,typename,,,"""Nodes._10_Terminal._10_Physical.Ter_Phy"""
General-317-20260718-15:48:02-5193,param,Florasat_Individual_Sats.terminal[23].phy,layerName,,,"""Ter_Phy"""
General-317-20260718-15:48:02-5193,attr,Florasat_Individual_Sats.terminal[23].phy,layerName,optional,,
General-317-20260718-15:48:02-5193,param,Florasat_Individual_Sats.terminal[23].dlk.mac.queue,typename,,,"""inet.queueing.queue.DropTailQueue"""
General-317-20260718-15:48:02-5193,param,Florasat_Individual_Sats.terminal[23].dlk.mac.queue,displayStringTextFormat,,,"""contains %p pk (%l) pushed %u\npulled %o removed %r dropped %d"""
General-317-20260718-15:48:02-5193,param,Florasat_Individual_Sats.terminal[23].dlk.mac.queue,packetCapacity,,,-1
General-317-20260718-15:48:02-5193,param,Florasat_Individual_Sats.terminal[23].dlk.mac.queue,dataCapacity,,,-1b
General-317-20260718-15:48:02-5193,attr,Florasat_Individual_Sats.terminal[23].dlk.mac.queue,dataCapacity,unit,b,
General-317-20260718-15:48:02-5193,param,Florasat_Individual_Sats.terminal[23].dlk.mac.queue,dropperClass,,,"""inet::queueing::PacketAtCollectionEndDropper"""
General-317-20260718-15:48:02-5193,param,Florasat_Individual_Sats.terminal[23].dlk.mac.queue,comparatorClass,,,""""""
General-317-20260718-15:48:02-5193,param,Florasat_Individual_Sats.terminal[23].dlk.mac.queue,bufferModule,,,""""""
General-317-20260718-15:48:02-5193,param,Florasat_Individual_Sats.terminal[23].dlk.mac.mlBox,typename,,,"""Nodes._10_Terminal._20_Data_Link.Transmission_Predictor.Transmission_Predictor"""
General-317-20260718-15:48:02-5193,param,Florasat_Individual_Sats.terminal[23].dlk.mac.mlBox,modelPath,,,"""/home/ylnner/Documents/omnet++/omnetpp-6.3.0/projects/florasat_v4_ult_routing/simulations/Test_Individual/mlmodels/transformer_scripted.pt"""
General-317-20260718-15:48:02-5193,param,Florasat_Individual_Sats.terminal[23].dlk.mac.mlBox,threshold,,,0.2
General-317-20260718-15:48:02-5193,param,Florasat_Individual_Sats.terminal[23].dlk.mac.mlBox,scalerPath,,,""""""
General-317-20260718-15:48:02-5193,param,Florasat_Individual_Sats.terminal[23].dlk.mac,typename,,,"""Nodes._10_Terminal._20_Data_Link.Ter_Dlk_KiWan"""
General-317-20260718-15:48:02-5193,param,Florasat_Individual_Sats.terminal[23].dlk.mac,interfaceTableModule,,,""""""
General-317-20260718-15:48:02-5193,param,Florasat_Individual_Sats.terminal[23].dlk.mac,radioModule,,,"""^.^.phy.radio"""
General-317-20260718-15:48:02-5193,param,Florasat_Individual_Sats.terminal[23].dlk.mac,address,,,"""0A-AA-00-00-00-18"""
General-317-20260718-15:48:02-5193,attr,Florasat_Individual_Sats.terminal[23].dlk.mac,address,mutable,,
General-317-20260718-15:48:02-5193,param,Florasat_Individual_Sats.terminal[23].dlk.mac,mtu,,,1500
General-317-20260718-15:48:02-5193,param,Florasat_Individual_Sats.terminal[23].dlk.mac,ttwDuration,,,100s
General-317-20260718-15:48:02-5193,attr,Florasat_Individual_Sats.terminal[23].dlk.mac,ttwDuration,unit,s,
General-317-20260718-15:48:02-5193,param,Florasat_Individual_Sats.terminal[23].dlk.mac,ttwIdle,,,0s
General-317-20260718-15:48:02-5193,attr,Florasat_Individual_Sats.terminal[23].dlk.mac,ttwIdle,unit,s,
General-317-20260718-15:48:02-5193,param,Florasat_Individual_Sats.terminal[23].dlk.mac,ttxStart_min,,,0s
General-317-20260718-15:48:02-5193,attr,Florasat_Individual_Sats.terminal[23].dlk.mac,ttxStart_min,unit,s,
General-317-20260718-15:48:02-5193,param,Florasat_Individual_Sats.terminal[23].dlk.mac,ttxStart_max,,,1s
General-317-20260718-15:48:02-5193,attr,Florasat_Individual_Sats.terminal[23].dlk.mac,ttxStart_max,unit,s,
General-317-20260718-15:48:02-5193,param,Florasat_Individual_Sats.terminal[23].dlk.mac,ttxIdle_min,,,10s
General-317-20260718-15:48:02-5193,attr,Florasat_Individual_Sats.terminal[23].dlk.mac,ttxIdle_min,unit,s,
General-317-20260718-15:48:02-5193,param,Florasat_Individual_Sats.terminal[23].dlk.mac,ttxIdle_max,,,15s
General-317-20260718-15:48:02-5193,attr,Florasat_Individual_Sats.terminal[23].dlk.mac,ttxIdle_max,unit,s,
General-317-20260718-15:48:02-5193,param,Florasat_Individual_Sats.terminal[23].dlk.mac,Ntw,,,1
General-317-20260718-15:48:02-5193,param,Florasat_Individual_Sats.terminal[23].dlk.mac,Ntx,,,5
General-317-20260718-15:48:02-5193,param,Florasat_Individual_Sats.terminal[23].dlk.mac,enableSatDetect,,,false
General-317-20260718-15:48:02-5193,param,Florasat_Individual_Sats.terminal[23].dlk.mac,tsdStart_min,,,0s
General-317-20260718-15:48:02-5193,attr,Florasat_Individual_Sats.terminal[23].dlk.mac,tsdStart_min,unit,s,
General-317-20260718-15:48:02-5193,param,Florasat_Individual_Sats.terminal[23].dlk.mac,tsdStart_max,,,60s
General-317-20260718-15:48:02-5193,attr,Florasat_Individual_Sats.terminal[23].dlk.mac,tsdStart_max,unit,s,
General-317-20260718-15:48:02-5193,param,Florasat_Individual_Sats.terminal[23].dlk.mac,Ndetect,,,4
General-317-20260718-15:48:02-5193,param,Florasat_Individual_Sats.terminal[23].dlk.mac,NsdSync,,,2
General-317-20260718-15:48:02-5193,param,Florasat_Individual_Sats.terminal[23].dlk.mac,tsyncIdle,,,60s
General-317-20260718-15:48:02-5193,attr,Florasat_Individual_Sats.terminal[23].dlk.mac,tsyncIdle,unit,s,
General-317-20260718-15:48:02-5193,param,Florasat_Individual_Sats.terminal[23].dlk.mac,tsdIdle,,,240s
General-317-20260718-15:48:02-5193,attr,Florasat_Individual_Sats.terminal[23].dlk.mac,tsdIdle,unit,s,
General-317-20260718-15:48:02-5193,param,Florasat_Individual_Sats.terminal[23].dlk.mac,satelliteDetectionProbability,,,0.9
General-317-20260718-15:48:02-5193,param,Florasat_Individual_Sats.terminal[23].dlk.mac,minimumElevation,,,5
General-317-20260718-15:48:02-5193,param,Florasat_Individual_Sats.terminal[23].dlk.mac,detectInitialListen,,,0.33s
General-317-20260718-15:48:02-5193,attr,Florasat_Individual_Sats.terminal[23].dlk.mac,detectInitialListen,unit,s,
General-317-20260718-15:48:02-5193,param,Florasat_Individual_Sats.terminal[23].dlk.mac,detectSuccessExtraMin,,,0.075s
General-317-20260718-15:48:02-5193,attr,Florasat_Individual_Sats.terminal[23].dlk.mac,detectSuccessExtraMin,unit,s,
General-317-20260718-15:48:02-5193,param,Florasat_Individual_Sats.terminal[23].dlk.mac,detectSuccessExtraMax,,,1.67s
General-317-20260718-15:48:02-5193,attr,Florasat_Individual_Sats.terminal[23].dlk.mac,detectSuccessExtraMax,unit,s,
General-317-20260718-15:48:02-5193,param,Florasat_Individual_Sats.terminal[23].dlk.mac,detectMissExtra,,,1.67s
General-317-20260718-15:48:02-5193,attr,Florasat_Individual_Sats.terminal[23].dlk.mac,detectMissExtra,unit,s,
General-317-20260718-15:48:02-5193,param,Florasat_Individual_Sats.terminal[23].dlk.mac,LoRaSF,,,12
General-317-20260718-15:48:02-5193,param,Florasat_Individual_Sats.terminal[23].dlk.mac,LoRaTP,,,14
General-317-20260718-15:48:02-5193,param,Florasat_Individual_Sats.terminal[23].dlk.mac,LoRaCF,,,8.68e+08
General-317-20260718-15:48:02-5193,param,Florasat_Individual_Sats.terminal[23].dlk.mac,LoRaBW,,,125000
General-317-20260718-15:48:02-5193,param,Florasat_Individual_Sats.terminal[23].dlk.mac,LoRaCR,,,1
General-317-20260718-15:48:02-5193,param,Florasat_Individual_Sats.terminal[23].dlk.mac,useMLBox,,,true
General-317-20260718-15:48:02-5193,param,Florasat_Individual_Sats.terminal[23].dlk.mac,useMLBoxBiLSTM,,,false
General-317-20260718-15:48:02-5193,param,Florasat_Individual_Sats.terminal[23].dlk.mac,useAnalytical,,,false
General-317-20260718-15:48:02-5193,param,Florasat_Individual_Sats.terminal[23].dlk,typename,,,"""Nodes._10_Terminal._20_Data_Link.Ter_Dlk"""
General-317-20260718-15:48:02-5193,param,Florasat_Individual_Sats.terminal[23].net.routing,typename,,,"""Global.Base._30_Network.Ter_Null_Routing"""
General-317-20260718-15:48:02-5193,param,Florasat_Individual_Sats.terminal[23].net,typename,,,"""Nodes._10_Terminal._30_Network.Ter_Net"""
General-317-20260718-15:48:02-5193,param,Florasat_Individual_Sats.terminal[23].net,layerName,,,"""Ter_Net"""
General-317-20260718-15:48:02-5193,attr,Florasat_Individual_Sats.terminal[23].net,layerName,optional,,
General-317-20260718-15:48:02-5193,param,Florasat_Individual_Sats.terminal[23].net,routingType,,,"""Ter_Null_Routing"""
General-317-20260718-15:48:02-5193,param,Florasat_Individual_Sats.terminal[23].app,typename,,,"""Nodes._10_Terminal._40_Application.Ter_App"""
General-317-20260718-15:48:02-5193,param,Florasat_Individual_Sats.terminal[23].app,layerName,,,"""TerminalApplicationLayer"""
General-317-20260718-15:48:02-5193,attr,Florasat_Individual_Sats.terminal[23].app,layerName,optional,,
General-317-20260718-15:48:02-5193,param,Florasat_Individual_Sats.terminal[23].app,numberOfPacketsToSend,,,0
General-317-20260718-15:48:02-5193,param,Florasat_Individual_Sats.terminal[23].app,timeToFirstPacket,,,1s
General-317-20260718-15:48:02-5193,attr,Florasat_Individual_Sats.terminal[23].app,timeToFirstPacket,unit,s,
General-317-20260718-15:48:02-5193,param,Florasat_Individual_Sats.terminal[23].app,timeToNextPacket,,,115s
General-317-20260718-15:48:02-5193,attr,Florasat_Individual_Sats.terminal[23].app,timeToNextPacket,unit,s,
General-317-20260718-15:48:02-5193,param,Florasat_Individual_Sats.terminal[23].app,timeToResponse,,,30s
General-317-20260718-15:48:02-5193,attr,Florasat_Individual_Sats.terminal[23].app,timeToResponse,unit,s,
General-317-20260718-15:48:02-5193,param,Florasat_Individual_Sats.terminal[23].app,timeToRetry,,,10s
General-317-20260718-15:48:02-5193,attr,Florasat_Individual_Sats.terminal[23].app,timeToRetry,unit,s,
General-317-20260718-15:48:02-5193,param,Florasat_Individual_Sats.terminal[23].app,ackTimeout,,,7s
General-317-20260718-15:48:02-5193,attr,Florasat_Individual_Sats.terminal[23].app,ackTimeout,unit,s,
General-317-20260718-15:48:02-5193,param,Florasat_Individual_Sats.terminal[23].app,timer,,,1s
General-317-20260718-15:48:02-5193,attr,Florasat_Individual_Sats.terminal[23].app,timer,unit,s,
General-317-20260718-15:48:02-5193,param,Florasat_Individual_Sats.terminal[23].app,initialLoRaTP,,,14dBm
General-317-20260718-15:48:02-5193,attr,Florasat_Individual_Sats.terminal[23].app,initialLoRaTP,unit,dBm,
General-317-20260718-15:48:02-5193,param,Florasat_Individual_Sats.terminal[23].app,initialLoRaCF,,,8.68e+08Hz
General-317-20260718-15:48:02-5193,attr,Florasat_Individual_Sats.terminal[23].app,initialLoRaCF,unit,Hz,
General-317-20260718-15:48:02-5193,param,Florasat_Individual_Sats.terminal[23].app,initialLoRaSF,,,12
General-317-20260718-15:48:02-5193,param,Florasat_Individual_Sats.terminal[23].app,initialLoRaBW,,,125000Hz
General-317-20260718-15:48:02-5193,attr,Florasat_Individual_Sats.terminal[23].app,initialLoRaBW,unit,Hz,
General-317-20260718-15:48:02-5193,param,Florasat_Individual_Sats.terminal[23].app,initialLoRaCR,,,4
General-317-20260718-15:48:02-5193,param,Florasat_Individual_Sats.terminal[23].app,initialUseHeader,,,true
General-317-20260718-15:48:02-5193,param,Florasat_Individual_Sats.terminal[23].app,initialPingSlot,,,1
General-317-20260718-15:48:02-5193,param,Florasat_Individual_Sats.terminal[23].app,InitClassA,,,true
General-317-20260718-15:48:02-5193,param,Florasat_Individual_Sats.terminal[23].app,InitClassB,,,false
General-317-20260718-15:48:02-5193,param,Florasat_Individual_Sats.terminal[23].app,evaluateADRinNode,,,false
General-317-20260718-15:48:02-5193,param,Florasat_Individual_Sats.terminal[23].app,payloadSize,,,10B
General-317-20260718-15:48:02-5193,attr,Florasat_Individual_Sats.terminal[23].app,payloadSize,unit,B,
General-317-20260718-15:48:02-5193,param,Florasat_Individual_Sats.terminal[23].app,usingAck,,,true
General-317-20260718-15:48:02-5193,param,Florasat_Individual_Sats.terminal[23].app,numGroundLinks,,,40
General-317-20260718-15:48:02-5193,param,Florasat_Individual_Sats.terminal[23].app,maxHops,,,50
General-317-20260718-15:48:02-5193,param,Florasat_Individual_Sats.terminal[23].app,nroMaxAttempts,,,0
General-317-20260718-15:48:02-5193,param,Florasat_Individual_Sats.terminal[23].eng,typename,,,"""Nodes._10_Terminal._50_Energy.Ter_Ene"""
General-317-20260718-15:48:02-5193,param,Florasat_Individual_Sats.terminal[23].mob,typename,,,"""Nodes._10_Terminal._60_Mobility.Ter_Mob"""
General-317-20260718-15:48:02-5193,param,Florasat_Individual_Sats.terminal[23].mob,subjectModule,,,"""^"""
General-317-20260718-15:48:02-5193,param,Florasat_Individual_Sats.terminal[23].mob,coordinateSystemModule,,,""""""
General-317-20260718-15:48:02-5193,param,Florasat_Individual_Sats.terminal[23].mob,displayStringTextFormat,,,"""p: %p\nv: %v"""
General-317-20260718-15:48:02-5193,attr,Florasat_Individual_Sats.terminal[23].mob,displayStringTextFormat,mutable,,
General-317-20260718-15:48:02-5193,param,Florasat_Individual_Sats.terminal[23].mob,updateDisplayString,,,true
General-317-20260718-15:48:02-5193,param,Florasat_Individual_Sats.terminal[23].mob,constraintAreaMinX,,,-inf m
General-317-20260718-15:48:02-5193,attr,Florasat_Individual_Sats.terminal[23].mob,constraintAreaMinX,unit,m,
General-317-20260718-15:48:02-5193,param,Florasat_Individual_Sats.terminal[23].mob,constraintAreaMinY,,,-inf m
General-317-20260718-15:48:02-5193,attr,Florasat_Individual_Sats.terminal[23].mob,constraintAreaMinY,unit,m,
General-317-20260718-15:48:02-5193,param,Florasat_Individual_Sats.terminal[23].mob,constraintAreaMinZ,,,-inf m
General-317-20260718-15:48:02-5193,attr,Florasat_Individual_Sats.terminal[23].mob,constraintAreaMinZ,unit,m,
General-317-20260718-15:48:02-5193,param,Florasat_Individual_Sats.terminal[23].mob,constraintAreaMaxX,,,inf m
General-317-20260718-15:48:02-5193,attr,Florasat_Individual_Sats.terminal[23].mob,constraintAreaMaxX,unit,m,
General-317-20260718-15:48:02-5193,param,Florasat_Individual_Sats.terminal[23].mob,constraintAreaMaxY,,,inf m
General-317-20260718-15:48:02-5193,attr,Florasat_Individual_Sats.terminal[23].mob,constraintAreaMaxY,unit,m,
General-317-20260718-15:48:02-5193,param,Florasat_Individual_Sats.terminal[23].mob,constraintAreaMaxZ,,,inf m
General-317-20260718-15:48:02-5193,attr,Florasat_Individual_Sats.terminal[23].mob,constraintAreaMaxZ,unit,m,
General-317-20260718-15:48:02-5193,param,Florasat_Individual_Sats.terminal[23].mob,initialX,,,nan m
General-317-20260718-15:48:02-5193,attr,Florasat_Individual_Sats.terminal[23].mob,initialX,unit,m,
General-317-20260718-15:48:02-5193,param,Florasat_Individual_Sats.terminal[23].mob,initialY,,,nan m
General-317-20260718-15:48:02-5193,attr,Florasat_Individual_Sats.terminal[23].mob,initialY,unit,m,
General-317-20260718-15:48:02-5193,param,Florasat_Individual_Sats.terminal[23].mob,initialZ,,,0m
General-317-20260718-15:48:02-5193,attr,Florasat_Individual_Sats.terminal[23].mob,initialZ,unit,m,
General-317-20260718-15:48:02-5193,param,Florasat_Individual_Sats.terminal[23].mob,initialLatitude,,,nan deg
General-317-20260718-15:48:02-5193,attr,Florasat_Individual_Sats.terminal[23].mob,initialLatitude,unit,deg,
General-317-20260718-15:48:02-5193,param,Florasat_Individual_Sats.terminal[23].mob,initialLongitude,,,nan deg
General-317-20260718-15:48:02-5193,attr,Florasat_Individual_Sats.terminal[23].mob,initialLongitude,unit,deg,
General-317-20260718-15:48:02-5193,param,Florasat_Individual_Sats.terminal[23].mob,initialAltitude,,,0m
General-317-20260718-15:48:02-5193,attr,Florasat_Individual_Sats.terminal[23].mob,initialAltitude,unit,m,
General-317-20260718-15:48:02-5193,param,Florasat_Individual_Sats.terminal[23].mob,initialHeading,,,0deg
General-317-20260718-15:48:02-5193,attr,Florasat_Individual_Sats.terminal[23].mob,initialHeading,unit,deg,
General-317-20260718-15:48:02-5193,param,Florasat_Individual_Sats.terminal[23].mob,initialElevation,,,0deg
General-317-20260718-15:48:02-5193,attr,Florasat_Individual_Sats.terminal[23].mob,initialElevation,unit,deg,
General-317-20260718-15:48:02-5193,param,Florasat_Individual_Sats.terminal[23].mob,initialBank,,,0deg
General-317-20260718-15:48:02-5193,attr,Florasat_Individual_Sats.terminal[23].mob,initialBank,unit,deg,
General-317-20260718-15:48:02-5193,param,Florasat_Individual_Sats.terminal[23].mob,initFromDisplayString,,,false
General-317-20260718-15:48:02-5193,param,Florasat_Individual_Sats.terminal[23].mob,updateFromDisplayString,,,false
General-317-20260718-15:48:02-5193,param,Florasat_Individual_Sats.terminal[23].mob,centerLatitude,,,44.179
General-317-20260718-15:48:02-5193,param,Florasat_Individual_Sats.terminal[23].mob,centerLongitude,,,28.649
General-317-20260718-15:48:02-5193,param,Florasat_Individual_Sats.terminal[23].mob,deploymentRadius,,,200
General-317-20260718-15:48:02-5193,param,Florasat_Individual_Sats.terminal[23],typename,,,"""Nodes._10_Terminal.Terminal"""
General-317-20260718-15:48:02-5193,param,Florasat_Individual_Sats.terminal[23],layerName,,,"""Terminal"""
General-317-20260718-15:48:02-5193,attr,Florasat_Individual_Sats.terminal[23],layerName,optional,,
General-317-20260718-15:48:02-5193,param,Florasat_Individual_Sats.terminal[23],sendData,,,true
General-317-20260718-15:48:02-5193,attr,Florasat_Individual_Sats.terminal[23],sendData,mutable,,
General-317-20260718-15:48:02-5193,param,Florasat_Individual_Sats.terminal[23],dstGsOrDev,,,0
General-317-20260718-15:48:02-5193,param,Florasat_Individual_Sats.terminal[24].phy.radio.antenna,typename,,,"""inet.physicallayer.wireless.common.antenna.IsotropicAntenna"""
General-317-20260718-15:48:02-5193,param,Florasat_Individual_Sats.terminal[24].phy.radio.antenna,mobilityModule,,,"""^.^.^.mob"""
General-317-20260718-15:48:02-5193,param,Florasat_Individual_Sats.terminal[24].phy.radio.antenna,numAntennas,,,1
General-317-20260718-15:48:02-5193,param,Florasat_Individual_Sats.terminal[24].phy.radio.transmitter,typename,,,"""Global.Transceiver.LoRaTransmitter"""
General-317-20260718-15:48:02-5193,param,Florasat_Individual_Sats.terminal[24].phy.radio.transmitter,preambleDuration,,,0.001s
General-317-20260718-15:48:02-5193,attr,Florasat_Individual_Sats.terminal[24].phy.radio.transmitter,preambleDuration,unit,s,
General-317-20260718-15:48:02-5193,param,Florasat_Individual_Sats.terminal[24].phy.radio.transmitter,headerLength,,,40b
General-317-20260718-15:48:02-5193,attr,Florasat_Individual_Sats.terminal[24].phy.radio.transmitter,headerLength,unit,b,
General-317-20260718-15:48:02-5193,param,Florasat_Individual_Sats.terminal[24].phy.radio.transmitter,bitrate,,,250000bps
General-317-20260718-15:48:02-5193,attr,Florasat_Individual_Sats.terminal[24].phy.radio.transmitter,bitrate,unit,bps,
General-317-20260718-15:48:02-5193,param,Florasat_Individual_Sats.terminal[24].phy.radio.transmitter,power,,,0.025118W
General-317-20260718-15:48:02-5193,attr,Florasat_Individual_Sats.terminal[24].phy.radio.transmitter,power,unit,W,
General-317-20260718-15:48:02-5193,param,Florasat_Individual_Sats.terminal[24].phy.radio.transmitter,centerFrequency,,,8.68e+08Hz
General-317-20260718-15:48:02-5193,attr,Florasat_Individual_Sats.terminal[24].phy.radio.transmitter,centerFrequency,unit,Hz,
General-317-20260718-15:48:02-5193,param,Florasat_Individual_Sats.terminal[24].phy.radio.transmitter,bandwidth,,,250000Hz
General-317-20260718-15:48:02-5193,attr,Florasat_Individual_Sats.terminal[24].phy.radio.transmitter,bandwidth,unit,Hz,
General-317-20260718-15:48:02-5193,param,Florasat_Individual_Sats.terminal[24].phy.radio.transmitter,codeRate,,,1
General-317-20260718-15:48:02-5193,param,Florasat_Individual_Sats.terminal[24].phy.radio.transmitter,modulation,,,"""LoRaModulation"""
General-317-20260718-15:48:02-5193,param,Florasat_Individual_Sats.terminal[24].phy.radio.receiver,typename,,,"""Global.Transceiver.LoRaReceiver"""
General-317-20260718-15:48:02-5193,param,Florasat_Individual_Sats.terminal[24].phy.radio.receiver,energyDetection,,,-90dBm
General-317-20260718-15:48:02-5193,attr,Florasat_Individual_Sats.terminal[24].phy.radio.receiver,energyDetection,unit,dBm,
General-317-20260718-15:48:02-5193,param,Florasat_Individual_Sats.terminal[24].phy.radio.receiver,sensitivity,,,-137dBm
General-317-20260718-15:48:02-5193,attr,Florasat_Individual_Sats.terminal[24].phy.radio.receiver,sensitivity,unit,dBm,
General-317-20260718-15:48:02-5193,param,Florasat_Individual_Sats.terminal[24].phy.radio.receiver,snirThreshold,,,-8dB
General-317-20260718-15:48:02-5193,attr,Florasat_Individual_Sats.terminal[24].phy.radio.receiver,snirThreshold,unit,dB,
General-317-20260718-15:48:02-5193,param,Florasat_Individual_Sats.terminal[24].phy.radio.receiver,centerFrequency,,,8.68e+08Hz
General-317-20260718-15:48:02-5193,attr,Florasat_Individual_Sats.terminal[24].phy.radio.receiver,centerFrequency,unit,Hz,
General-317-20260718-15:48:02-5193,param,Florasat_Individual_Sats.terminal[24].phy.radio.receiver,bandwidth,,,250000Hz
General-317-20260718-15:48:02-5193,attr,Florasat_Individual_Sats.terminal[24].phy.radio.receiver,bandwidth,unit,Hz,
General-317-20260718-15:48:02-5193,param,Florasat_Individual_Sats.terminal[24].phy.radio.receiver,alohaChannelModel,,,false
General-317-20260718-15:48:02-5193,param,Florasat_Individual_Sats.terminal[24].phy.radio.receiver,errorModelType,,,""""""
General-317-20260718-15:48:02-5193,param,Florasat_Individual_Sats.terminal[24].phy.radio.receiver,ignoreInterference,,,false
General-317-20260718-15:48:02-5193,param,Florasat_Individual_Sats.terminal[24].phy.radio.receiver,enableCollisionOverlap,,,false
General-317-20260718-15:48:02-5193,param,Florasat_Individual_Sats.terminal[24].phy.radio.receiver,minCollisionOverlap,,,0s
General-317-20260718-15:48:02-5193,attr,Florasat_Individual_Sats.terminal[24].phy.radio.receiver,minCollisionOverlap,unit,s,
General-317-20260718-15:48:02-5193,param,Florasat_Individual_Sats.terminal[24].phy.radio.IdealEpEnergyStorage,typename,,,"""inet.power.storage.IdealEpEnergyStorage"""
General-317-20260718-15:48:02-5193,param,Florasat_Individual_Sats.terminal[24].phy.radio,typename,,,"""Nodes._10_Terminal._10_Physical.Ter_Phy_LoRaRadio"""
General-317-20260718-15:48:02-5193,param,Florasat_Individual_Sats.terminal[24].phy.radio,radioMediumModule,,,"""radioMedium"""
General-317-20260718-15:48:02-5193,param,Florasat_Individual_Sats.terminal[24].phy.radio,energySourceModule,,,""""""
General-317-20260718-15:48:02-5193,param,Florasat_Individual_Sats.terminal[24].phy.radio,initialRadioMode,,,"""off"""
General-317-20260718-15:48:02-5193,attr,Florasat_Individual_Sats.terminal[24].phy.radio,initialRadioMode,enum,"off,sleep,receiver,transmitter,transceiver",
General-317-20260718-15:48:02-5193,param,Florasat_Individual_Sats.terminal[24].phy.radio,switchingTimes,,,"""ms 0 0 0 0 0 0 0 0 0 0 0 0 0 0 0 0 0 0 0 0 0 0 0 0 0"""
General-317-20260718-15:48:02-5193,param,Florasat_Individual_Sats.terminal[24].phy.radio,sendRawBytes,,,false
General-317-20260718-15:48:02-5193,param,Florasat_Individual_Sats.terminal[24].phy.radio,separateTransmissionParts,,,false
General-317-20260718-15:48:02-5193,param,Florasat_Individual_Sats.terminal[24].phy.radio,separateReceptionParts,,,false
General-317-20260718-15:48:02-5193,param,Florasat_Individual_Sats.terminal[24].phy.radio,displayCommunicationRange,,,false
General-317-20260718-15:48:02-5193,param,Florasat_Individual_Sats.terminal[24].phy.radio,displayInterferenceRange,,,false
General-317-20260718-15:48:02-5193,param,Florasat_Individual_Sats.terminal[24].phy.radio,centerFrequency,,,8.68e+08Hz
General-317-20260718-15:48:02-5193,attr,Florasat_Individual_Sats.terminal[24].phy.radio,centerFrequency,unit,Hz,
General-317-20260718-15:48:02-5193,param,Florasat_Individual_Sats.terminal[24].phy.radio,bandwidth,,,250000Hz
General-317-20260718-15:48:02-5193,attr,Florasat_Individual_Sats.terminal[24].phy.radio,bandwidth,unit,Hz,
General-317-20260718-15:48:02-5193,param,Florasat_Individual_Sats.terminal[24].phy.radio,iAmGateway,,,false
General-317-20260718-15:48:02-5193,param,Florasat_Individual_Sats.terminal[24].phy,typename,,,"""Nodes._10_Terminal._10_Physical.Ter_Phy"""
General-317-20260718-15:48:02-5193,param,Florasat_Individual_Sats.terminal[24].phy,layerName,,,"""Ter_Phy"""
General-317-20260718-15:48:02-5193,attr,Florasat_Individual_Sats.terminal[24].phy,layerName,optional,,
General-317-20260718-15:48:02-5193,param,Florasat_Individual_Sats.terminal[24].dlk.mac.queue,typename,,,"""inet.queueing.queue.DropTailQueue"""
General-317-20260718-15:48:02-5193,param,Florasat_Individual_Sats.terminal[24].dlk.mac.queue,displayStringTextFormat,,,"""contains %p pk (%l) pushed %u\npulled %o removed %r dropped %d"""
General-317-20260718-15:48:02-5193,param,Florasat_Individual_Sats.terminal[24].dlk.mac.queue,packetCapacity,,,-1
General-317-20260718-15:48:02-5193,param,Florasat_Individual_Sats.terminal[24].dlk.mac.queue,dataCapacity,,,-1b
General-317-20260718-15:48:02-5193,attr,Florasat_Individual_Sats.terminal[24].dlk.mac.queue,dataCapacity,unit,b,
General-317-20260718-15:48:02-5193,param,Florasat_Individual_Sats.terminal[24].dlk.mac.queue,dropperClass,,,"""inet::queueing::PacketAtCollectionEndDropper"""
General-317-20260718-15:48:02-5193,param,Florasat_Individual_Sats.terminal[24].dlk.mac.queue,comparatorClass,,,""""""
General-317-20260718-15:48:02-5193,param,Florasat_Individual_Sats.terminal[24].dlk.mac.queue,bufferModule,,,""""""
General-317-20260718-15:48:02-5193,param,Florasat_Individual_Sats.terminal[24].dlk.mac.mlBox,typename,,,"""Nodes._10_Terminal._20_Data_Link.Transmission_Predictor.Transmission_Predictor"""
General-317-20260718-15:48:02-5193,param,Florasat_Individual_Sats.terminal[24].dlk.mac.mlBox,modelPath,,,"""/home/ylnner/Documents/omnet++/omnetpp-6.3.0/projects/florasat_v4_ult_routing/simulations/Test_Individual/mlmodels/transformer_scripted.pt"""
General-317-20260718-15:48:02-5193,param,Florasat_Individual_Sats.terminal[24].dlk.mac.mlBox,threshold,,,0.2
General-317-20260718-15:48:02-5193,param,Florasat_Individual_Sats.terminal[24].dlk.mac.mlBox,scalerPath,,,""""""
General-317-20260718-15:48:02-5193,param,Florasat_Individual_Sats.terminal[24].dlk.mac,typename,,,"""Nodes._10_Terminal._20_Data_Link.Ter_Dlk_KiWan"""
General-317-20260718-15:48:02-5193,param,Florasat_Individual_Sats.terminal[24].dlk.mac,interfaceTableModule,,,""""""
General-317-20260718-15:48:02-5193,param,Florasat_Individual_Sats.terminal[24].dlk.mac,radioModule,,,"""^.^.phy.radio"""
General-317-20260718-15:48:02-5193,param,Florasat_Individual_Sats.terminal[24].dlk.mac,address,,,"""0A-AA-00-00-00-19"""
General-317-20260718-15:48:02-5193,attr,Florasat_Individual_Sats.terminal[24].dlk.mac,address,mutable,,
General-317-20260718-15:48:02-5193,param,Florasat_Individual_Sats.terminal[24].dlk.mac,mtu,,,1500
General-317-20260718-15:48:02-5193,param,Florasat_Individual_Sats.terminal[24].dlk.mac,ttwDuration,,,100s
General-317-20260718-15:48:02-5193,attr,Florasat_Individual_Sats.terminal[24].dlk.mac,ttwDuration,unit,s,
General-317-20260718-15:48:02-5193,param,Florasat_Individual_Sats.terminal[24].dlk.mac,ttwIdle,,,0s
General-317-20260718-15:48:02-5193,attr,Florasat_Individual_Sats.terminal[24].dlk.mac,ttwIdle,unit,s,
General-317-20260718-15:48:02-5193,param,Florasat_Individual_Sats.terminal[24].dlk.mac,ttxStart_min,,,0s
General-317-20260718-15:48:02-5193,attr,Florasat_Individual_Sats.terminal[24].dlk.mac,ttxStart_min,unit,s,
General-317-20260718-15:48:02-5193,param,Florasat_Individual_Sats.terminal[24].dlk.mac,ttxStart_max,,,1s
General-317-20260718-15:48:02-5193,attr,Florasat_Individual_Sats.terminal[24].dlk.mac,ttxStart_max,unit,s,
General-317-20260718-15:48:02-5193,param,Florasat_Individual_Sats.terminal[24].dlk.mac,ttxIdle_min,,,10s
General-317-20260718-15:48:02-5193,attr,Florasat_Individual_Sats.terminal[24].dlk.mac,ttxIdle_min,unit,s,
General-317-20260718-15:48:02-5193,param,Florasat_Individual_Sats.terminal[24].dlk.mac,ttxIdle_max,,,15s
General-317-20260718-15:48:02-5193,attr,Florasat_Individual_Sats.terminal[24].dlk.mac,ttxIdle_max,unit,s,
General-317-20260718-15:48:02-5193,param,Florasat_Individual_Sats.terminal[24].dlk.mac,Ntw,,,1
General-317-20260718-15:48:02-5193,param,Florasat_Individual_Sats.terminal[24].dlk.mac,Ntx,,,5
General-317-20260718-15:48:02-5193,param,Florasat_Individual_Sats.terminal[24].dlk.mac,enableSatDetect,,,false
General-317-20260718-15:48:02-5193,param,Florasat_Individual_Sats.terminal[24].dlk.mac,tsdStart_min,,,0s
General-317-20260718-15:48:02-5193,attr,Florasat_Individual_Sats.terminal[24].dlk.mac,tsdStart_min,unit,s,
General-317-20260718-15:48:02-5193,param,Florasat_Individual_Sats.terminal[24].dlk.mac,tsdStart_max,,,60s
General-317-20260718-15:48:02-5193,attr,Florasat_Individual_Sats.terminal[24].dlk.mac,tsdStart_max,unit,s,
General-317-20260718-15:48:02-5193,param,Florasat_Individual_Sats.terminal[24].dlk.mac,Ndetect,,,4
General-317-20260718-15:48:02-5193,param,Florasat_Individual_Sats.terminal[24].dlk.mac,NsdSync,,,2
General-317-20260718-15:48:02-5193,param,Florasat_Individual_Sats.terminal[24].dlk.mac,tsyncIdle,,,60s
General-317-20260718-15:48:02-5193,attr,Florasat_Individual_Sats.terminal[24].dlk.mac,tsyncIdle,unit,s,
General-317-20260718-15:48:02-5193,param,Florasat_Individual_Sats.terminal[24].dlk.mac,tsdIdle,,,240s
General-317-20260718-15:48:02-5193,attr,Florasat_Individual_Sats.terminal[24].dlk.mac,tsdIdle,unit,s,
General-317-20260718-15:48:02-5193,param,Florasat_Individual_Sats.terminal[24].dlk.mac,satelliteDetectionProbability,,,0.9
General-317-20260718-15:48:02-5193,param,Florasat_Individual_Sats.terminal[24].dlk.mac,minimumElevation,,,5
General-317-20260718-15:48:02-5193,param,Florasat_Individual_Sats.terminal[24].dlk.mac,detectInitialListen,,,0.33s
General-317-20260718-15:48:02-5193,attr,Florasat_Individual_Sats.terminal[24].dlk.mac,detectInitialListen,unit,s,
General-317-20260718-15:48:02-5193,param,Florasat_Individual_Sats.terminal[24].dlk.mac,detectSuccessExtraMin,,,0.075s
General-317-20260718-15:48:02-5193,attr,Florasat_Individual_Sats.terminal[24].dlk.mac,detectSuccessExtraMin,unit,s,
General-317-20260718-15:48:02-5193,param,Florasat_Individual_Sats.terminal[24].dlk.mac,detectSuccessExtraMax,,,1.67s
General-317-20260718-15:48:02-5193,attr,Florasat_Individual_Sats.terminal[24].dlk.mac,detectSuccessExtraMax,unit,s,
General-317-20260718-15:48:02-5193,param,Florasat_Individual_Sats.terminal[24].dlk.mac,detectMissExtra,,,1.67s
General-317-20260718-15:48:02-5193,attr,Florasat_Individual_Sats.terminal[24].dlk.mac,detectMissExtra,unit,s,
General-317-20260718-15:48:02-5193,param,Florasat_Individual_Sats.terminal[24].dlk.mac,LoRaSF,,,12
General-317-20260718-15:48:02-5193,param,Florasat_Individual_Sats.terminal[24].dlk.mac,LoRaTP,,,13
General-317-20260718-15:48:02-5193,param,Florasat_Individual_Sats.terminal[24].dlk.mac,LoRaCF,,,8.68e+08
General-317-20260718-15:48:02-5193,param,Florasat_Individual_Sats.terminal[24].dlk.mac,LoRaBW,,,125000
General-317-20260718-15:48:02-5193,param,Florasat_Individual_Sats.terminal[24].dlk.mac,LoRaCR,,,1
General-317-20260718-15:48:02-5193,param,Florasat_Individual_Sats.terminal[24].dlk.mac,useMLBox,,,true
General-317-20260718-15:48:02-5193,param,Florasat_Individual_Sats.terminal[24].dlk.mac,useMLBoxBiLSTM,,,false
General-317-20260718-15:48:02-5193,param,Florasat_Individual_Sats.terminal[24].dlk.mac,useAnalytical,,,false
General-317-20260718-15:48:02-5193,param,Florasat_Individual_Sats.terminal[24].dlk,typename,,,"""Nodes._10_Terminal._20_Data_Link.Ter_Dlk"""
General-317-20260718-15:48:02-5193,param,Florasat_Individual_Sats.terminal[24].net.routing,typename,,,"""Global.Base._30_Network.Ter_Null_Routing"""
General-317-20260718-15:48:02-5193,param,Florasat_Individual_Sats.terminal[24].net,typename,,,"""Nodes._10_Terminal._30_Network.Ter_Net"""
General-317-20260718-15:48:02-5193,param,Florasat_Individual_Sats.terminal[24].net,layerName,,,"""Ter_Net"""
General-317-20260718-15:48:02-5193,attr,Florasat_Individual_Sats.terminal[24].net,layerName,optional,,
General-317-20260718-15:48:02-5193,param,Florasat_Individual_Sats.terminal[24].net,routingType,,,"""Ter_Null_Routing"""
General-317-20260718-15:48:02-5193,param,Florasat_Individual_Sats.terminal[24].app,typename,,,"""Nodes._10_Terminal._40_Application.Ter_App"""
General-317-20260718-15:48:02-5193,param,Florasat_Individual_Sats.terminal[24].app,layerName,,,"""TerminalApplicationLayer"""
General-317-20260718-15:48:02-5193,attr,Florasat_Individual_Sats.terminal[24].app,layerName,optional,,
General-317-20260718-15:48:02-5193,param,Florasat_Individual_Sats.terminal[24].app,numberOfPacketsToSend,,,0
General-317-20260718-15:48:02-5193,param,Florasat_Individual_Sats.terminal[24].app,timeToFirstPacket,,,1s
General-317-20260718-15:48:02-5193,attr,Florasat_Individual_Sats.terminal[24].app,timeToFirstPacket,unit,s,
General-317-20260718-15:48:02-5193,param,Florasat_Individual_Sats.terminal[24].app,timeToNextPacket,,,115s
General-317-20260718-15:48:02-5193,attr,Florasat_Individual_Sats.terminal[24].app,timeToNextPacket,unit,s,
General-317-20260718-15:48:02-5193,param,Florasat_Individual_Sats.terminal[24].app,timeToResponse,,,30s
General-317-20260718-15:48:02-5193,attr,Florasat_Individual_Sats.terminal[24].app,timeToResponse,unit,s,
General-317-20260718-15:48:02-5193,param,Florasat_Individual_Sats.terminal[24].app,timeToRetry,,,10s
General-317-20260718-15:48:02-5193,attr,Florasat_Individual_Sats.terminal[24].app,timeToRetry,unit,s,
General-317-20260718-15:48:02-5193,param,Florasat_Individual_Sats.terminal[24].app,ackTimeout,,,7s
General-317-20260718-15:48:02-5193,attr,Florasat_Individual_Sats.terminal[24].app,ackTimeout,unit,s,
General-317-20260718-15:48:02-5193,param,Florasat_Individual_Sats.terminal[24].app,timer,,,1s
General-317-20260718-15:48:02-5193,attr,Florasat_Individual_Sats.terminal[24].app,timer,unit,s,
General-317-20260718-15:48:02-5193,param,Florasat_Individual_Sats.terminal[24].app,initialLoRaTP,,,14dBm
General-317-20260718-15:48:02-5193,attr,Florasat_Individual_Sats.terminal[24].app,initialLoRaTP,unit,dBm,
General-317-20260718-15:48:02-5193,param,Florasat_Individual_Sats.terminal[24].app,initialLoRaCF,,,8.68e+08Hz
General-317-20260718-15:48:02-5193,attr,Florasat_Individual_Sats.terminal[24].app,initialLoRaCF,unit,Hz,
General-317-20260718-15:48:02-5193,param,Florasat_Individual_Sats.terminal[24].app,initialLoRaSF,,,12
General-317-20260718-15:48:02-5193,param,Florasat_Individual_Sats.terminal[24].app,initialLoRaBW,,,125000Hz
General-317-20260718-15:48:02-5193,attr,Florasat_Individual_Sats.terminal[24].app,initialLoRaBW,unit,Hz,
General-317-20260718-15:48:02-5193,param,Florasat_Individual_Sats.terminal[24].app,initialLoRaCR,,,4
General-317-20260718-15:48:02-5193,param,Florasat_Individual_Sats.terminal[24].app,initialUseHeader,,,true
General-317-20260718-15:48:02-5193,param,Florasat_Individual_Sats.terminal[24].app,initialPingSlot,,,1
General-317-20260718-15:48:02-5193,param,Florasat_Individual_Sats.terminal[24].app,InitClassA,,,true
General-317-20260718-15:48:02-5193,param,Florasat_Individual_Sats.terminal[24].app,InitClassB,,,false
General-317-20260718-15:48:02-5193,param,Florasat_Individual_Sats.terminal[24].app,evaluateADRinNode,,,false
General-317-20260718-15:48:02-5193,param,Florasat_Individual_Sats.terminal[24].app,payloadSize,,,10B
General-317-20260718-15:48:02-5193,attr,Florasat_Individual_Sats.terminal[24].app,payloadSize,unit,B,
General-317-20260718-15:48:02-5193,param,Florasat_Individual_Sats.terminal[24].app,usingAck,,,true
General-317-20260718-15:48:02-5193,param,Florasat_Individual_Sats.terminal[24].app,numGroundLinks,,,40
General-317-20260718-15:48:02-5193,param,Florasat_Individual_Sats.terminal[24].app,maxHops,,,50
General-317-20260718-15:48:02-5193,param,Florasat_Individual_Sats.terminal[24].app,nroMaxAttempts,,,0
General-317-20260718-15:48:02-5193,param,Florasat_Individual_Sats.terminal[24].eng,typename,,,"""Nodes._10_Terminal._50_Energy.Ter_Ene"""
General-317-20260718-15:48:02-5193,param,Florasat_Individual_Sats.terminal[24].mob,typename,,,"""Nodes._10_Terminal._60_Mobility.Ter_Mob"""
General-317-20260718-15:48:02-5193,param,Florasat_Individual_Sats.terminal[24].mob,subjectModule,,,"""^"""
General-317-20260718-15:48:02-5193,param,Florasat_Individual_Sats.terminal[24].mob,coordinateSystemModule,,,""""""
General-317-20260718-15:48:02-5193,param,Florasat_Individual_Sats.terminal[24].mob,displayStringTextFormat,,,"""p: %p\nv: %v"""
General-317-20260718-15:48:02-5193,attr,Florasat_Individual_Sats.terminal[24].mob,displayStringTextFormat,mutable,,
General-317-20260718-15:48:02-5193,param,Florasat_Individual_Sats.terminal[24].mob,updateDisplayString,,,true
General-317-20260718-15:48:02-5193,param,Florasat_Individual_Sats.terminal[24].mob,constraintAreaMinX,,,-inf m
General-317-20260718-15:48:02-5193,attr,Florasat_Individual_Sats.terminal[24].mob,constraintAreaMinX,unit,m,
General-317-20260718-15:48:02-5193,param,Florasat_Individual_Sats.terminal[24].mob,constraintAreaMinY,,,-inf m
General-317-20260718-15:48:02-5193,attr,Florasat_Individual_Sats.terminal[24].mob,constraintAreaMinY,unit,m,
General-317-20260718-15:48:02-5193,param,Florasat_Individual_Sats.terminal[24].mob,constraintAreaMinZ,,,-inf m
General-317-20260718-15:48:02-5193,attr,Florasat_Individual_Sats.terminal[24].mob,constraintAreaMinZ,unit,m,
General-317-20260718-15:48:02-5193,param,Florasat_Individual_Sats.terminal[24].mob,constraintAreaMaxX,,,inf m
General-317-20260718-15:48:02-5193,attr,Florasat_Individual_Sats.terminal[24].mob,constraintAreaMaxX,unit,m,
General-317-20260718-15:48:02-5193,param,Florasat_Individual_Sats.terminal[24].mob,constraintAreaMaxY,,,inf m
General-317-20260718-15:48:02-5193,attr,Florasat_Individual_Sats.terminal[24].mob,constraintAreaMaxY,unit,m,
General-317-20260718-15:48:02-5193,param,Florasat_Individual_Sats.terminal[24].mob,constraintAreaMaxZ,,,inf m
General-317-20260718-15:48:02-5193,attr,Florasat_Individual_Sats.terminal[24].mob,constraintAreaMaxZ,unit,m,
General-317-20260718-15:48:02-5193,param,Florasat_Individual_Sats.terminal[24].mob,initialX,,,nan m
General-317-20260718-15:48:02-5193,attr,Florasat_Individual_Sats.terminal[24].mob,initialX,unit,m,
General-317-20260718-15:48:02-5193,param,Florasat_Individual_Sats.terminal[24].mob,initialY,,,nan m
General-317-20260718-15:48:02-5193,attr,Florasat_Individual_Sats.terminal[24].mob,initialY,unit,m,
General-317-20260718-15:48:02-5193,param,Florasat_Individual_Sats.terminal[24].mob,initialZ,,,0m
General-317-20260718-15:48:02-5193,attr,Florasat_Individual_Sats.terminal[24].mob,initialZ,unit,m,
General-317-20260718-15:48:02-5193,param,Florasat_Individual_Sats.terminal[24].mob,initialLatitude,,,nan deg
General-317-20260718-15:48:02-5193,attr,Florasat_Individual_Sats.terminal[24].mob,initialLatitude,unit,deg,
General-317-20260718-15:48:02-5193,param,Florasat_Individual_Sats.terminal[24].mob,initialLongitude,,,nan deg
General-317-20260718-15:48:02-5193,attr,Florasat_Individual_Sats.terminal[24].mob,initialLongitude,unit,deg,
General-317-20260718-15:48:02-5193,param,Florasat_Individual_Sats.terminal[24].mob,initialAltitude,,,0m
General-317-20260718-15:48:02-5193,attr,Florasat_Individual_Sats.terminal[24].mob,initialAltitude,unit,m,
General-317-20260718-15:48:02-5193,param,Florasat_Individual_Sats.terminal[24].mob,initialHeading,,,0deg
General-317-20260718-15:48:02-5193,attr,Florasat_Individual_Sats.terminal[24].mob,initialHeading,unit,deg,
General-317-20260718-15:48:02-5193,param,Florasat_Individual_Sats.terminal[24].mob,initialElevation,,,0deg
General-317-20260718-15:48:02-5193,attr,Florasat_Individual_Sats.terminal[24].mob,initialElevation,unit,deg,
General-317-20260718-15:48:02-5193,param,Florasat_Individual_Sats.terminal[24].mob,initialBank,,,0deg
General-317-20260718-15:48:02-5193,attr,Florasat_Individual_Sats.terminal[24].mob,initialBank,unit,deg,
General-317-20260718-15:48:02-5193,param,Florasat_Individual_Sats.terminal[24].mob,initFromDisplayString,,,false
General-317-20260718-15:48:02-5193,param,Florasat_Individual_Sats.terminal[24].mob,updateFromDisplayString,,,false
General-317-20260718-15:48:02-5193,param,Florasat_Individual_Sats.terminal[24].mob,centerLatitude,,,45.327
General-317-20260718-15:48:02-5193,param,Florasat_Individual_Sats.terminal[24].mob,centerLongitude,,,14.442
General-317-20260718-15:48:02-5193,param,Florasat_Individual_Sats.terminal[24].mob,deploymentRadius,,,200
General-317-20260718-15:48:02-5193,param,Florasat_Individual_Sats.terminal[24],typename,,,"""Nodes._10_Terminal.Terminal"""
General-317-20260718-15:48:02-5193,param,Florasat_Individual_Sats.terminal[24],layerName,,,"""Terminal"""
General-317-20260718-15:48:02-5193,attr,Florasat_Individual_Sats.terminal[24],layerName,optional,,
General-317-20260718-15:48:02-5193,param,Florasat_Individual_Sats.terminal[24],sendData,,,true
General-317-20260718-15:48:02-5193,attr,Florasat_Individual_Sats.terminal[24],sendData,mutable,,
General-317-20260718-15:48:02-5193,param,Florasat_Individual_Sats.terminal[24],dstGsOrDev,,,0
General-317-20260718-15:48:02-5193,param,Florasat_Individual_Sats.terminal[25].phy.radio.antenna,typename,,,"""inet.physicallayer.wireless.common.antenna.IsotropicAntenna"""
General-317-20260718-15:48:02-5193,param,Florasat_Individual_Sats.terminal[25].phy.radio.antenna,mobilityModule,,,"""^.^.^.mob"""
General-317-20260718-15:48:02-5193,param,Florasat_Individual_Sats.terminal[25].phy.radio.antenna,numAntennas,,,1
General-317-20260718-15:48:02-5193,param,Florasat_Individual_Sats.terminal[25].phy.radio.transmitter,typename,,,"""Global.Transceiver.LoRaTransmitter"""
General-317-20260718-15:48:02-5193,param,Florasat_Individual_Sats.terminal[25].phy.radio.transmitter,preambleDuration,,,0.001s
General-317-20260718-15:48:02-5193,attr,Florasat_Individual_Sats.terminal[25].phy.radio.transmitter,preambleDuration,unit,s,
General-317-20260718-15:48:02-5193,param,Florasat_Individual_Sats.terminal[25].phy.radio.transmitter,headerLength,,,40b
General-317-20260718-15:48:02-5193,attr,Florasat_Individual_Sats.terminal[25].phy.radio.transmitter,headerLength,unit,b,
General-317-20260718-15:48:02-5193,param,Florasat_Individual_Sats.terminal[25].phy.radio.transmitter,bitrate,,,250000bps
General-317-20260718-15:48:02-5193,attr,Florasat_Individual_Sats.terminal[25].phy.radio.transmitter,bitrate,unit,bps,
General-317-20260718-15:48:02-5193,param,Florasat_Individual_Sats.terminal[25].phy.radio.transmitter,power,,,0.025118W
General-317-20260718-15:48:02-5193,attr,Florasat_Individual_Sats.terminal[25].phy.radio.transmitter,power,unit,W,
General-317-20260718-15:48:02-5193,param,Florasat_Individual_Sats.terminal[25].phy.radio.transmitter,centerFrequency,,,8.68e+08Hz
General-317-20260718-15:48:02-5193,attr,Florasat_Individual_Sats.terminal[25].phy.radio.transmitter,centerFrequency,unit,Hz,
General-317-20260718-15:48:02-5193,param,Florasat_Individual_Sats.terminal[25].phy.radio.transmitter,bandwidth,,,250000Hz
General-317-20260718-15:48:02-5193,attr,Florasat_Individual_Sats.terminal[25].phy.radio.transmitter,bandwidth,unit,Hz,
General-317-20260718-15:48:02-5193,param,Florasat_Individual_Sats.terminal[25].phy.radio.transmitter,codeRate,,,1
General-317-20260718-15:48:02-5193,param,Florasat_Individual_Sats.terminal[25].phy.radio.transmitter,modulation,,,"""LoRaModulation"""
General-317-20260718-15:48:02-5193,param,Florasat_Individual_Sats.terminal[25].phy.radio.receiver,typename,,,"""Global.Transceiver.LoRaReceiver"""
General-317-20260718-15:48:02-5193,param,Florasat_Individual_Sats.terminal[25].phy.radio.receiver,energyDetection,,,-90dBm
General-317-20260718-15:48:02-5193,attr,Florasat_Individual_Sats.terminal[25].phy.radio.receiver,energyDetection,unit,dBm,
General-317-20260718-15:48:02-5193,param,Florasat_Individual_Sats.terminal[25].phy.radio.receiver,sensitivity,,,-137dBm
General-317-20260718-15:48:02-5193,attr,Florasat_Individual_Sats.terminal[25].phy.radio.receiver,sensitivity,unit,dBm,
General-317-20260718-15:48:02-5193,param,Florasat_Individual_Sats.terminal[25].phy.radio.receiver,snirThreshold,,,-8dB
General-317-20260718-15:48:02-5193,attr,Florasat_Individual_Sats.terminal[25].phy.radio.receiver,snirThreshold,unit,dB,
General-317-20260718-15:48:02-5193,param,Florasat_Individual_Sats.terminal[25].phy.radio.receiver,centerFrequency,,,8.68e+08Hz
General-317-20260718-15:48:02-5193,attr,Florasat_Individual_Sats.terminal[25].phy.radio.receiver,centerFrequency,unit,Hz,
General-317-20260718-15:48:02-5193,param,Florasat_Individual_Sats.terminal[25].phy.radio.receiver,bandwidth,,,250000Hz
General-317-20260718-15:48:02-5193,attr,Florasat_Individual_Sats.terminal[25].phy.radio.receiver,bandwidth,unit,Hz,
General-317-20260718-15:48:02-5193,param,Florasat_Individual_Sats.terminal[25].phy.radio.receiver,alohaChannelModel,,,false
General-317-20260718-15:48:02-5193,param,Florasat_Individual_Sats.terminal[25].phy.radio.receiver,errorModelType,,,""""""
General-317-20260718-15:48:02-5193,param,Florasat_Individual_Sats.terminal[25].phy.radio.receiver,ignoreInterference,,,false
General-317-20260718-15:48:02-5193,param,Florasat_Individual_Sats.terminal[25].phy.radio.receiver,enableCollisionOverlap,,,false
General-317-20260718-15:48:02-5193,param,Florasat_Individual_Sats.terminal[25].phy.radio.receiver,minCollisionOverlap,,,0s
General-317-20260718-15:48:02-5193,attr,Florasat_Individual_Sats.terminal[25].phy.radio.receiver,minCollisionOverlap,unit,s,
General-317-20260718-15:48:02-5193,param,Florasat_Individual_Sats.terminal[25].phy.radio.IdealEpEnergyStorage,typename,,,"""inet.power.storage.IdealEpEnergyStorage"""
General-317-20260718-15:48:02-5193,param,Florasat_Individual_Sats.terminal[25].phy.radio,typename,,,"""Nodes._10_Terminal._10_Physical.Ter_Phy_LoRaRadio"""
General-317-20260718-15:48:02-5193,param,Florasat_Individual_Sats.terminal[25].phy.radio,radioMediumModule,,,"""radioMedium"""
General-317-20260718-15:48:02-5193,param,Florasat_Individual_Sats.terminal[25].phy.radio,energySourceModule,,,""""""
General-317-20260718-15:48:02-5193,param,Florasat_Individual_Sats.terminal[25].phy.radio,initialRadioMode,,,"""off"""
General-317-20260718-15:48:02-5193,attr,Florasat_Individual_Sats.terminal[25].phy.radio,initialRadioMode,enum,"off,sleep,receiver,transmitter,transceiver",
General-317-20260718-15:48:02-5193,param,Florasat_Individual_Sats.terminal[25].phy.radio,switchingTimes,,,"""ms 0 0 0 0 0 0 0 0 0 0 0 0 0 0 0 0 0 0 0 0 0 0 0 0 0"""
General-317-20260718-15:48:02-5193,param,Florasat_Individual_Sats.terminal[25].phy.radio,sendRawBytes,,,false
General-317-20260718-15:48:02-5193,param,Florasat_Individual_Sats.terminal[25].phy.radio,separateTransmissionParts,,,false
General-317-20260718-15:48:02-5193,param,Florasat_Individual_Sats.terminal[25].phy.radio,separateReceptionParts,,,false
General-317-20260718-15:48:02-5193,param,Florasat_Individual_Sats.terminal[25].phy.radio,displayCommunicationRange,,,false
General-317-20260718-15:48:02-5193,param,Florasat_Individual_Sats.terminal[25].phy.radio,displayInterferenceRange,,,false
General-317-20260718-15:48:02-5193,param,Florasat_Individual_Sats.terminal[25].phy.radio,centerFrequency,,,8.68e+08Hz
General-317-20260718-15:48:02-5193,attr,Florasat_Individual_Sats.terminal[25].phy.radio,centerFrequency,unit,Hz,
General-317-20260718-15:48:02-5193,param,Florasat_Individual_Sats.terminal[25].phy.radio,bandwidth,,,250000Hz
General-317-20260718-15:48:02-5193,attr,Florasat_Individual_Sats.terminal[25].phy.radio,bandwidth,unit,Hz,
General-317-20260718-15:48:02-5193,param,Florasat_Individual_Sats.terminal[25].phy.radio,iAmGateway,,,false
General-317-20260718-15:48:02-5193,param,Florasat_Individual_Sats.terminal[25].phy,typename,,,"""Nodes._10_Terminal._10_Physical.Ter_Phy"""
General-317-20260718-15:48:02-5193,param,Florasat_Individual_Sats.terminal[25].phy,layerName,,,"""Ter_Phy"""
General-317-20260718-15:48:02-5193,attr,Florasat_Individual_Sats.terminal[25].phy,layerName,optional,,
General-317-20260718-15:48:02-5193,param,Florasat_Individual_Sats.terminal[25].dlk.mac.queue,typename,,,"""inet.queueing.queue.DropTailQueue"""
General-317-20260718-15:48:02-5193,param,Florasat_Individual_Sats.terminal[25].dlk.mac.queue,displayStringTextFormat,,,"""contains %p pk (%l) pushed %u\npulled %o removed %r dropped %d"""
General-317-20260718-15:48:02-5193,param,Florasat_Individual_Sats.terminal[25].dlk.mac.queue,packetCapacity,,,-1
General-317-20260718-15:48:02-5193,param,Florasat_Individual_Sats.terminal[25].dlk.mac.queue,dataCapacity,,,-1b
General-317-20260718-15:48:02-5193,attr,Florasat_Individual_Sats.terminal[25].dlk.mac.queue,dataCapacity,unit,b,
General-317-20260718-15:48:02-5193,param,Florasat_Individual_Sats.terminal[25].dlk.mac.queue,dropperClass,,,"""inet::queueing::PacketAtCollectionEndDropper"""
General-317-20260718-15:48:02-5193,param,Florasat_Individual_Sats.terminal[25].dlk.mac.queue,comparatorClass,,,""""""
General-317-20260718-15:48:02-5193,param,Florasat_Individual_Sats.terminal[25].dlk.mac.queue,bufferModule,,,""""""
General-317-20260718-15:48:02-5193,param,Florasat_Individual_Sats.terminal[25].dlk.mac.mlBox,typename,,,"""Nodes._10_Terminal._20_Data_Link.Transmission_Predictor.Transmission_Predictor"""
General-317-20260718-15:48:02-5193,param,Florasat_Individual_Sats.terminal[25].dlk.mac.mlBox,modelPath,,,"""/home/ylnner/Documents/omnet++/omnetpp-6.3.0/projects/florasat_v4_ult_routing/simulations/Test_Individual/mlmodels/transformer_scripted.pt"""
General-317-20260718-15:48:02-5193,param,Florasat_Individual_Sats.terminal[25].dlk.mac.mlBox,threshold,,,0.2
General-317-20260718-15:48:02-5193,param,Florasat_Individual_Sats.terminal[25].dlk.mac.mlBox,scalerPath,,,""""""
General-317-20260718-15:48:02-5193,param,Florasat_Individual_Sats.terminal[25].dlk.mac,typename,,,"""Nodes._10_Terminal._20_Data_Link.Ter_Dlk_KiWan"""
General-317-20260718-15:48:02-5193,param,Florasat_Individual_Sats.terminal[25].dlk.mac,interfaceTableModule,,,""""""
General-317-20260718-15:48:02-5193,param,Florasat_Individual_Sats.terminal[25].dlk.mac,radioModule,,,"""^.^.phy.radio"""
General-317-20260718-15:48:02-5193,param,Florasat_Individual_Sats.terminal[25].dlk.mac,address,,,"""0A-AA-00-00-00-1A"""
General-317-20260718-15:48:02-5193,attr,Florasat_Individual_Sats.terminal[25].dlk.mac,address,mutable,,
General-317-20260718-15:48:02-5193,param,Florasat_Individual_Sats.terminal[25].dlk.mac,mtu,,,1500
General-317-20260718-15:48:02-5193,param,Florasat_Individual_Sats.terminal[25].dlk.mac,ttwDuration,,,100s
General-317-20260718-15:48:02-5193,attr,Florasat_Individual_Sats.terminal[25].dlk.mac,ttwDuration,unit,s,
General-317-20260718-15:48:02-5193,param,Florasat_Individual_Sats.terminal[25].dlk.mac,ttwIdle,,,0s
General-317-20260718-15:48:02-5193,attr,Florasat_Individual_Sats.terminal[25].dlk.mac,ttwIdle,unit,s,
General-317-20260718-15:48:02-5193,param,Florasat_Individual_Sats.terminal[25].dlk.mac,ttxStart_min,,,0s
General-317-20260718-15:48:02-5193,attr,Florasat_Individual_Sats.terminal[25].dlk.mac,ttxStart_min,unit,s,
General-317-20260718-15:48:02-5193,param,Florasat_Individual_Sats.terminal[25].dlk.mac,ttxStart_max,,,1s
General-317-20260718-15:48:02-5193,attr,Florasat_Individual_Sats.terminal[25].dlk.mac,ttxStart_max,unit,s,
General-317-20260718-15:48:02-5193,param,Florasat_Individual_Sats.terminal[25].dlk.mac,ttxIdle_min,,,10s
General-317-20260718-15:48:02-5193,attr,Florasat_Individual_Sats.terminal[25].dlk.mac,ttxIdle_min,unit,s,
General-317-20260718-15:48:02-5193,param,Florasat_Individual_Sats.terminal[25].dlk.mac,ttxIdle_max,,,15s
General-317-20260718-15:48:02-5193,attr,Florasat_Individual_Sats.terminal[25].dlk.mac,ttxIdle_max,unit,s,
General-317-20260718-15:48:02-5193,param,Florasat_Individual_Sats.terminal[25].dlk.mac,Ntw,,,1
General-317-20260718-15:48:02-5193,param,Florasat_Individual_Sats.terminal[25].dlk.mac,Ntx,,,5
General-317-20260718-15:48:02-5193,param,Florasat_Individual_Sats.terminal[25].dlk.mac,enableSatDetect,,,false
General-317-20260718-15:48:02-5193,param,Florasat_Individual_Sats.terminal[25].dlk.mac,tsdStart_min,,,0s
General-317-20260718-15:48:02-5193,attr,Florasat_Individual_Sats.terminal[25].dlk.mac,tsdStart_min,unit,s,
General-317-20260718-15:48:02-5193,param,Florasat_Individual_Sats.terminal[25].dlk.mac,tsdStart_max,,,60s
General-317-20260718-15:48:02-5193,attr,Florasat_Individual_Sats.terminal[25].dlk.mac,tsdStart_max,unit,s,
General-317-20260718-15:48:02-5193,param,Florasat_Individual_Sats.terminal[25].dlk.mac,Ndetect,,,4
General-317-20260718-15:48:02-5193,param,Florasat_Individual_Sats.terminal[25].dlk.mac,NsdSync,,,2
General-317-20260718-15:48:02-5193,param,Florasat_Individual_Sats.terminal[25].dlk.mac,tsyncIdle,,,60s
General-317-20260718-15:48:02-5193,attr,Florasat_Individual_Sats.terminal[25].dlk.mac,tsyncIdle,unit,s,
General-317-20260718-15:48:02-5193,param,Florasat_Individual_Sats.terminal[25].dlk.mac,tsdIdle,,,240s
General-317-20260718-15:48:02-5193,attr,Florasat_Individual_Sats.terminal[25].dlk.mac,tsdIdle,unit,s,
General-317-20260718-15:48:02-5193,param,Florasat_Individual_Sats.terminal[25].dlk.mac,satelliteDetectionProbability,,,0.9
General-317-20260718-15:48:02-5193,param,Florasat_Individual_Sats.terminal[25].dlk.mac,minimumElevation,,,5
General-317-20260718-15:48:02-5193,param,Florasat_Individual_Sats.terminal[25].dlk.mac,detectInitialListen,,,0.33s
General-317-20260718-15:48:02-5193,attr,Florasat_Individual_Sats.terminal[25].dlk.mac,detectInitialListen,unit,s,
General-317-20260718-15:48:02-5193,param,Florasat_Individual_Sats.terminal[25].dlk.mac,detectSuccessExtraMin,,,0.075s
General-317-20260718-15:48:02-5193,attr,Florasat_Individual_Sats.terminal[25].dlk.mac,detectSuccessExtraMin,unit,s,
General-317-20260718-15:48:02-5193,param,Florasat_Individual_Sats.terminal[25].dlk.mac,detectSuccessExtraMax,,,1.67s
General-317-20260718-15:48:02-5193,attr,Florasat_Individual_Sats.terminal[25].dlk.mac,detectSuccessExtraMax,unit,s,
General-317-20260718-15:48:02-5193,param,Florasat_Individual_Sats.terminal[25].dlk.mac,detectMissExtra,,,1.67s
General-317-20260718-15:48:02-5193,attr,Florasat_Individual_Sats.terminal[25].dlk.mac,detectMissExtra,unit,s,
General-317-20260718-15:48:02-5193,param,Florasat_Individual_Sats.terminal[25].dlk.mac,LoRaSF,,,11
General-317-20260718-15:48:02-5193,param,Florasat_Individual_Sats.terminal[25].dlk.mac,LoRaTP,,,12
General-317-20260718-15:48:02-5193,param,Florasat_Individual_Sats.terminal[25].dlk.mac,LoRaCF,,,8.68e+08
General-317-20260718-15:48:02-5193,param,Florasat_Individual_Sats.terminal[25].dlk.mac,LoRaBW,,,125000
General-317-20260718-15:48:02-5193,param,Florasat_Individual_Sats.terminal[25].dlk.mac,LoRaCR,,,1
General-317-20260718-15:48:02-5193,param,Florasat_Individual_Sats.terminal[25].dlk.mac,useMLBox,,,true
General-317-20260718-15:48:02-5193,param,Florasat_Individual_Sats.terminal[25].dlk.mac,useMLBoxBiLSTM,,,false
General-317-20260718-15:48:02-5193,param,Florasat_Individual_Sats.terminal[25].dlk.mac,useAnalytical,,,false
General-317-20260718-15:48:02-5193,param,Florasat_Individual_Sats.terminal[25].dlk,typename,,,"""Nodes._10_Terminal._20_Data_Link.Ter_Dlk"""
General-317-20260718-15:48:02-5193,param,Florasat_Individual_Sats.terminal[25].net.routing,typename,,,"""Global.Base._30_Network.Ter_Null_Routing"""
General-317-20260718-15:48:02-5193,param,Florasat_Individual_Sats.terminal[25].net,typename,,,"""Nodes._10_Terminal._30_Network.Ter_Net"""
General-317-20260718-15:48:02-5193,param,Florasat_Individual_Sats.terminal[25].net,layerName,,,"""Ter_Net"""
General-317-20260718-15:48:02-5193,attr,Florasat_Individual_Sats.terminal[25].net,layerName,optional,,
General-317-20260718-15:48:02-5193,param,Florasat_Individual_Sats.terminal[25].net,routingType,,,"""Ter_Null_Routing"""
General-317-20260718-15:48:02-5193,param,Florasat_Individual_Sats.terminal[25].app,typename,,,"""Nodes._10_Terminal._40_Application.Ter_App"""
General-317-20260718-15:48:02-5193,param,Florasat_Individual_Sats.terminal[25].app,layerName,,,"""TerminalApplicationLayer"""
General-317-20260718-15:48:02-5193,attr,Florasat_Individual_Sats.terminal[25].app,layerName,optional,,
General-317-20260718-15:48:02-5193,param,Florasat_Individual_Sats.terminal[25].app,numberOfPacketsToSend,,,0
General-317-20260718-15:48:02-5193,param,Florasat_Individual_Sats.terminal[25].app,timeToFirstPacket,,,1s
General-317-20260718-15:48:02-5193,attr,Florasat_Individual_Sats.terminal[25].app,timeToFirstPacket,unit,s,
General-317-20260718-15:48:02-5193,param,Florasat_Individual_Sats.terminal[25].app,timeToNextPacket,,,115s
General-317-20260718-15:48:02-5193,attr,Florasat_Individual_Sats.terminal[25].app,timeToNextPacket,unit,s,
General-317-20260718-15:48:02-5193,param,Florasat_Individual_Sats.terminal[25].app,timeToResponse,,,30s
General-317-20260718-15:48:02-5193,attr,Florasat_Individual_Sats.terminal[25].app,timeToResponse,unit,s,
General-317-20260718-15:48:02-5193,param,Florasat_Individual_Sats.terminal[25].app,timeToRetry,,,10s
General-317-20260718-15:48:02-5193,attr,Florasat_Individual_Sats.terminal[25].app,timeToRetry,unit,s,
General-317-20260718-15:48:02-5193,param,Florasat_Individual_Sats.terminal[25].app,ackTimeout,,,7s
General-317-20260718-15:48:02-5193,attr,Florasat_Individual_Sats.terminal[25].app,ackTimeout,unit,s,
General-317-20260718-15:48:02-5193,param,Florasat_Individual_Sats.terminal[25].app,timer,,,1s
General-317-20260718-15:48:02-5193,attr,Florasat_Individual_Sats.terminal[25].app,timer,unit,s,
General-317-20260718-15:48:02-5193,param,Florasat_Individual_Sats.terminal[25].app,initialLoRaTP,,,14dBm
General-317-20260718-15:48:02-5193,attr,Florasat_Individual_Sats.terminal[25].app,initialLoRaTP,unit,dBm,
General-317-20260718-15:48:02-5193,param,Florasat_Individual_Sats.terminal[25].app,initialLoRaCF,,,8.68e+08Hz
General-317-20260718-15:48:02-5193,attr,Florasat_Individual_Sats.terminal[25].app,initialLoRaCF,unit,Hz,
General-317-20260718-15:48:02-5193,param,Florasat_Individual_Sats.terminal[25].app,initialLoRaSF,,,12
General-317-20260718-15:48:02-5193,param,Florasat_Individual_Sats.terminal[25].app,initialLoRaBW,,,125000Hz
General-317-20260718-15:48:02-5193,attr,Florasat_Individual_Sats.terminal[25].app,initialLoRaBW,unit,Hz,
General-317-20260718-15:48:02-5193,param,Florasat_Individual_Sats.terminal[25].app,initialLoRaCR,,,4
General-317-20260718-15:48:02-5193,param,Florasat_Individual_Sats.terminal[25].app,initialUseHeader,,,true
General-317-20260718-15:48:02-5193,param,Florasat_Individual_Sats.terminal[25].app,initialPingSlot,,,1
General-317-20260718-15:48:02-5193,param,Florasat_Individual_Sats.terminal[25].app,InitClassA,,,true
General-317-20260718-15:48:02-5193,param,Florasat_Individual_Sats.terminal[25].app,InitClassB,,,false
General-317-20260718-15:48:02-5193,param,Florasat_Individual_Sats.terminal[25].app,evaluateADRinNode,,,false
General-317-20260718-15:48:02-5193,param,Florasat_Individual_Sats.terminal[25].app,payloadSize,,,10B
General-317-20260718-15:48:02-5193,attr,Florasat_Individual_Sats.terminal[25].app,payloadSize,unit,B,
General-317-20260718-15:48:02-5193,param,Florasat_Individual_Sats.terminal[25].app,usingAck,,,true
General-317-20260718-15:48:02-5193,param,Florasat_Individual_Sats.terminal[25].app,numGroundLinks,,,40
General-317-20260718-15:48:02-5193,param,Florasat_Individual_Sats.terminal[25].app,maxHops,,,50
General-317-20260718-15:48:02-5193,param,Florasat_Individual_Sats.terminal[25].app,nroMaxAttempts,,,0
General-317-20260718-15:48:02-5193,param,Florasat_Individual_Sats.terminal[25].eng,typename,,,"""Nodes._10_Terminal._50_Energy.Ter_Ene"""
General-317-20260718-15:48:02-5193,param,Florasat_Individual_Sats.terminal[25].mob,typename,,,"""Nodes._10_Terminal._60_Mobility.Ter_Mob"""
General-317-20260718-15:48:02-5193,param,Florasat_Individual_Sats.terminal[25].mob,subjectModule,,,"""^"""
General-317-20260718-15:48:02-5193,param,Florasat_Individual_Sats.terminal[25].mob,coordinateSystemModule,,,""""""
General-317-20260718-15:48:02-5193,param,Florasat_Individual_Sats.terminal[25].mob,displayStringTextFormat,,,"""p: %p\nv: %v"""
General-317-20260718-15:48:02-5193,attr,Florasat_Individual_Sats.terminal[25].mob,displayStringTextFormat,mutable,,
General-317-20260718-15:48:02-5193,param,Florasat_Individual_Sats.terminal[25].mob,updateDisplayString,,,true
General-317-20260718-15:48:02-5193,param,Florasat_Individual_Sats.terminal[25].mob,constraintAreaMinX,,,-inf m
General-317-20260718-15:48:02-5193,attr,Florasat_Individual_Sats.terminal[25].mob,constraintAreaMinX,unit,m,
General-317-20260718-15:48:02-5193,param,Florasat_Individual_Sats.terminal[25].mob,constraintAreaMinY,,,-inf m
General-317-20260718-15:48:02-5193,attr,Florasat_Individual_Sats.terminal[25].mob,constraintAreaMinY,unit,m,
General-317-20260718-15:48:02-5193,param,Florasat_Individual_Sats.terminal[25].mob,constraintAreaMinZ,,,-inf m
General-317-20260718-15:48:02-5193,attr,Florasat_Individual_Sats.terminal[25].mob,constraintAreaMinZ,unit,m,
General-317-20260718-15:48:02-5193,param,Florasat_Individual_Sats.terminal[25].mob,constraintAreaMaxX,,,inf m
General-317-20260718-15:48:02-5193,attr,Florasat_Individual_Sats.terminal[25].mob,constraintAreaMaxX,unit,m,
General-317-20260718-15:48:02-5193,param,Florasat_Individual_Sats.terminal[25].mob,constraintAreaMaxY,,,inf m
General-317-20260718-15:48:02-5193,attr,Florasat_Individual_Sats.terminal[25].mob,constraintAreaMaxY,unit,m,
General-317-20260718-15:48:02-5193,param,Florasat_Individual_Sats.terminal[25].mob,constraintAreaMaxZ,,,inf m
General-317-20260718-15:48:02-5193,attr,Florasat_Individual_Sats.terminal[25].mob,constraintAreaMaxZ,unit,m,
General-317-20260718-15:48:02-5193,param,Florasat_Individual_Sats.terminal[25].mob,initialX,,,nan m
General-317-20260718-15:48:02-5193,attr,Florasat_Individual_Sats.terminal[25].mob,initialX,unit,m,
General-317-20260718-15:48:02-5193,param,Florasat_Individual_Sats.terminal[25].mob,initialY,,,nan m
General-317-20260718-15:48:02-5193,attr,Florasat_Individual_Sats.terminal[25].mob,initialY,unit,m,
General-317-20260718-15:48:02-5193,param,Florasat_Individual_Sats.terminal[25].mob,initialZ,,,0m
General-317-20260718-15:48:02-5193,attr,Florasat_Individual_Sats.terminal[25].mob,initialZ,unit,m,
General-317-20260718-15:48:02-5193,param,Florasat_Individual_Sats.terminal[25].mob,initialLatitude,,,nan deg
General-317-20260718-15:48:02-5193,attr,Florasat_Individual_Sats.terminal[25].mob,initialLatitude,unit,deg,
General-317-20260718-15:48:02-5193,param,Florasat_Individual_Sats.terminal[25].mob,initialLongitude,,,nan deg
General-317-20260718-15:48:02-5193,attr,Florasat_Individual_Sats.terminal[25].mob,initialLongitude,unit,deg,
General-317-20260718-15:48:02-5193,param,Florasat_Individual_Sats.terminal[25].mob,initialAltitude,,,0m
General-317-20260718-15:48:02-5193,attr,Florasat_Individual_Sats.terminal[25].mob,initialAltitude,unit,m,
General-317-20260718-15:48:02-5193,param,Florasat_Individual_Sats.terminal[25].mob,initialHeading,,,0deg
General-317-20260718-15:48:02-5193,attr,Florasat_Individual_Sats.terminal[25].mob,initialHeading,unit,deg,
General-317-20260718-15:48:02-5193,param,Florasat_Individual_Sats.terminal[25].mob,initialElevation,,,0deg
General-317-20260718-15:48:02-5193,attr,Florasat_Individual_Sats.terminal[25].mob,initialElevation,unit,deg,
General-317-20260718-15:48:02-5193,param,Florasat_Individual_Sats.terminal[25].mob,initialBank,,,0deg
General-317-20260718-15:48:02-5193,attr,Florasat_Individual_Sats.terminal[25].mob,initialBank,unit,deg,
General-317-20260718-15:48:02-5193,param,Florasat_Individual_Sats.terminal[25].mob,initFromDisplayString,,,false
General-317-20260718-15:48:02-5193,param,Florasat_Individual_Sats.terminal[25].mob,updateFromDisplayString,,,false
General-317-20260718-15:48:02-5193,param,Florasat_Individual_Sats.terminal[25].mob,centerLatitude,,,40.694
General-317-20260718-15:48:02-5193,param,Florasat_Individual_Sats.terminal[25].mob,centerLongitude,,,30.4
General-317-20260718-15:48:02-5193,param,Florasat_Individual_Sats.terminal[25].mob,deploymentRadius,,,200
General-317-20260718-15:48:02-5193,param,Florasat_Individual_Sats.terminal[25],typename,,,"""Nodes._10_Terminal.Terminal"""
General-317-20260718-15:48:02-5193,param,Florasat_Individual_Sats.terminal[25],layerName,,,"""Terminal"""
General-317-20260718-15:48:02-5193,attr,Florasat_Individual_Sats.terminal[25],layerName,optional,,
General-317-20260718-15:48:02-5193,param,Florasat_Individual_Sats.terminal[25],sendData,,,true
General-317-20260718-15:48:02-5193,attr,Florasat_Individual_Sats.terminal[25],sendData,mutable,,
General-317-20260718-15:48:02-5193,param,Florasat_Individual_Sats.terminal[25],dstGsOrDev,,,0
General-317-20260718-15:48:02-5193,param,Florasat_Individual_Sats.terminal[26].phy.radio.antenna,typename,,,"""inet.physicallayer.wireless.common.antenna.IsotropicAntenna"""
General-317-20260718-15:48:02-5193,param,Florasat_Individual_Sats.terminal[26].phy.radio.antenna,mobilityModule,,,"""^.^.^.mob"""
General-317-20260718-15:48:02-5193,param,Florasat_Individual_Sats.terminal[26].phy.radio.antenna,numAntennas,,,1
General-317-20260718-15:48:02-5193,param,Florasat_Individual_Sats.terminal[26].phy.radio.transmitter,typename,,,"""Global.Transceiver.LoRaTransmitter"""
General-317-20260718-15:48:02-5193,param,Florasat_Individual_Sats.terminal[26].phy.radio.transmitter,preambleDuration,,,0.001s
General-317-20260718-15:48:02-5193,attr,Florasat_Individual_Sats.terminal[26].phy.radio.transmitter,preambleDuration,unit,s,
General-317-20260718-15:48:02-5193,param,Florasat_Individual_Sats.terminal[26].phy.radio.transmitter,headerLength,,,40b
General-317-20260718-15:48:02-5193,attr,Florasat_Individual_Sats.terminal[26].phy.radio.transmitter,headerLength,unit,b,
General-317-20260718-15:48:02-5193,param,Florasat_Individual_Sats.terminal[26].phy.radio.transmitter,bitrate,,,250000bps
General-317-20260718-15:48:02-5193,attr,Florasat_Individual_Sats.terminal[26].phy.radio.transmitter,bitrate,unit,bps,
General-317-20260718-15:48:02-5193,param,Florasat_Individual_Sats.terminal[26].phy.radio.transmitter,power,,,0.025118W
General-317-20260718-15:48:02-5193,attr,Florasat_Individual_Sats.terminal[26].phy.radio.transmitter,power,unit,W,
General-317-20260718-15:48:02-5193,param,Florasat_Individual_Sats.terminal[26].phy.radio.transmitter,centerFrequency,,,8.68e+08Hz
General-317-20260718-15:48:02-5193,attr,Florasat_Individual_Sats.terminal[26].phy.radio.transmitter,centerFrequency,unit,Hz,
General-317-20260718-15:48:02-5193,param,Florasat_Individual_Sats.terminal[26].phy.radio.transmitter,bandwidth,,,250000Hz
General-317-20260718-15:48:02-5193,attr,Florasat_Individual_Sats.terminal[26].phy.radio.transmitter,bandwidth,unit,Hz,
General-317-20260718-15:48:02-5193,param,Florasat_Individual_Sats.terminal[26].phy.radio.transmitter,codeRate,,,1
General-317-20260718-15:48:02-5193,param,Florasat_Individual_Sats.terminal[26].phy.radio.transmitter,modulation,,,"""LoRaModulation"""
General-317-20260718-15:48:02-5193,param,Florasat_Individual_Sats.terminal[26].phy.radio.receiver,typename,,,"""Global.Transceiver.LoRaReceiver"""
General-317-20260718-15:48:02-5193,param,Florasat_Individual_Sats.terminal[26].phy.radio.receiver,energyDetection,,,-90dBm
General-317-20260718-15:48:02-5193,attr,Florasat_Individual_Sats.terminal[26].phy.radio.receiver,energyDetection,unit,dBm,
General-317-20260718-15:48:02-5193,param,Florasat_Individual_Sats.terminal[26].phy.radio.receiver,sensitivity,,,-137dBm
General-317-20260718-15:48:02-5193,attr,Florasat_Individual_Sats.terminal[26].phy.radio.receiver,sensitivity,unit,dBm,
General-317-20260718-15:48:02-5193,param,Florasat_Individual_Sats.terminal[26].phy.radio.receiver,snirThreshold,,,-8dB
General-317-20260718-15:48:02-5193,attr,Florasat_Individual_Sats.terminal[26].phy.radio.receiver,snirThreshold,unit,dB,
General-317-20260718-15:48:02-5193,param,Florasat_Individual_Sats.terminal[26].phy.radio.receiver,centerFrequency,,,8.68e+08Hz
General-317-20260718-15:48:02-5193,attr,Florasat_Individual_Sats.terminal[26].phy.radio.receiver,centerFrequency,unit,Hz,
General-317-20260718-15:48:02-5193,param,Florasat_Individual_Sats.terminal[26].phy.radio.receiver,bandwidth,,,250000Hz
General-317-20260718-15:48:02-5193,attr,Florasat_Individual_Sats.terminal[26].phy.radio.receiver,bandwidth,unit,Hz,
General-317-20260718-15:48:02-5193,param,Florasat_Individual_Sats.terminal[26].phy.radio.receiver,alohaChannelModel,,,false
General-317-20260718-15:48:02-5193,param,Florasat_Individual_Sats.terminal[26].phy.radio.receiver,errorModelType,,,""""""
General-317-20260718-15:48:02-5193,param,Florasat_Individual_Sats.terminal[26].phy.radio.receiver,ignoreInterference,,,false
General-317-20260718-15:48:02-5193,param,Florasat_Individual_Sats.terminal[26].phy.radio.receiver,enableCollisionOverlap,,,false
General-317-20260718-15:48:02-5193,param,Florasat_Individual_Sats.terminal[26].phy.radio.receiver,minCollisionOverlap,,,0s
General-317-20260718-15:48:02-5193,attr,Florasat_Individual_Sats.terminal[26].phy.radio.receiver,minCollisionOverlap,unit,s,
General-317-20260718-15:48:02-5193,param,Florasat_Individual_Sats.terminal[26].phy.radio.IdealEpEnergyStorage,typename,,,"""inet.power.storage.IdealEpEnergyStorage"""
General-317-20260718-15:48:02-5193,param,Florasat_Individual_Sats.terminal[26].phy.radio,typename,,,"""Nodes._10_Terminal._10_Physical.Ter_Phy_LoRaRadio"""
General-317-20260718-15:48:02-5193,param,Florasat_Individual_Sats.terminal[26].phy.radio,radioMediumModule,,,"""radioMedium"""
General-317-20260718-15:48:02-5193,param,Florasat_Individual_Sats.terminal[26].phy.radio,energySourceModule,,,""""""
General-317-20260718-15:48:02-5193,param,Florasat_Individual_Sats.terminal[26].phy.radio,initialRadioMode,,,"""off"""
General-317-20260718-15:48:02-5193,attr,Florasat_Individual_Sats.terminal[26].phy.radio,initialRadioMode,enum,"off,sleep,receiver,transmitter,transceiver",
General-317-20260718-15:48:02-5193,param,Florasat_Individual_Sats.terminal[26].phy.radio,switchingTimes,,,"""ms 0 0 0 0 0 0 0 0 0 0 0 0 0 0 0 0 0 0 0 0 0 0 0 0 0"""
General-317-20260718-15:48:02-5193,param,Florasat_Individual_Sats.terminal[26].phy.radio,sendRawBytes,,,false
General-317-20260718-15:48:02-5193,param,Florasat_Individual_Sats.terminal[26].phy.radio,separateTransmissionParts,,,false
General-317-20260718-15:48:02-5193,param,Florasat_Individual_Sats.terminal[26].phy.radio,separateReceptionParts,,,false
General-317-20260718-15:48:02-5193,param,Florasat_Individual_Sats.terminal[26].phy.radio,displayCommunicationRange,,,false
General-317-20260718-15:48:02-5193,param,Florasat_Individual_Sats.terminal[26].phy.radio,displayInterferenceRange,,,false
General-317-20260718-15:48:02-5193,param,Florasat_Individual_Sats.terminal[26].phy.radio,centerFrequency,,,8.68e+08Hz
General-317-20260718-15:48:02-5193,attr,Florasat_Individual_Sats.terminal[26].phy.radio,centerFrequency,unit,Hz,
General-317-20260718-15:48:02-5193,param,Florasat_Individual_Sats.terminal[26].phy.radio,bandwidth,,,250000Hz
General-317-20260718-15:48:02-5193,attr,Florasat_Individual_Sats.terminal[26].phy.radio,bandwidth,unit,Hz,
General-317-20260718-15:48:02-5193,param,Florasat_Individual_Sats.terminal[26].phy.radio,iAmGateway,,,false
General-317-20260718-15:48:02-5193,param,Florasat_Individual_Sats.terminal[26].phy,typename,,,"""Nodes._10_Terminal._10_Physical.Ter_Phy"""
General-317-20260718-15:48:02-5193,param,Florasat_Individual_Sats.terminal[26].phy,layerName,,,"""Ter_Phy"""
General-317-20260718-15:48:02-5193,attr,Florasat_Individual_Sats.terminal[26].phy,layerName,optional,,
General-317-20260718-15:48:02-5193,param,Florasat_Individual_Sats.terminal[26].dlk.mac.queue,typename,,,"""inet.queueing.queue.DropTailQueue"""
General-317-20260718-15:48:02-5193,param,Florasat_Individual_Sats.terminal[26].dlk.mac.queue,displayStringTextFormat,,,"""contains %p pk (%l) pushed %u\npulled %o removed %r dropped %d"""
General-317-20260718-15:48:02-5193,param,Florasat_Individual_Sats.terminal[26].dlk.mac.queue,packetCapacity,,,-1
General-317-20260718-15:48:02-5193,param,Florasat_Individual_Sats.terminal[26].dlk.mac.queue,dataCapacity,,,-1b
General-317-20260718-15:48:02-5193,attr,Florasat_Individual_Sats.terminal[26].dlk.mac.queue,dataCapacity,unit,b,
General-317-20260718-15:48:02-5193,param,Florasat_Individual_Sats.terminal[26].dlk.mac.queue,dropperClass,,,"""inet::queueing::PacketAtCollectionEndDropper"""
General-317-20260718-15:48:02-5193,param,Florasat_Individual_Sats.terminal[26].dlk.mac.queue,comparatorClass,,,""""""
General-317-20260718-15:48:02-5193,param,Florasat_Individual_Sats.terminal[26].dlk.mac.queue,bufferModule,,,""""""
General-317-20260718-15:48:02-5193,param,Florasat_Individual_Sats.terminal[26].dlk.mac.mlBox,typename,,,"""Nodes._10_Terminal._20_Data_Link.Transmission_Predictor.Transmission_Predictor"""
General-317-20260718-15:48:02-5193,param,Florasat_Individual_Sats.terminal[26].dlk.mac.mlBox,modelPath,,,"""/home/ylnner/Documents/omnet++/omnetpp-6.3.0/projects/florasat_v4_ult_routing/simulations/Test_Individual/mlmodels/transformer_scripted.pt"""
General-317-20260718-15:48:02-5193,param,Florasat_Individual_Sats.terminal[26].dlk.mac.mlBox,threshold,,,0.2
General-317-20260718-15:48:02-5193,param,Florasat_Individual_Sats.terminal[26].dlk.mac.mlBox,scalerPath,,,""""""
General-317-20260718-15:48:02-5193,param,Florasat_Individual_Sats.terminal[26].dlk.mac,typename,,,"""Nodes._10_Terminal._20_Data_Link.Ter_Dlk_KiWan"""
General-317-20260718-15:48:02-5193,param,Florasat_Individual_Sats.terminal[26].dlk.mac,interfaceTableModule,,,""""""
General-317-20260718-15:48:02-5193,param,Florasat_Individual_Sats.terminal[26].dlk.mac,radioModule,,,"""^.^.phy.radio"""
General-317-20260718-15:48:02-5193,param,Florasat_Individual_Sats.terminal[26].dlk.mac,address,,,"""0A-AA-00-00-00-1B"""
General-317-20260718-15:48:02-5193,attr,Florasat_Individual_Sats.terminal[26].dlk.mac,address,mutable,,
General-317-20260718-15:48:02-5193,param,Florasat_Individual_Sats.terminal[26].dlk.mac,mtu,,,1500
General-317-20260718-15:48:02-5193,param,Florasat_Individual_Sats.terminal[26].dlk.mac,ttwDuration,,,100s
General-317-20260718-15:48:02-5193,attr,Florasat_Individual_Sats.terminal[26].dlk.mac,ttwDuration,unit,s,
General-317-20260718-15:48:02-5193,param,Florasat_Individual_Sats.terminal[26].dlk.mac,ttwIdle,,,0s
General-317-20260718-15:48:02-5193,attr,Florasat_Individual_Sats.terminal[26].dlk.mac,ttwIdle,unit,s,
General-317-20260718-15:48:02-5193,param,Florasat_Individual_Sats.terminal[26].dlk.mac,ttxStart_min,,,0s
General-317-20260718-15:48:02-5193,attr,Florasat_Individual_Sats.terminal[26].dlk.mac,ttxStart_min,unit,s,
General-317-20260718-15:48:02-5193,param,Florasat_Individual_Sats.terminal[26].dlk.mac,ttxStart_max,,,1s
General-317-20260718-15:48:02-5193,attr,Florasat_Individual_Sats.terminal[26].dlk.mac,ttxStart_max,unit,s,
General-317-20260718-15:48:02-5193,param,Florasat_Individual_Sats.terminal[26].dlk.mac,ttxIdle_min,,,10s
General-317-20260718-15:48:02-5193,attr,Florasat_Individual_Sats.terminal[26].dlk.mac,ttxIdle_min,unit,s,
General-317-20260718-15:48:02-5193,param,Florasat_Individual_Sats.terminal[26].dlk.mac,ttxIdle_max,,,15s
General-317-20260718-15:48:02-5193,attr,Florasat_Individual_Sats.terminal[26].dlk.mac,ttxIdle_max,unit,s,
General-317-20260718-15:48:02-5193,param,Florasat_Individual_Sats.terminal[26].dlk.mac,Ntw,,,1
General-317-20260718-15:48:02-5193,param,Florasat_Individual_Sats.terminal[26].dlk.mac,Ntx,,,5
General-317-20260718-15:48:02-5193,param,Florasat_Individual_Sats.terminal[26].dlk.mac,enableSatDetect,,,false
General-317-20260718-15:48:02-5193,param,Florasat_Individual_Sats.terminal[26].dlk.mac,tsdStart_min,,,0s
General-317-20260718-15:48:02-5193,attr,Florasat_Individual_Sats.terminal[26].dlk.mac,tsdStart_min,unit,s,
General-317-20260718-15:48:02-5193,param,Florasat_Individual_Sats.terminal[26].dlk.mac,tsdStart_max,,,60s
General-317-20260718-15:48:02-5193,attr,Florasat_Individual_Sats.terminal[26].dlk.mac,tsdStart_max,unit,s,
General-317-20260718-15:48:02-5193,param,Florasat_Individual_Sats.terminal[26].dlk.mac,Ndetect,,,4
General-317-20260718-15:48:02-5193,param,Florasat_Individual_Sats.terminal[26].dlk.mac,NsdSync,,,2
General-317-20260718-15:48:02-5193,param,Florasat_Individual_Sats.terminal[26].dlk.mac,tsyncIdle,,,60s
General-317-20260718-15:48:02-5193,attr,Florasat_Individual_Sats.terminal[26].dlk.mac,tsyncIdle,unit,s,
General-317-20260718-15:48:02-5193,param,Florasat_Individual_Sats.terminal[26].dlk.mac,tsdIdle,,,240s
General-317-20260718-15:48:02-5193,attr,Florasat_Individual_Sats.terminal[26].dlk.mac,tsdIdle,unit,s,
General-317-20260718-15:48:02-5193,param,Florasat_Individual_Sats.terminal[26].dlk.mac,satelliteDetectionProbability,,,0.9
General-317-20260718-15:48:02-5193,param,Florasat_Individual_Sats.terminal[26].dlk.mac,minimumElevation,,,5
General-317-20260718-15:48:02-5193,param,Florasat_Individual_Sats.terminal[26].dlk.mac,detectInitialListen,,,0.33s
General-317-20260718-15:48:02-5193,attr,Florasat_Individual_Sats.terminal[26].dlk.mac,detectInitialListen,unit,s,
General-317-20260718-15:48:02-5193,param,Florasat_Individual_Sats.terminal[26].dlk.mac,detectSuccessExtraMin,,,0.075s
General-317-20260718-15:48:02-5193,attr,Florasat_Individual_Sats.terminal[26].dlk.mac,detectSuccessExtraMin,unit,s,
General-317-20260718-15:48:02-5193,param,Florasat_Individual_Sats.terminal[26].dlk.mac,detectSuccessExtraMax,,,1.67s
General-317-20260718-15:48:02-5193,attr,Florasat_Individual_Sats.terminal[26].dlk.mac,detectSuccessExtraMax,unit,s,
General-317-20260718-15:48:02-5193,param,Florasat_Individual_Sats.terminal[26].dlk.mac,detectMissExtra,,,1.67s
General-317-20260718-15:48:02-5193,attr,Florasat_Individual_Sats.terminal[26].dlk.mac,detectMissExtra,unit,s,
General-317-20260718-15:48:02-5193,param,Florasat_Individual_Sats.terminal[26].dlk.mac,LoRaSF,,,12
General-317-20260718-15:48:02-5193,param,Florasat_Individual_Sats.terminal[26].dlk.mac,LoRaTP,,,12
General-317-20260718-15:48:02-5193,param,Florasat_Individual_Sats.terminal[26].dlk.mac,LoRaCF,,,8.68e+08
General-317-20260718-15:48:02-5193,param,Florasat_Individual_Sats.terminal[26].dlk.mac,LoRaBW,,,125000
General-317-20260718-15:48:02-5193,param,Florasat_Individual_Sats.terminal[26].dlk.mac,LoRaCR,,,1
General-317-20260718-15:48:02-5193,param,Florasat_Individual_Sats.terminal[26].dlk.mac,useMLBox,,,true
General-317-20260718-15:48:02-5193,param,Florasat_Individual_Sats.terminal[26].dlk.mac,useMLBoxBiLSTM,,,false
General-317-20260718-15:48:02-5193,param,Florasat_Individual_Sats.terminal[26].dlk.mac,useAnalytical,,,false
General-317-20260718-15:48:02-5193,param,Florasat_Individual_Sats.terminal[26].dlk,typename,,,"""Nodes._10_Terminal._20_Data_Link.Ter_Dlk"""
General-317-20260718-15:48:02-5193,param,Florasat_Individual_Sats.terminal[26].net.routing,typename,,,"""Global.Base._30_Network.Ter_Null_Routing"""
General-317-20260718-15:48:02-5193,param,Florasat_Individual_Sats.terminal[26].net,typename,,,"""Nodes._10_Terminal._30_Network.Ter_Net"""
General-317-20260718-15:48:02-5193,param,Florasat_Individual_Sats.terminal[26].net,layerName,,,"""Ter_Net"""
General-317-20260718-15:48:02-5193,attr,Florasat_Individual_Sats.terminal[26].net,layerName,optional,,
General-317-20260718-15:48:02-5193,param,Florasat_Individual_Sats.terminal[26].net,routingType,,,"""Ter_Null_Routing"""
General-317-20260718-15:48:02-5193,param,Florasat_Individual_Sats.terminal[26].app,typename,,,"""Nodes._10_Terminal._40_Application.Ter_App"""
General-317-20260718-15:48:02-5193,param,Florasat_Individual_Sats.terminal[26].app,layerName,,,"""TerminalApplicationLayer"""
General-317-20260718-15:48:02-5193,attr,Florasat_Individual_Sats.terminal[26].app,layerName,optional,,
General-317-20260718-15:48:02-5193,param,Florasat_Individual_Sats.terminal[26].app,numberOfPacketsToSend,,,0
General-317-20260718-15:48:02-5193,param,Florasat_Individual_Sats.terminal[26].app,timeToFirstPacket,,,1s
General-317-20260718-15:48:02-5193,attr,Florasat_Individual_Sats.terminal[26].app,timeToFirstPacket,unit,s,
General-317-20260718-15:48:02-5193,param,Florasat_Individual_Sats.terminal[26].app,timeToNextPacket,,,115s
General-317-20260718-15:48:02-5193,attr,Florasat_Individual_Sats.terminal[26].app,timeToNextPacket,unit,s,
General-317-20260718-15:48:02-5193,param,Florasat_Individual_Sats.terminal[26].app,timeToResponse,,,30s
General-317-20260718-15:48:02-5193,attr,Florasat_Individual_Sats.terminal[26].app,timeToResponse,unit,s,
General-317-20260718-15:48:02-5193,param,Florasat_Individual_Sats.terminal[26].app,timeToRetry,,,10s
General-317-20260718-15:48:02-5193,attr,Florasat_Individual_Sats.terminal[26].app,timeToRetry,unit,s,
General-317-20260718-15:48:02-5193,param,Florasat_Individual_Sats.terminal[26].app,ackTimeout,,,7s
General-317-20260718-15:48:02-5193,attr,Florasat_Individual_Sats.terminal[26].app,ackTimeout,unit,s,
General-317-20260718-15:48:02-5193,param,Florasat_Individual_Sats.terminal[26].app,timer,,,1s
General-317-20260718-15:48:02-5193,attr,Florasat_Individual_Sats.terminal[26].app,timer,unit,s,
General-317-20260718-15:48:02-5193,param,Florasat_Individual_Sats.terminal[26].app,initialLoRaTP,,,14dBm
General-317-20260718-15:48:02-5193,attr,Florasat_Individual_Sats.terminal[26].app,initialLoRaTP,unit,dBm,
General-317-20260718-15:48:02-5193,param,Florasat_Individual_Sats.terminal[26].app,initialLoRaCF,,,8.68e+08Hz
General-317-20260718-15:48:02-5193,attr,Florasat_Individual_Sats.terminal[26].app,initialLoRaCF,unit,Hz,
General-317-20260718-15:48:02-5193,param,Florasat_Individual_Sats.terminal[26].app,initialLoRaSF,,,12
General-317-20260718-15:48:02-5193,param,Florasat_Individual_Sats.terminal[26].app,initialLoRaBW,,,125000Hz
General-317-20260718-15:48:02-5193,attr,Florasat_Individual_Sats.terminal[26].app,initialLoRaBW,unit,Hz,
General-317-20260718-15:48:02-5193,param,Florasat_Individual_Sats.terminal[26].app,initialLoRaCR,,,4
General-317-20260718-15:48:02-5193,param,Florasat_Individual_Sats.terminal[26].app,initialUseHeader,,,true
General-317-20260718-15:48:02-5193,param,Florasat_Individual_Sats.terminal[26].app,initialPingSlot,,,1
General-317-20260718-15:48:02-5193,param,Florasat_Individual_Sats.terminal[26].app,InitClassA,,,true
General-317-20260718-15:48:02-5193,param,Florasat_Individual_Sats.terminal[26].app,InitClassB,,,false
General-317-20260718-15:48:02-5193,param,Florasat_Individual_Sats.terminal[26].app,evaluateADRinNode,,,false
General-317-20260718-15:48:02-5193,param,Florasat_Individual_Sats.terminal[26].app,payloadSize,,,10B
General-317-20260718-15:48:02-5193,attr,Florasat_Individual_Sats.terminal[26].app,payloadSize,unit,B,
General-317-20260718-15:48:02-5193,param,Florasat_Individual_Sats.terminal[26].app,usingAck,,,true
General-317-20260718-15:48:02-5193,param,Florasat_Individual_Sats.terminal[26].app,numGroundLinks,,,40
General-317-20260718-15:48:02-5193,param,Florasat_Individual_Sats.terminal[26].app,maxHops,,,50
General-317-20260718-15:48:02-5193,param,Florasat_Individual_Sats.terminal[26].app,nroMaxAttempts,,,0
General-317-20260718-15:48:02-5193,param,Florasat_Individual_Sats.terminal[26].eng,typename,,,"""Nodes._10_Terminal._50_Energy.Ter_Ene"""
General-317-20260718-15:48:02-5193,param,Florasat_Individual_Sats.terminal[26].mob,typename,,,"""Nodes._10_Terminal._60_Mobility.Ter_Mob"""
General-317-20260718-15:48:02-5193,param,Florasat_Individual_Sats.terminal[26].mob,subjectModule,,,"""^"""
General-317-20260718-15:48:02-5193,param,Florasat_Individual_Sats.terminal[26].mob,coordinateSystemModule,,,""""""
General-317-20260718-15:48:02-5193,param,Florasat_Individual_Sats.terminal[26].mob,displayStringTextFormat,,,"""p: %p\nv: %v"""
General-317-20260718-15:48:02-5193,attr,Florasat_Individual_Sats.terminal[26].mob,displayStringTextFormat,mutable,,
General-317-20260718-15:48:02-5193,param,Florasat_Individual_Sats.terminal[26].mob,updateDisplayString,,,true
General-317-20260718-15:48:02-5193,param,Florasat_Individual_Sats.terminal[26].mob,constraintAreaMinX,,,-inf m
General-317-20260718-15:48:02-5193,attr,Florasat_Individual_Sats.terminal[26].mob,constraintAreaMinX,unit,m,
General-317-20260718-15:48:02-5193,param,Florasat_Individual_Sats.terminal[26].mob,constraintAreaMinY,,,-inf m
General-317-20260718-15:48:02-5193,attr,Florasat_Individual_Sats.terminal[26].mob,constraintAreaMinY,unit,m,
General-317-20260718-15:48:02-5193,param,Florasat_Individual_Sats.terminal[26].mob,constraintAreaMinZ,,,-inf m
General-317-20260718-15:48:02-5193,attr,Florasat_Individual_Sats.terminal[26].mob,constraintAreaMinZ,unit,m,
General-317-20260718-15:48:02-5193,param,Florasat_Individual_Sats.terminal[26].mob,constraintAreaMaxX,,,inf m
General-317-20260718-15:48:02-5193,attr,Florasat_Individual_Sats.terminal[26].mob,constraintAreaMaxX,unit,m,
General-317-20260718-15:48:02-5193,param,Florasat_Individual_Sats.terminal[26].mob,constraintAreaMaxY,,,inf m
General-317-20260718-15:48:02-5193,attr,Florasat_Individual_Sats.terminal[26].mob,constraintAreaMaxY,unit,m,
General-317-20260718-15:48:02-5193,param,Florasat_Individual_Sats.terminal[26].mob,constraintAreaMaxZ,,,inf m
General-317-20260718-15:48:02-5193,attr,Florasat_Individual_Sats.terminal[26].mob,constraintAreaMaxZ,unit,m,
General-317-20260718-15:48:02-5193,param,Florasat_Individual_Sats.terminal[26].mob,initialX,,,nan m
General-317-20260718-15:48:02-5193,attr,Florasat_Individual_Sats.terminal[26].mob,initialX,unit,m,
General-317-20260718-15:48:02-5193,param,Florasat_Individual_Sats.terminal[26].mob,initialY,,,nan m
General-317-20260718-15:48:02-5193,attr,Florasat_Individual_Sats.terminal[26].mob,initialY,unit,m,
General-317-20260718-15:48:02-5193,param,Florasat_Individual_Sats.terminal[26].mob,initialZ,,,0m
General-317-20260718-15:48:02-5193,attr,Florasat_Individual_Sats.terminal[26].mob,initialZ,unit,m,
General-317-20260718-15:48:02-5193,param,Florasat_Individual_Sats.terminal[26].mob,initialLatitude,,,nan deg
General-317-20260718-15:48:02-5193,attr,Florasat_Individual_Sats.terminal[26].mob,initialLatitude,unit,deg,
General-317-20260718-15:48:02-5193,param,Florasat_Individual_Sats.terminal[26].mob,initialLongitude,,,nan deg
General-317-20260718-15:48:02-5193,attr,Florasat_Individual_Sats.terminal[26].mob,initialLongitude,unit,deg,
General-317-20260718-15:48:02-5193,param,Florasat_Individual_Sats.terminal[26].mob,initialAltitude,,,0m
General-317-20260718-15:48:02-5193,attr,Florasat_Individual_Sats.terminal[26].mob,initialAltitude,unit,m,
General-317-20260718-15:48:02-5193,param,Florasat_Individual_Sats.terminal[26].mob,initialHeading,,,0deg
General-317-20260718-15:48:02-5193,attr,Florasat_Individual_Sats.terminal[26].mob,initialHeading,unit,deg,
General-317-20260718-15:48:02-5193,param,Florasat_Individual_Sats.terminal[26].mob,initialElevation,,,0deg
General-317-20260718-15:48:02-5193,attr,Florasat_Individual_Sats.terminal[26].mob,initialElevation,unit,deg,
General-317-20260718-15:48:02-5193,param,Florasat_Individual_Sats.terminal[26].mob,initialBank,,,0deg
General-317-20260718-15:48:02-5193,attr,Florasat_Individual_Sats.terminal[26].mob,initialBank,unit,deg,
General-317-20260718-15:48:02-5193,param,Florasat_Individual_Sats.terminal[26].mob,initFromDisplayString,,,false
General-317-20260718-15:48:02-5193,param,Florasat_Individual_Sats.terminal[26].mob,updateFromDisplayString,,,false
General-317-20260718-15:48:02-5193,param,Florasat_Individual_Sats.terminal[26].mob,centerLatitude,,,37.066
General-317-20260718-15:48:02-5193,param,Florasat_Individual_Sats.terminal[26].mob,centerLongitude,,,37.383
General-317-20260718-15:48:02-5193,param,Florasat_Individual_Sats.terminal[26].mob,deploymentRadius,,,200
General-317-20260718-15:48:02-5193,param,Florasat_Individual_Sats.terminal[26],typename,,,"""Nodes._10_Terminal.Terminal"""
General-317-20260718-15:48:02-5193,param,Florasat_Individual_Sats.terminal[26],layerName,,,"""Terminal"""
General-317-20260718-15:48:02-5193,attr,Florasat_Individual_Sats.terminal[26],layerName,optional,,
General-317-20260718-15:48:02-5193,param,Florasat_Individual_Sats.terminal[26],sendData,,,true
General-317-20260718-15:48:02-5193,attr,Florasat_Individual_Sats.terminal[26],sendData,mutable,,
General-317-20260718-15:48:02-5193,param,Florasat_Individual_Sats.terminal[26],dstGsOrDev,,,0
General-317-20260718-15:48:02-5193,param,Florasat_Individual_Sats.terminal[27].phy.radio.antenna,typename,,,"""inet.physicallayer.wireless.common.antenna.IsotropicAntenna"""
General-317-20260718-15:48:02-5193,param,Florasat_Individual_Sats.terminal[27].phy.radio.antenna,mobilityModule,,,"""^.^.^.mob"""
General-317-20260718-15:48:02-5193,param,Florasat_Individual_Sats.terminal[27].phy.radio.antenna,numAntennas,,,1
General-317-20260718-15:48:02-5193,param,Florasat_Individual_Sats.terminal[27].phy.radio.transmitter,typename,,,"""Global.Transceiver.LoRaTransmitter"""
General-317-20260718-15:48:02-5193,param,Florasat_Individual_Sats.terminal[27].phy.radio.transmitter,preambleDuration,,,0.001s
General-317-20260718-15:48:02-5193,attr,Florasat_Individual_Sats.terminal[27].phy.radio.transmitter,preambleDuration,unit,s,
General-317-20260718-15:48:02-5193,param,Florasat_Individual_Sats.terminal[27].phy.radio.transmitter,headerLength,,,40b
General-317-20260718-15:48:02-5193,attr,Florasat_Individual_Sats.terminal[27].phy.radio.transmitter,headerLength,unit,b,
General-317-20260718-15:48:02-5193,param,Florasat_Individual_Sats.terminal[27].phy.radio.transmitter,bitrate,,,250000bps
General-317-20260718-15:48:02-5193,attr,Florasat_Individual_Sats.terminal[27].phy.radio.transmitter,bitrate,unit,bps,
General-317-20260718-15:48:02-5193,param,Florasat_Individual_Sats.terminal[27].phy.radio.transmitter,power,,,0.025118W
General-317-20260718-15:48:02-5193,attr,Florasat_Individual_Sats.terminal[27].phy.radio.transmitter,power,unit,W,
General-317-20260718-15:48:02-5193,param,Florasat_Individual_Sats.terminal[27].phy.radio.transmitter,centerFrequency,,,8.68e+08Hz
General-317-20260718-15:48:02-5193,attr,Florasat_Individual_Sats.terminal[27].phy.radio.transmitter,centerFrequency,unit,Hz,
General-317-20260718-15:48:02-5193,param,Florasat_Individual_Sats.terminal[27].phy.radio.transmitter,bandwidth,,,250000Hz
General-317-20260718-15:48:02-5193,attr,Florasat_Individual_Sats.terminal[27].phy.radio.transmitter,bandwidth,unit,Hz,
General-317-20260718-15:48:02-5193,param,Florasat_Individual_Sats.terminal[27].phy.radio.transmitter,codeRate,,,1
General-317-20260718-15:48:02-5193,param,Florasat_Individual_Sats.terminal[27].phy.radio.transmitter,modulation,,,"""LoRaModulation"""
General-317-20260718-15:48:02-5193,param,Florasat_Individual_Sats.terminal[27].phy.radio.receiver,typename,,,"""Global.Transceiver.LoRaReceiver"""
General-317-20260718-15:48:02-5193,param,Florasat_Individual_Sats.terminal[27].phy.radio.receiver,energyDetection,,,-90dBm
General-317-20260718-15:48:02-5193,attr,Florasat_Individual_Sats.terminal[27].phy.radio.receiver,energyDetection,unit,dBm,
General-317-20260718-15:48:02-5193,param,Florasat_Individual_Sats.terminal[27].phy.radio.receiver,sensitivity,,,-137dBm
General-317-20260718-15:48:02-5193,attr,Florasat_Individual_Sats.terminal[27].phy.radio.receiver,sensitivity,unit,dBm,
General-317-20260718-15:48:02-5193,param,Florasat_Individual_Sats.terminal[27].phy.radio.receiver,snirThreshold,,,-8dB
General-317-20260718-15:48:02-5193,attr,Florasat_Individual_Sats.terminal[27].phy.radio.receiver,snirThreshold,unit,dB,
General-317-20260718-15:48:02-5193,param,Florasat_Individual_Sats.terminal[27].phy.radio.receiver,centerFrequency,,,8.68e+08Hz
General-317-20260718-15:48:02-5193,attr,Florasat_Individual_Sats.terminal[27].phy.radio.receiver,centerFrequency,unit,Hz,
General-317-20260718-15:48:02-5193,param,Florasat_Individual_Sats.terminal[27].phy.radio.receiver,bandwidth,,,250000Hz
General-317-20260718-15:48:02-5193,attr,Florasat_Individual_Sats.terminal[27].phy.radio.receiver,bandwidth,unit,Hz,
General-317-20260718-15:48:02-5193,param,Florasat_Individual_Sats.terminal[27].phy.radio.receiver,alohaChannelModel,,,false
General-317-20260718-15:48:02-5193,param,Florasat_Individual_Sats.terminal[27].phy.radio.receiver,errorModelType,,,""""""
General-317-20260718-15:48:02-5193,param,Florasat_Individual_Sats.terminal[27].phy.radio.receiver,ignoreInterference,,,false
General-317-20260718-15:48:02-5193,param,Florasat_Individual_Sats.terminal[27].phy.radio.receiver,enableCollisionOverlap,,,false
General-317-20260718-15:48:02-5193,param,Florasat_Individual_Sats.terminal[27].phy.radio.receiver,minCollisionOverlap,,,0s
General-317-20260718-15:48:02-5193,attr,Florasat_Individual_Sats.terminal[27].phy.radio.receiver,minCollisionOverlap,unit,s,
General-317-20260718-15:48:02-5193,param,Florasat_Individual_Sats.terminal[27].phy.radio.IdealEpEnergyStorage,typename,,,"""inet.power.storage.IdealEpEnergyStorage"""
General-317-20260718-15:48:02-5193,param,Florasat_Individual_Sats.terminal[27].phy.radio,typename,,,"""Nodes._10_Terminal._10_Physical.Ter_Phy_LoRaRadio"""
General-317-20260718-15:48:02-5193,param,Florasat_Individual_Sats.terminal[27].phy.radio,radioMediumModule,,,"""radioMedium"""
General-317-20260718-15:48:02-5193,param,Florasat_Individual_Sats.terminal[27].phy.radio,energySourceModule,,,""""""
General-317-20260718-15:48:02-5193,param,Florasat_Individual_Sats.terminal[27].phy.radio,initialRadioMode,,,"""off"""
General-317-20260718-15:48:02-5193,attr,Florasat_Individual_Sats.terminal[27].phy.radio,initialRadioMode,enum,"off,sleep,receiver,transmitter,transceiver",
General-317-20260718-15:48:02-5193,param,Florasat_Individual_Sats.terminal[27].phy.radio,switchingTimes,,,"""ms 0 0 0 0 0 0 0 0 0 0 0 0 0 0 0 0 0 0 0 0 0 0 0 0 0"""
General-317-20260718-15:48:02-5193,param,Florasat_Individual_Sats.terminal[27].phy.radio,sendRawBytes,,,false
General-317-20260718-15:48:02-5193,param,Florasat_Individual_Sats.terminal[27].phy.radio,separateTransmissionParts,,,false
General-317-20260718-15:48:02-5193,param,Florasat_Individual_Sats.terminal[27].phy.radio,separateReceptionParts,,,false
General-317-20260718-15:48:02-5193,param,Florasat_Individual_Sats.terminal[27].phy.radio,displayCommunicationRange,,,false
General-317-20260718-15:48:02-5193,param,Florasat_Individual_Sats.terminal[27].phy.radio,displayInterferenceRange,,,false
General-317-20260718-15:48:02-5193,param,Florasat_Individual_Sats.terminal[27].phy.radio,centerFrequency,,,8.68e+08Hz
General-317-20260718-15:48:02-5193,attr,Florasat_Individual_Sats.terminal[27].phy.radio,centerFrequency,unit,Hz,
General-317-20260718-15:48:02-5193,param,Florasat_Individual_Sats.terminal[27].phy.radio,bandwidth,,,250000Hz
General-317-20260718-15:48:02-5193,attr,Florasat_Individual_Sats.terminal[27].phy.radio,bandwidth,unit,Hz,
General-317-20260718-15:48:02-5193,param,Florasat_Individual_Sats.terminal[27].phy.radio,iAmGateway,,,false
General-317-20260718-15:48:02-5193,param,Florasat_Individual_Sats.terminal[27].phy,typename,,,"""Nodes._10_Terminal._10_Physical.Ter_Phy"""
General-317-20260718-15:48:02-5193,param,Florasat_Individual_Sats.terminal[27].phy,layerName,,,"""Ter_Phy"""
General-317-20260718-15:48:02-5193,attr,Florasat_Individual_Sats.terminal[27].phy,layerName,optional,,
General-317-20260718-15:48:02-5193,param,Florasat_Individual_Sats.terminal[27].dlk.mac.queue,typename,,,"""inet.queueing.queue.DropTailQueue"""
General-317-20260718-15:48:02-5193,param,Florasat_Individual_Sats.terminal[27].dlk.mac.queue,displayStringTextFormat,,,"""contains %p pk (%l) pushed %u\npulled %o removed %r dropped %d"""
General-317-20260718-15:48:02-5193,param,Florasat_Individual_Sats.terminal[27].dlk.mac.queue,packetCapacity,,,-1
General-317-20260718-15:48:02-5193,param,Florasat_Individual_Sats.terminal[27].dlk.mac.queue,dataCapacity,,,-1b
General-317-20260718-15:48:02-5193,attr,Florasat_Individual_Sats.terminal[27].dlk.mac.queue,dataCapacity,unit,b,
General-317-20260718-15:48:02-5193,param,Florasat_Individual_Sats.terminal[27].dlk.mac.queue,dropperClass,,,"""inet::queueing::PacketAtCollectionEndDropper"""
General-317-20260718-15:48:02-5193,param,Florasat_Individual_Sats.terminal[27].dlk.mac.queue,comparatorClass,,,""""""
General-317-20260718-15:48:02-5193,param,Florasat_Individual_Sats.terminal[27].dlk.mac.queue,bufferModule,,,""""""
General-317-20260718-15:48:02-5193,param,Florasat_Individual_Sats.terminal[27].dlk.mac.mlBox,typename,,,"""Nodes._10_Terminal._20_Data_Link.Transmission_Predictor.Transmission_Predictor"""
General-317-20260718-15:48:02-5193,param,Florasat_Individual_Sats.terminal[27].dlk.mac.mlBox,modelPath,,,"""/home/ylnner/Documents/omnet++/omnetpp-6.3.0/projects/florasat_v4_ult_routing/simulations/Test_Individual/mlmodels/transformer_scripted.pt"""
General-317-20260718-15:48:02-5193,param,Florasat_Individual_Sats.terminal[27].dlk.mac.mlBox,threshold,,,0.2
General-317-20260718-15:48:02-5193,param,Florasat_Individual_Sats.terminal[27].dlk.mac.mlBox,scalerPath,,,""""""
General-317-20260718-15:48:02-5193,param,Florasat_Individual_Sats.terminal[27].dlk.mac,typename,,,"""Nodes._10_Terminal._20_Data_Link.Ter_Dlk_KiWan"""
General-317-20260718-15:48:02-5193,param,Florasat_Individual_Sats.terminal[27].dlk.mac,interfaceTableModule,,,""""""
General-317-20260718-15:48:02-5193,param,Florasat_Individual_Sats.terminal[27].dlk.mac,radioModule,,,"""^.^.phy.radio"""
General-317-20260718-15:48:02-5193,param,Florasat_Individual_Sats.terminal[27].dlk.mac,address,,,"""0A-AA-00-00-00-1C"""
General-317-20260718-15:48:02-5193,attr,Florasat_Individual_Sats.terminal[27].dlk.mac,address,mutable,,
General-317-20260718-15:48:02-5193,param,Florasat_Individual_Sats.terminal[27].dlk.mac,mtu,,,1500
General-317-20260718-15:48:02-5193,param,Florasat_Individual_Sats.terminal[27].dlk.mac,ttwDuration,,,100s
General-317-20260718-15:48:02-5193,attr,Florasat_Individual_Sats.terminal[27].dlk.mac,ttwDuration,unit,s,
General-317-20260718-15:48:02-5193,param,Florasat_Individual_Sats.terminal[27].dlk.mac,ttwIdle,,,0s
General-317-20260718-15:48:02-5193,attr,Florasat_Individual_Sats.terminal[27].dlk.mac,ttwIdle,unit,s,
General-317-20260718-15:48:02-5193,param,Florasat_Individual_Sats.terminal[27].dlk.mac,ttxStart_min,,,0s
General-317-20260718-15:48:02-5193,attr,Florasat_Individual_Sats.terminal[27].dlk.mac,ttxStart_min,unit,s,
General-317-20260718-15:48:02-5193,param,Florasat_Individual_Sats.terminal[27].dlk.mac,ttxStart_max,,,1s
General-317-20260718-15:48:02-5193,attr,Florasat_Individual_Sats.terminal[27].dlk.mac,ttxStart_max,unit,s,
General-317-20260718-15:48:02-5193,param,Florasat_Individual_Sats.terminal[27].dlk.mac,ttxIdle_min,,,10s
General-317-20260718-15:48:02-5193,attr,Florasat_Individual_Sats.terminal[27].dlk.mac,ttxIdle_min,unit,s,
General-317-20260718-15:48:02-5193,param,Florasat_Individual_Sats.terminal[27].dlk.mac,ttxIdle_max,,,15s
General-317-20260718-15:48:02-5193,attr,Florasat_Individual_Sats.terminal[27].dlk.mac,ttxIdle_max,unit,s,
General-317-20260718-15:48:02-5193,param,Florasat_Individual_Sats.terminal[27].dlk.mac,Ntw,,,1
General-317-20260718-15:48:02-5193,param,Florasat_Individual_Sats.terminal[27].dlk.mac,Ntx,,,5
General-317-20260718-15:48:02-5193,param,Florasat_Individual_Sats.terminal[27].dlk.mac,enableSatDetect,,,false
General-317-20260718-15:48:02-5193,param,Florasat_Individual_Sats.terminal[27].dlk.mac,tsdStart_min,,,0s
General-317-20260718-15:48:02-5193,attr,Florasat_Individual_Sats.terminal[27].dlk.mac,tsdStart_min,unit,s,
General-317-20260718-15:48:02-5193,param,Florasat_Individual_Sats.terminal[27].dlk.mac,tsdStart_max,,,60s
General-317-20260718-15:48:02-5193,attr,Florasat_Individual_Sats.terminal[27].dlk.mac,tsdStart_max,unit,s,
General-317-20260718-15:48:02-5193,param,Florasat_Individual_Sats.terminal[27].dlk.mac,Ndetect,,,4
General-317-20260718-15:48:02-5193,param,Florasat_Individual_Sats.terminal[27].dlk.mac,NsdSync,,,2
General-317-20260718-15:48:02-5193,param,Florasat_Individual_Sats.terminal[27].dlk.mac,tsyncIdle,,,60s
General-317-20260718-15:48:02-5193,attr,Florasat_Individual_Sats.terminal[27].dlk.mac,tsyncIdle,unit,s,
General-317-20260718-15:48:02-5193,param,Florasat_Individual_Sats.terminal[27].dlk.mac,tsdIdle,,,240s
General-317-20260718-15:48:02-5193,attr,Florasat_Individual_Sats.terminal[27].dlk.mac,tsdIdle,unit,s,
General-317-20260718-15:48:02-5193,param,Florasat_Individual_Sats.terminal[27].dlk.mac,satelliteDetectionProbability,,,0.9
General-317-20260718-15:48:02-5193,param,Florasat_Individual_Sats.terminal[27].dlk.mac,minimumElevation,,,5
General-317-20260718-15:48:02-5193,param,Florasat_Individual_Sats.terminal[27].dlk.mac,detectInitialListen,,,0.33s
General-317-20260718-15:48:02-5193,attr,Florasat_Individual_Sats.terminal[27].dlk.mac,detectInitialListen,unit,s,
General-317-20260718-15:48:02-5193,param,Florasat_Individual_Sats.terminal[27].dlk.mac,detectSuccessExtraMin,,,0.075s
General-317-20260718-15:48:02-5193,attr,Florasat_Individual_Sats.terminal[27].dlk.mac,detectSuccessExtraMin,unit,s,
General-317-20260718-15:48:02-5193,param,Florasat_Individual_Sats.terminal[27].dlk.mac,detectSuccessExtraMax,,,1.67s
General-317-20260718-15:48:02-5193,attr,Florasat_Individual_Sats.terminal[27].dlk.mac,detectSuccessExtraMax,unit,s,
General-317-20260718-15:48:02-5193,param,Florasat_Individual_Sats.terminal[27].dlk.mac,detectMissExtra,,,1.67s
General-317-20260718-15:48:02-5193,attr,Florasat_Individual_Sats.terminal[27].dlk.mac,detectMissExtra,unit,s,
General-317-20260718-15:48:02-5193,param,Florasat_Individual_Sats.terminal[27].dlk.mac,LoRaSF,,,11
General-317-20260718-15:48:02-5193,param,Florasat_Individual_Sats.terminal[27].dlk.mac,LoRaTP,,,13
General-317-20260718-15:48:02-5193,param,Florasat_Individual_Sats.terminal[27].dlk.mac,LoRaCF,,,8.68e+08
General-317-20260718-15:48:02-5193,param,Florasat_Individual_Sats.terminal[27].dlk.mac,LoRaBW,,,125000
General-317-20260718-15:48:02-5193,param,Florasat_Individual_Sats.terminal[27].dlk.mac,LoRaCR,,,1
General-317-20260718-15:48:02-5193,param,Florasat_Individual_Sats.terminal[27].dlk.mac,useMLBox,,,true
General-317-20260718-15:48:02-5193,param,Florasat_Individual_Sats.terminal[27].dlk.mac,useMLBoxBiLSTM,,,false
General-317-20260718-15:48:02-5193,param,Florasat_Individual_Sats.terminal[27].dlk.mac,useAnalytical,,,false
General-317-20260718-15:48:02-5193,param,Florasat_Individual_Sats.terminal[27].dlk,typename,,,"""Nodes._10_Terminal._20_Data_Link.Ter_Dlk"""
General-317-20260718-15:48:02-5193,param,Florasat_Individual_Sats.terminal[27].net.routing,typename,,,"""Global.Base._30_Network.Ter_Null_Routing"""
General-317-20260718-15:48:02-5193,param,Florasat_Individual_Sats.terminal[27].net,typename,,,"""Nodes._10_Terminal._30_Network.Ter_Net"""
General-317-20260718-15:48:02-5193,param,Florasat_Individual_Sats.terminal[27].net,layerName,,,"""Ter_Net"""
General-317-20260718-15:48:02-5193,attr,Florasat_Individual_Sats.terminal[27].net,layerName,optional,,
General-317-20260718-15:48:02-5193,param,Florasat_Individual_Sats.terminal[27].net,routingType,,,"""Ter_Null_Routing"""
General-317-20260718-15:48:02-5193,param,Florasat_Individual_Sats.terminal[27].app,typename,,,"""Nodes._10_Terminal._40_Application.Ter_App"""
General-317-20260718-15:48:02-5193,param,Florasat_Individual_Sats.terminal[27].app,layerName,,,"""TerminalApplicationLayer"""
General-317-20260718-15:48:02-5193,attr,Florasat_Individual_Sats.terminal[27].app,layerName,optional,,
General-317-20260718-15:48:02-5193,param,Florasat_Individual_Sats.terminal[27].app,numberOfPacketsToSend,,,0
General-317-20260718-15:48:02-5193,param,Florasat_Individual_Sats.terminal[27].app,timeToFirstPacket,,,1s
General-317-20260718-15:48:02-5193,attr,Florasat_Individual_Sats.terminal[27].app,timeToFirstPacket,unit,s,
General-317-20260718-15:48:02-5193,param,Florasat_Individual_Sats.terminal[27].app,timeToNextPacket,,,115s
General-317-20260718-15:48:02-5193,attr,Florasat_Individual_Sats.terminal[27].app,timeToNextPacket,unit,s,
General-317-20260718-15:48:02-5193,param,Florasat_Individual_Sats.terminal[27].app,timeToResponse,,,30s
General-317-20260718-15:48:02-5193,attr,Florasat_Individual_Sats.terminal[27].app,timeToResponse,unit,s,
General-317-20260718-15:48:02-5193,param,Florasat_Individual_Sats.terminal[27].app,timeToRetry,,,10s
General-317-20260718-15:48:02-5193,attr,Florasat_Individual_Sats.terminal[27].app,timeToRetry,unit,s,
General-317-20260718-15:48:02-5193,param,Florasat_Individual_Sats.terminal[27].app,ackTimeout,,,7s
General-317-20260718-15:48:02-5193,attr,Florasat_Individual_Sats.terminal[27].app,ackTimeout,unit,s,
General-317-20260718-15:48:02-5193,param,Florasat_Individual_Sats.terminal[27].app,timer,,,1s
General-317-20260718-15:48:02-5193,attr,Florasat_Individual_Sats.terminal[27].app,timer,unit,s,
General-317-20260718-15:48:02-5193,param,Florasat_Individual_Sats.terminal[27].app,initialLoRaTP,,,14dBm
General-317-20260718-15:48:02-5193,attr,Florasat_Individual_Sats.terminal[27].app,initialLoRaTP,unit,dBm,
General-317-20260718-15:48:02-5193,param,Florasat_Individual_Sats.terminal[27].app,initialLoRaCF,,,8.68e+08Hz
General-317-20260718-15:48:02-5193,attr,Florasat_Individual_Sats.terminal[27].app,initialLoRaCF,unit,Hz,
General-317-20260718-15:48:02-5193,param,Florasat_Individual_Sats.terminal[27].app,initialLoRaSF,,,12
General-317-20260718-15:48:02-5193,param,Florasat_Individual_Sats.terminal[27].app,initialLoRaBW,,,125000Hz
General-317-20260718-15:48:02-5193,attr,Florasat_Individual_Sats.terminal[27].app,initialLoRaBW,unit,Hz,
General-317-20260718-15:48:02-5193,param,Florasat_Individual_Sats.terminal[27].app,initialLoRaCR,,,4
General-317-20260718-15:48:02-5193,param,Florasat_Individual_Sats.terminal[27].app,initialUseHeader,,,true
General-317-20260718-15:48:02-5193,param,Florasat_Individual_Sats.terminal[27].app,initialPingSlot,,,1
General-317-20260718-15:48:02-5193,param,Florasat_Individual_Sats.terminal[27].app,InitClassA,,,true
General-317-20260718-15:48:02-5193,param,Florasat_Individual_Sats.terminal[27].app,InitClassB,,,false
General-317-20260718-15:48:02-5193,param,Florasat_Individual_Sats.terminal[27].app,evaluateADRinNode,,,false
General-317-20260718-15:48:02-5193,param,Florasat_Individual_Sats.terminal[27].app,payloadSize,,,10B
General-317-20260718-15:48:02-5193,attr,Florasat_Individual_Sats.terminal[27].app,payloadSize,unit,B,
General-317-20260718-15:48:02-5193,param,Florasat_Individual_Sats.terminal[27].app,usingAck,,,true
General-317-20260718-15:48:02-5193,param,Florasat_Individual_Sats.terminal[27].app,numGroundLinks,,,40
General-317-20260718-15:48:02-5193,param,Florasat_Individual_Sats.terminal[27].app,maxHops,,,50
General-317-20260718-15:48:02-5193,param,Florasat_Individual_Sats.terminal[27].app,nroMaxAttempts,,,0
General-317-20260718-15:48:02-5193,param,Florasat_Individual_Sats.terminal[27].eng,typename,,,"""Nodes._10_Terminal._50_Energy.Ter_Ene"""
General-317-20260718-15:48:02-5193,param,Florasat_Individual_Sats.terminal[27].mob,typename,,,"""Nodes._10_Terminal._60_Mobility.Ter_Mob"""
General-317-20260718-15:48:02-5193,param,Florasat_Individual_Sats.terminal[27].mob,subjectModule,,,"""^"""
General-317-20260718-15:48:02-5193,param,Florasat_Individual_Sats.terminal[27].mob,coordinateSystemModule,,,""""""
General-317-20260718-15:48:02-5193,param,Florasat_Individual_Sats.terminal[27].mob,displayStringTextFormat,,,"""p: %p\nv: %v"""
General-317-20260718-15:48:02-5193,attr,Florasat_Individual_Sats.terminal[27].mob,displayStringTextFormat,mutable,,
General-317-20260718-15:48:02-5193,param,Florasat_Individual_Sats.terminal[27].mob,updateDisplayString,,,true
General-317-20260718-15:48:02-5193,param,Florasat_Individual_Sats.terminal[27].mob,constraintAreaMinX,,,-inf m
General-317-20260718-15:48:02-5193,attr,Florasat_Individual_Sats.terminal[27].mob,constraintAreaMinX,unit,m,
General-317-20260718-15:48:02-5193,param,Florasat_Individual_Sats.terminal[27].mob,constraintAreaMinY,,,-inf m
General-317-20260718-15:48:02-5193,attr,Florasat_Individual_Sats.terminal[27].mob,constraintAreaMinY,unit,m,
General-317-20260718-15:48:02-5193,param,Florasat_Individual_Sats.terminal[27].mob,constraintAreaMinZ,,,-inf m
General-317-20260718-15:48:02-5193,attr,Florasat_Individual_Sats.terminal[27].mob,constraintAreaMinZ,unit,m,
General-317-20260718-15:48:02-5193,param,Florasat_Individual_Sats.terminal[27].mob,constraintAreaMaxX,,,inf m
General-317-20260718-15:48:02-5193,attr,Florasat_Individual_Sats.terminal[27].mob,constraintAreaMaxX,unit,m,
General-317-20260718-15:48:02-5193,param,Florasat_Individual_Sats.terminal[27].mob,constraintAreaMaxY,,,inf m
General-317-20260718-15:48:02-5193,attr,Florasat_Individual_Sats.terminal[27].mob,constraintAreaMaxY,unit,m,
General-317-20260718-15:48:02-5193,param,Florasat_Individual_Sats.terminal[27].mob,constraintAreaMaxZ,,,inf m
General-317-20260718-15:48:02-5193,attr,Florasat_Individual_Sats.terminal[27].mob,constraintAreaMaxZ,unit,m,
General-317-20260718-15:48:02-5193,param,Florasat_Individual_Sats.terminal[27].mob,initialX,,,nan m
General-317-20260718-15:48:02-5193,attr,Florasat_Individual_Sats.terminal[27].mob,initialX,unit,m,
General-317-20260718-15:48:02-5193,param,Florasat_Individual_Sats.terminal[27].mob,initialY,,,nan m
General-317-20260718-15:48:02-5193,attr,Florasat_Individual_Sats.terminal[27].mob,initialY,unit,m,
General-317-20260718-15:48:02-5193,param,Florasat_Individual_Sats.terminal[27].mob,initialZ,,,0m
General-317-20260718-15:48:02-5193,attr,Florasat_Individual_Sats.terminal[27].mob,initialZ,unit,m,
General-317-20260718-15:48:02-5193,param,Florasat_Individual_Sats.terminal[27].mob,initialLatitude,,,nan deg
General-317-20260718-15:48:02-5193,attr,Florasat_Individual_Sats.terminal[27].mob,initialLatitude,unit,deg,
General-317-20260718-15:48:02-5193,param,Florasat_Individual_Sats.terminal[27].mob,initialLongitude,,,nan deg
General-317-20260718-15:48:02-5193,attr,Florasat_Individual_Sats.terminal[27].mob,initialLongitude,unit,deg,
General-317-20260718-15:48:02-5193,param,Florasat_Individual_Sats.terminal[27].mob,initialAltitude,,,0m
General-317-20260718-15:48:02-5193,attr,Florasat_Individual_Sats.terminal[27].mob,initialAltitude,unit,m,
General-317-20260718-15:48:02-5193,param,Florasat_Individual_Sats.terminal[27].mob,initialHeading,,,0deg
General-317-20260718-15:48:02-5193,attr,Florasat_Individual_Sats.terminal[27].mob,initialHeading,unit,deg,
General-317-20260718-15:48:02-5193,param,Florasat_Individual_Sats.terminal[27].mob,initialElevation,,,0deg
General-317-20260718-15:48:02-5193,attr,Florasat_Individual_Sats.terminal[27].mob,initialElevation,unit,deg,
General-317-20260718-15:48:02-5193,param,Florasat_Individual_Sats.terminal[27].mob,initialBank,,,0deg
General-317-20260718-15:48:02-5193,attr,Florasat_Individual_Sats.terminal[27].mob,initialBank,unit,deg,
General-317-20260718-15:48:02-5193,param,Florasat_Individual_Sats.terminal[27].mob,initFromDisplayString,,,false
General-317-20260718-15:48:02-5193,param,Florasat_Individual_Sats.terminal[27].mob,updateFromDisplayString,,,false
General-317-20260718-15:48:02-5193,param,Florasat_Individual_Sats.terminal[27].mob,centerLatitude,,,64.836
General-317-20260718-15:48:02-5193,param,Florasat_Individual_Sats.terminal[27].mob,centerLongitude,,,-23.708
General-317-20260718-15:48:02-5193,param,Florasat_Individual_Sats.terminal[27].mob,deploymentRadius,,,200
General-317-20260718-15:48:02-5193,param,Florasat_Individual_Sats.terminal[27],typename,,,"""Nodes._10_Terminal.Terminal"""
General-317-20260718-15:48:02-5193,param,Florasat_Individual_Sats.terminal[27],layerName,,,"""Terminal"""
General-317-20260718-15:48:02-5193,attr,Florasat_Individual_Sats.terminal[27],layerName,optional,,
General-317-20260718-15:48:02-5193,param,Florasat_Individual_Sats.terminal[27],sendData,,,true
General-317-20260718-15:48:02-5193,attr,Florasat_Individual_Sats.terminal[27],sendData,mutable,,
General-317-20260718-15:48:02-5193,param,Florasat_Individual_Sats.terminal[27],dstGsOrDev,,,0
General-317-20260718-15:48:02-5193,param,Florasat_Individual_Sats.terminal[28].phy.radio.antenna,typename,,,"""inet.physicallayer.wireless.common.antenna.IsotropicAntenna"""
General-317-20260718-15:48:02-5193,param,Florasat_Individual_Sats.terminal[28].phy.radio.antenna,mobilityModule,,,"""^.^.^.mob"""
General-317-20260718-15:48:02-5193,param,Florasat_Individual_Sats.terminal[28].phy.radio.antenna,numAntennas,,,1
General-317-20260718-15:48:02-5193,param,Florasat_Individual_Sats.terminal[28].phy.radio.transmitter,typename,,,"""Global.Transceiver.LoRaTransmitter"""
General-317-20260718-15:48:02-5193,param,Florasat_Individual_Sats.terminal[28].phy.radio.transmitter,preambleDuration,,,0.001s
General-317-20260718-15:48:02-5193,attr,Florasat_Individual_Sats.terminal[28].phy.radio.transmitter,preambleDuration,unit,s,
General-317-20260718-15:48:02-5193,param,Florasat_Individual_Sats.terminal[28].phy.radio.transmitter,headerLength,,,40b
General-317-20260718-15:48:02-5193,attr,Florasat_Individual_Sats.terminal[28].phy.radio.transmitter,headerLength,unit,b,
General-317-20260718-15:48:02-5193,param,Florasat_Individual_Sats.terminal[28].phy.radio.transmitter,bitrate,,,250000bps
General-317-20260718-15:48:02-5193,attr,Florasat_Individual_Sats.terminal[28].phy.radio.transmitter,bitrate,unit,bps,
General-317-20260718-15:48:02-5193,param,Florasat_Individual_Sats.terminal[28].phy.radio.transmitter,power,,,0.025118W
General-317-20260718-15:48:02-5193,attr,Florasat_Individual_Sats.terminal[28].phy.radio.transmitter,power,unit,W,
General-317-20260718-15:48:02-5193,param,Florasat_Individual_Sats.terminal[28].phy.radio.transmitter,centerFrequency,,,8.68e+08Hz
General-317-20260718-15:48:02-5193,attr,Florasat_Individual_Sats.terminal[28].phy.radio.transmitter,centerFrequency,unit,Hz,
General-317-20260718-15:48:02-5193,param,Florasat_Individual_Sats.terminal[28].phy.radio.transmitter,bandwidth,,,250000Hz
General-317-20260718-15:48:02-5193,attr,Florasat_Individual_Sats.terminal[28].phy.radio.transmitter,bandwidth,unit,Hz,
General-317-20260718-15:48:02-5193,param,Florasat_Individual_Sats.terminal[28].phy.radio.transmitter,codeRate,,,1
General-317-20260718-15:48:02-5193,param,Florasat_Individual_Sats.terminal[28].phy.radio.transmitter,modulation,,,"""LoRaModulation"""
General-317-20260718-15:48:02-5193,param,Florasat_Individual_Sats.terminal[28].phy.radio.receiver,typename,,,"""Global.Transceiver.LoRaReceiver"""
General-317-20260718-15:48:02-5193,param,Florasat_Individual_Sats.terminal[28].phy.radio.receiver,energyDetection,,,-90dBm
General-317-20260718-15:48:02-5193,attr,Florasat_Individual_Sats.terminal[28].phy.radio.receiver,energyDetection,unit,dBm,
General-317-20260718-15:48:02-5193,param,Florasat_Individual_Sats.terminal[28].phy.radio.receiver,sensitivity,,,-137dBm
General-317-20260718-15:48:02-5193,attr,Florasat_Individual_Sats.terminal[28].phy.radio.receiver,sensitivity,unit,dBm,
General-317-20260718-15:48:02-5193,param,Florasat_Individual_Sats.terminal[28].phy.radio.receiver,snirThreshold,,,-8dB
General-317-20260718-15:48:02-5193,attr,Florasat_Individual_Sats.terminal[28].phy.radio.receiver,snirThreshold,unit,dB,
General-317-20260718-15:48:02-5193,param,Florasat_Individual_Sats.terminal[28].phy.radio.receiver,centerFrequency,,,8.68e+08Hz
General-317-20260718-15:48:02-5193,attr,Florasat_Individual_Sats.terminal[28].phy.radio.receiver,centerFrequency,unit,Hz,
General-317-20260718-15:48:02-5193,param,Florasat_Individual_Sats.terminal[28].phy.radio.receiver,bandwidth,,,250000Hz
General-317-20260718-15:48:02-5193,attr,Florasat_Individual_Sats.terminal[28].phy.radio.receiver,bandwidth,unit,Hz,
General-317-20260718-15:48:02-5193,param,Florasat_Individual_Sats.terminal[28].phy.radio.receiver,alohaChannelModel,,,false
General-317-20260718-15:48:02-5193,param,Florasat_Individual_Sats.terminal[28].phy.radio.receiver,errorModelType,,,""""""
General-317-20260718-15:48:02-5193,param,Florasat_Individual_Sats.terminal[28].phy.radio.receiver,ignoreInterference,,,false
General-317-20260718-15:48:02-5193,param,Florasat_Individual_Sats.terminal[28].phy.radio.receiver,enableCollisionOverlap,,,false
General-317-20260718-15:48:02-5193,param,Florasat_Individual_Sats.terminal[28].phy.radio.receiver,minCollisionOverlap,,,0s
General-317-20260718-15:48:02-5193,attr,Florasat_Individual_Sats.terminal[28].phy.radio.receiver,minCollisionOverlap,unit,s,
General-317-20260718-15:48:02-5193,param,Florasat_Individual_Sats.terminal[28].phy.radio.IdealEpEnergyStorage,typename,,,"""inet.power.storage.IdealEpEnergyStorage"""
General-317-20260718-15:48:02-5193,param,Florasat_Individual_Sats.terminal[28].phy.radio,typename,,,"""Nodes._10_Terminal._10_Physical.Ter_Phy_LoRaRadio"""
General-317-20260718-15:48:02-5193,param,Florasat_Individual_Sats.terminal[28].phy.radio,radioMediumModule,,,"""radioMedium"""
General-317-20260718-15:48:02-5193,param,Florasat_Individual_Sats.terminal[28].phy.radio,energySourceModule,,,""""""
General-317-20260718-15:48:02-5193,param,Florasat_Individual_Sats.terminal[28].phy.radio,initialRadioMode,,,"""off"""
General-317-20260718-15:48:02-5193,attr,Florasat_Individual_Sats.terminal[28].phy.radio,initialRadioMode,enum,"off,sleep,receiver,transmitter,transceiver",
General-317-20260718-15:48:02-5193,param,Florasat_Individual_Sats.terminal[28].phy.radio,switchingTimes,,,"""ms 0 0 0 0 0 0 0 0 0 0 0 0 0 0 0 0 0 0 0 0 0 0 0 0 0"""
General-317-20260718-15:48:02-5193,param,Florasat_Individual_Sats.terminal[28].phy.radio,sendRawBytes,,,false
General-317-20260718-15:48:02-5193,param,Florasat_Individual_Sats.terminal[28].phy.radio,separateTransmissionParts,,,false
General-317-20260718-15:48:02-5193,param,Florasat_Individual_Sats.terminal[28].phy.radio,separateReceptionParts,,,false
General-317-20260718-15:48:02-5193,param,Florasat_Individual_Sats.terminal[28].phy.radio,displayCommunicationRange,,,false
General-317-20260718-15:48:02-5193,param,Florasat_Individual_Sats.terminal[28].phy.radio,displayInterferenceRange,,,false
General-317-20260718-15:48:02-5193,param,Florasat_Individual_Sats.terminal[28].phy.radio,centerFrequency,,,8.68e+08Hz
General-317-20260718-15:48:02-5193,attr,Florasat_Individual_Sats.terminal[28].phy.radio,centerFrequency,unit,Hz,
General-317-20260718-15:48:02-5193,param,Florasat_Individual_Sats.terminal[28].phy.radio,bandwidth,,,250000Hz
General-317-20260718-15:48:02-5193,attr,Florasat_Individual_Sats.terminal[28].phy.radio,bandwidth,unit,Hz,
General-317-20260718-15:48:02-5193,param,Florasat_Individual_Sats.terminal[28].phy.radio,iAmGateway,,,false
General-317-20260718-15:48:02-5193,param,Florasat_Individual_Sats.terminal[28].phy,typename,,,"""Nodes._10_Terminal._10_Physical.Ter_Phy"""
General-317-20260718-15:48:02-5193,param,Florasat_Individual_Sats.terminal[28].phy,layerName,,,"""Ter_Phy"""
General-317-20260718-15:48:02-5193,attr,Florasat_Individual_Sats.terminal[28].phy,layerName,optional,,
General-317-20260718-15:48:02-5193,param,Florasat_Individual_Sats.terminal[28].dlk.mac.queue,typename,,,"""inet.queueing.queue.DropTailQueue"""
General-317-20260718-15:48:02-5193,param,Florasat_Individual_Sats.terminal[28].dlk.mac.queue,displayStringTextFormat,,,"""contains %p pk (%l) pushed %u\npulled %o removed %r dropped %d"""
General-317-20260718-15:48:02-5193,param,Florasat_Individual_Sats.terminal[28].dlk.mac.queue,packetCapacity,,,-1
General-317-20260718-15:48:02-5193,param,Florasat_Individual_Sats.terminal[28].dlk.mac.queue,dataCapacity,,,-1b
General-317-20260718-15:48:02-5193,attr,Florasat_Individual_Sats.terminal[28].dlk.mac.queue,dataCapacity,unit,b,
General-317-20260718-15:48:02-5193,param,Florasat_Individual_Sats.terminal[28].dlk.mac.queue,dropperClass,,,"""inet::queueing::PacketAtCollectionEndDropper"""
General-317-20260718-15:48:02-5193,param,Florasat_Individual_Sats.terminal[28].dlk.mac.queue,comparatorClass,,,""""""
General-317-20260718-15:48:02-5193,param,Florasat_Individual_Sats.terminal[28].dlk.mac.queue,bufferModule,,,""""""
General-317-20260718-15:48:02-5193,param,Florasat_Individual_Sats.terminal[28].dlk.mac.mlBox,typename,,,"""Nodes._10_Terminal._20_Data_Link.Transmission_Predictor.Transmission_Predictor"""
General-317-20260718-15:48:02-5193,param,Florasat_Individual_Sats.terminal[28].dlk.mac.mlBox,modelPath,,,"""/home/ylnner/Documents/omnet++/omnetpp-6.3.0/projects/florasat_v4_ult_routing/simulations/Test_Individual/mlmodels/transformer_scripted.pt"""
General-317-20260718-15:48:02-5193,param,Florasat_Individual_Sats.terminal[28].dlk.mac.mlBox,threshold,,,0.2
General-317-20260718-15:48:02-5193,param,Florasat_Individual_Sats.terminal[28].dlk.mac.mlBox,scalerPath,,,""""""
General-317-20260718-15:48:02-5193,param,Florasat_Individual_Sats.terminal[28].dlk.mac,typename,,,"""Nodes._10_Terminal._20_Data_Link.Ter_Dlk_KiWan"""
General-317-20260718-15:48:02-5193,param,Florasat_Individual_Sats.terminal[28].dlk.mac,interfaceTableModule,,,""""""
General-317-20260718-15:48:02-5193,param,Florasat_Individual_Sats.terminal[28].dlk.mac,radioModule,,,"""^.^.phy.radio"""
General-317-20260718-15:48:02-5193,param,Florasat_Individual_Sats.terminal[28].dlk.mac,address,,,"""0A-AA-00-00-00-1D"""
General-317-20260718-15:48:02-5193,attr,Florasat_Individual_Sats.terminal[28].dlk.mac,address,mutable,,
General-317-20260718-15:48:02-5193,param,Florasat_Individual_Sats.terminal[28].dlk.mac,mtu,,,1500
General-317-20260718-15:48:02-5193,param,Florasat_Individual_Sats.terminal[28].dlk.mac,ttwDuration,,,100s
General-317-20260718-15:48:02-5193,attr,Florasat_Individual_Sats.terminal[28].dlk.mac,ttwDuration,unit,s,
General-317-20260718-15:48:02-5193,param,Florasat_Individual_Sats.terminal[28].dlk.mac,ttwIdle,,,0s
General-317-20260718-15:48:02-5193,attr,Florasat_Individual_Sats.terminal[28].dlk.mac,ttwIdle,unit,s,
General-317-20260718-15:48:02-5193,param,Florasat_Individual_Sats.terminal[28].dlk.mac,ttxStart_min,,,0s
General-317-20260718-15:48:02-5193,attr,Florasat_Individual_Sats.terminal[28].dlk.mac,ttxStart_min,unit,s,
General-317-20260718-15:48:02-5193,param,Florasat_Individual_Sats.terminal[28].dlk.mac,ttxStart_max,,,1s
General-317-20260718-15:48:02-5193,attr,Florasat_Individual_Sats.terminal[28].dlk.mac,ttxStart_max,unit,s,
General-317-20260718-15:48:02-5193,param,Florasat_Individual_Sats.terminal[28].dlk.mac,ttxIdle_min,,,10s
General-317-20260718-15:48:02-5193,attr,Florasat_Individual_Sats.terminal[28].dlk.mac,ttxIdle_min,unit,s,
General-317-20260718-15:48:02-5193,param,Florasat_Individual_Sats.terminal[28].dlk.mac,ttxIdle_max,,,15s
General-317-20260718-15:48:02-5193,attr,Florasat_Individual_Sats.terminal[28].dlk.mac,ttxIdle_max,unit,s,
General-317-20260718-15:48:02-5193,param,Florasat_Individual_Sats.terminal[28].dlk.mac,Ntw,,,1
General-317-20260718-15:48:02-5193,param,Florasat_Individual_Sats.terminal[28].dlk.mac,Ntx,,,5
General-317-20260718-15:48:02-5193,param,Florasat_Individual_Sats.terminal[28].dlk.mac,enableSatDetect,,,false
General-317-20260718-15:48:02-5193,param,Florasat_Individual_Sats.terminal[28].dlk.mac,tsdStart_min,,,0s
General-317-20260718-15:48:02-5193,attr,Florasat_Individual_Sats.terminal[28].dlk.mac,tsdStart_min,unit,s,
General-317-20260718-15:48:02-5193,param,Florasat_Individual_Sats.terminal[28].dlk.mac,tsdStart_max,,,60s
General-317-20260718-15:48:02-5193,attr,Florasat_Individual_Sats.terminal[28].dlk.mac,tsdStart_max,unit,s,
General-317-20260718-15:48:02-5193,param,Florasat_Individual_Sats.terminal[28].dlk.mac,Ndetect,,,4
General-317-20260718-15:48:02-5193,param,Florasat_Individual_Sats.terminal[28].dlk.mac,NsdSync,,,2
General-317-20260718-15:48:02-5193,param,Florasat_Individual_Sats.terminal[28].dlk.mac,tsyncIdle,,,60s
General-317-20260718-15:48:02-5193,attr,Florasat_Individual_Sats.terminal[28].dlk.mac,tsyncIdle,unit,s,
General-317-20260718-15:48:02-5193,param,Florasat_Individual_Sats.terminal[28].dlk.mac,tsdIdle,,,240s
General-317-20260718-15:48:02-5193,attr,Florasat_Individual_Sats.terminal[28].dlk.mac,tsdIdle,unit,s,
General-317-20260718-15:48:02-5193,param,Florasat_Individual_Sats.terminal[28].dlk.mac,satelliteDetectionProbability,,,0.9
General-317-20260718-15:48:02-5193,param,Florasat_Individual_Sats.terminal[28].dlk.mac,minimumElevation,,,5
General-317-20260718-15:48:02-5193,param,Florasat_Individual_Sats.terminal[28].dlk.mac,detectInitialListen,,,0.33s
General-317-20260718-15:48:02-5193,attr,Florasat_Individual_Sats.terminal[28].dlk.mac,detectInitialListen,unit,s,
General-317-20260718-15:48:02-5193,param,Florasat_Individual_Sats.terminal[28].dlk.mac,detectSuccessExtraMin,,,0.075s
General-317-20260718-15:48:02-5193,attr,Florasat_Individual_Sats.terminal[28].dlk.mac,detectSuccessExtraMin,unit,s,
General-317-20260718-15:48:02-5193,param,Florasat_Individual_Sats.terminal[28].dlk.mac,detectSuccessExtraMax,,,1.67s
General-317-20260718-15:48:02-5193,attr,Florasat_Individual_Sats.terminal[28].dlk.mac,detectSuccessExtraMax,unit,s,
General-317-20260718-15:48:02-5193,param,Florasat_Individual_Sats.terminal[28].dlk.mac,detectMissExtra,,,1.67s
General-317-20260718-15:48:02-5193,attr,Florasat_Individual_Sats.terminal[28].dlk.mac,detectMissExtra,unit,s,
General-317-20260718-15:48:02-5193,param,Florasat_Individual_Sats.terminal[28].dlk.mac,LoRaSF,,,11
General-317-20260718-15:48:02-5193,param,Florasat_Individual_Sats.terminal[28].dlk.mac,LoRaTP,,,14
General-317-20260718-15:48:02-5193,param,Florasat_Individual_Sats.terminal[28].dlk.mac,LoRaCF,,,8.68e+08
General-317-20260718-15:48:02-5193,param,Florasat_Individual_Sats.terminal[28].dlk.mac,LoRaBW,,,125000
General-317-20260718-15:48:02-5193,param,Florasat_Individual_Sats.terminal[28].dlk.mac,LoRaCR,,,1
General-317-20260718-15:48:02-5193,param,Florasat_Individual_Sats.terminal[28].dlk.mac,useMLBox,,,true
General-317-20260718-15:48:02-5193,param,Florasat_Individual_Sats.terminal[28].dlk.mac,useMLBoxBiLSTM,,,false
General-317-20260718-15:48:02-5193,param,Florasat_Individual_Sats.terminal[28].dlk.mac,useAnalytical,,,false
General-317-20260718-15:48:02-5193,param,Florasat_Individual_Sats.terminal[28].dlk,typename,,,"""Nodes._10_Terminal._20_Data_Link.Ter_Dlk"""
General-317-20260718-15:48:02-5193,param,Florasat_Individual_Sats.terminal[28].net.routing,typename,,,"""Global.Base._30_Network.Ter_Null_Routing"""
General-317-20260718-15:48:02-5193,param,Florasat_Individual_Sats.terminal[28].net,typename,,,"""Nodes._10_Terminal._30_Network.Ter_Net"""
General-317-20260718-15:48:02-5193,param,Florasat_Individual_Sats.terminal[28].net,layerName,,,"""Ter_Net"""
General-317-20260718-15:48:02-5193,attr,Florasat_Individual_Sats.terminal[28].net,layerName,optional,,
General-317-20260718-15:48:02-5193,param,Florasat_Individual_Sats.terminal[28].net,routingType,,,"""Ter_Null_Routing"""
General-317-20260718-15:48:02-5193,param,Florasat_Individual_Sats.terminal[28].app,typename,,,"""Nodes._10_Terminal._40_Application.Ter_App"""
General-317-20260718-15:48:02-5193,param,Florasat_Individual_Sats.terminal[28].app,layerName,,,"""TerminalApplicationLayer"""
General-317-20260718-15:48:02-5193,attr,Florasat_Individual_Sats.terminal[28].app,layerName,optional,,
General-317-20260718-15:48:02-5193,param,Florasat_Individual_Sats.terminal[28].app,numberOfPacketsToSend,,,0
General-317-20260718-15:48:02-5193,param,Florasat_Individual_Sats.terminal[28].app,timeToFirstPacket,,,1s
General-317-20260718-15:48:02-5193,attr,Florasat_Individual_Sats.terminal[28].app,timeToFirstPacket,unit,s,
General-317-20260718-15:48:02-5193,param,Florasat_Individual_Sats.terminal[28].app,timeToNextPacket,,,115s
General-317-20260718-15:48:02-5193,attr,Florasat_Individual_Sats.terminal[28].app,timeToNextPacket,unit,s,
General-317-20260718-15:48:02-5193,param,Florasat_Individual_Sats.terminal[28].app,timeToResponse,,,30s
General-317-20260718-15:48:02-5193,attr,Florasat_Individual_Sats.terminal[28].app,timeToResponse,unit,s,
General-317-20260718-15:48:02-5193,param,Florasat_Individual_Sats.terminal[28].app,timeToRetry,,,10s
General-317-20260718-15:48:02-5193,attr,Florasat_Individual_Sats.terminal[28].app,timeToRetry,unit,s,
General-317-20260718-15:48:02-5193,param,Florasat_Individual_Sats.terminal[28].app,ackTimeout,,,7s
General-317-20260718-15:48:02-5193,attr,Florasat_Individual_Sats.terminal[28].app,ackTimeout,unit,s,
General-317-20260718-15:48:02-5193,param,Florasat_Individual_Sats.terminal[28].app,timer,,,1s
General-317-20260718-15:48:02-5193,attr,Florasat_Individual_Sats.terminal[28].app,timer,unit,s,
General-317-20260718-15:48:02-5193,param,Florasat_Individual_Sats.terminal[28].app,initialLoRaTP,,,14dBm
General-317-20260718-15:48:02-5193,attr,Florasat_Individual_Sats.terminal[28].app,initialLoRaTP,unit,dBm,
General-317-20260718-15:48:02-5193,param,Florasat_Individual_Sats.terminal[28].app,initialLoRaCF,,,8.68e+08Hz
General-317-20260718-15:48:02-5193,attr,Florasat_Individual_Sats.terminal[28].app,initialLoRaCF,unit,Hz,
General-317-20260718-15:48:02-5193,param,Florasat_Individual_Sats.terminal[28].app,initialLoRaSF,,,12
General-317-20260718-15:48:02-5193,param,Florasat_Individual_Sats.terminal[28].app,initialLoRaBW,,,125000Hz
General-317-20260718-15:48:02-5193,attr,Florasat_Individual_Sats.terminal[28].app,initialLoRaBW,unit,Hz,
General-317-20260718-15:48:02-5193,param,Florasat_Individual_Sats.terminal[28].app,initialLoRaCR,,,4
General-317-20260718-15:48:02-5193,param,Florasat_Individual_Sats.terminal[28].app,initialUseHeader,,,true
General-317-20260718-15:48:02-5193,param,Florasat_Individual_Sats.terminal[28].app,initialPingSlot,,,1
General-317-20260718-15:48:02-5193,param,Florasat_Individual_Sats.terminal[28].app,InitClassA,,,true
General-317-20260718-15:48:02-5193,param,Florasat_Individual_Sats.terminal[28].app,InitClassB,,,false
General-317-20260718-15:48:02-5193,param,Florasat_Individual_Sats.terminal[28].app,evaluateADRinNode,,,false
General-317-20260718-15:48:02-5193,param,Florasat_Individual_Sats.terminal[28].app,payloadSize,,,10B
General-317-20260718-15:48:02-5193,attr,Florasat_Individual_Sats.terminal[28].app,payloadSize,unit,B,
General-317-20260718-15:48:02-5193,param,Florasat_Individual_Sats.terminal[28].app,usingAck,,,true
General-317-20260718-15:48:02-5193,param,Florasat_Individual_Sats.terminal[28].app,numGroundLinks,,,40
General-317-20260718-15:48:02-5193,param,Florasat_Individual_Sats.terminal[28].app,maxHops,,,50
General-317-20260718-15:48:02-5193,param,Florasat_Individual_Sats.terminal[28].app,nroMaxAttempts,,,0
General-317-20260718-15:48:02-5193,param,Florasat_Individual_Sats.terminal[28].eng,typename,,,"""Nodes._10_Terminal._50_Energy.Ter_Ene"""
General-317-20260718-15:48:02-5193,param,Florasat_Individual_Sats.terminal[28].mob,typename,,,"""Nodes._10_Terminal._60_Mobility.Ter_Mob"""
General-317-20260718-15:48:02-5193,param,Florasat_Individual_Sats.terminal[28].mob,subjectModule,,,"""^"""
General-317-20260718-15:48:02-5193,param,Florasat_Individual_Sats.terminal[28].mob,coordinateSystemModule,,,""""""
General-317-20260718-15:48:02-5193,param,Florasat_Individual_Sats.terminal[28].mob,displayStringTextFormat,,,"""p: %p\nv: %v"""
General-317-20260718-15:48:02-5193,attr,Florasat_Individual_Sats.terminal[28].mob,displayStringTextFormat,mutable,,
General-317-20260718-15:48:02-5193,param,Florasat_Individual_Sats.terminal[28].mob,updateDisplayString,,,true
General-317-20260718-15:48:02-5193,param,Florasat_Individual_Sats.terminal[28].mob,constraintAreaMinX,,,-inf m
General-317-20260718-15:48:02-5193,attr,Florasat_Individual_Sats.terminal[28].mob,constraintAreaMinX,unit,m,
General-317-20260718-15:48:02-5193,param,Florasat_Individual_Sats.terminal[28].mob,constraintAreaMinY,,,-inf m
General-317-20260718-15:48:02-5193,attr,Florasat_Individual_Sats.terminal[28].mob,constraintAreaMinY,unit,m,
General-317-20260718-15:48:02-5193,param,Florasat_Individual_Sats.terminal[28].mob,constraintAreaMinZ,,,-inf m
General-317-20260718-15:48:02-5193,attr,Florasat_Individual_Sats.terminal[28].mob,constraintAreaMinZ,unit,m,
General-317-20260718-15:48:02-5193,param,Florasat_Individual_Sats.terminal[28].mob,constraintAreaMaxX,,,inf m
General-317-20260718-15:48:02-5193,attr,Florasat_Individual_Sats.terminal[28].mob,constraintAreaMaxX,unit,m,
General-317-20260718-15:48:02-5193,param,Florasat_Individual_Sats.terminal[28].mob,constraintAreaMaxY,,,inf m
General-317-20260718-15:48:02-5193,attr,Florasat_Individual_Sats.terminal[28].mob,constraintAreaMaxY,unit,m,
General-317-20260718-15:48:02-5193,param,Florasat_Individual_Sats.terminal[28].mob,constraintAreaMaxZ,,,inf m
General-317-20260718-15:48:02-5193,attr,Florasat_Individual_Sats.terminal[28].mob,constraintAreaMaxZ,unit,m,
General-317-20260718-15:48:02-5193,param,Florasat_Individual_Sats.terminal[28].mob,initialX,,,nan m
General-317-20260718-15:48:02-5193,attr,Florasat_Individual_Sats.terminal[28].mob,initialX,unit,m,
General-317-20260718-15:48:02-5193,param,Florasat_Individual_Sats.terminal[28].mob,initialY,,,nan m
General-317-20260718-15:48:02-5193,attr,Florasat_Individual_Sats.terminal[28].mob,initialY,unit,m,
General-317-20260718-15:48:02-5193,param,Florasat_Individual_Sats.terminal[28].mob,initialZ,,,0m
General-317-20260718-15:48:02-5193,attr,Florasat_Individual_Sats.terminal[28].mob,initialZ,unit,m,
General-317-20260718-15:48:02-5193,param,Florasat_Individual_Sats.terminal[28].mob,initialLatitude,,,nan deg
General-317-20260718-15:48:02-5193,attr,Florasat_Individual_Sats.terminal[28].mob,initialLatitude,unit,deg,
General-317-20260718-15:48:02-5193,param,Florasat_Individual_Sats.terminal[28].mob,initialLongitude,,,nan deg
General-317-20260718-15:48:02-5193,attr,Florasat_Individual_Sats.terminal[28].mob,initialLongitude,unit,deg,
General-317-20260718-15:48:02-5193,param,Florasat_Individual_Sats.terminal[28].mob,initialAltitude,,,0m
General-317-20260718-15:48:02-5193,attr,Florasat_Individual_Sats.terminal[28].mob,initialAltitude,unit,m,
General-317-20260718-15:48:02-5193,param,Florasat_Individual_Sats.terminal[28].mob,initialHeading,,,0deg
General-317-20260718-15:48:02-5193,attr,Florasat_Individual_Sats.terminal[28].mob,initialHeading,unit,deg,
General-317-20260718-15:48:02-5193,param,Florasat_Individual_Sats.terminal[28].mob,initialElevation,,,0deg
General-317-20260718-15:48:02-5193,attr,Florasat_Individual_Sats.terminal[28].mob,initialElevation,unit,deg,
General-317-20260718-15:48:02-5193,param,Florasat_Individual_Sats.terminal[28].mob,initialBank,,,0deg
General-317-20260718-15:48:02-5193,attr,Florasat_Individual_Sats.terminal[28].mob,initialBank,unit,deg,
General-317-20260718-15:48:02-5193,param,Florasat_Individual_Sats.terminal[28].mob,initFromDisplayString,,,false
General-317-20260718-15:48:02-5193,param,Florasat_Individual_Sats.terminal[28].mob,updateFromDisplayString,,,false
General-317-20260718-15:48:02-5193,param,Florasat_Individual_Sats.terminal[28].mob,centerLatitude,,,28.099
General-317-20260718-15:48:02-5193,param,Florasat_Individual_Sats.terminal[28].mob,centerLongitude,,,-17.113
General-317-20260718-15:48:02-5193,param,Florasat_Individual_Sats.terminal[28].mob,deploymentRadius,,,200
General-317-20260718-15:48:02-5193,param,Florasat_Individual_Sats.terminal[28],typename,,,"""Nodes._10_Terminal.Terminal"""
General-317-20260718-15:48:02-5193,param,Florasat_Individual_Sats.terminal[28],layerName,,,"""Terminal"""
General-317-20260718-15:48:02-5193,attr,Florasat_Individual_Sats.terminal[28],layerName,optional,,
General-317-20260718-15:48:02-5193,param,Florasat_Individual_Sats.terminal[28],sendData,,,true
General-317-20260718-15:48:02-5193,attr,Florasat_Individual_Sats.terminal[28],sendData,mutable,,
General-317-20260718-15:48:02-5193,param,Florasat_Individual_Sats.terminal[28],dstGsOrDev,,,0
General-317-20260718-15:48:02-5193,param,Florasat_Individual_Sats.terminal[29].phy.radio.antenna,typename,,,"""inet.physicallayer.wireless.common.antenna.IsotropicAntenna"""
General-317-20260718-15:48:02-5193,param,Florasat_Individual_Sats.terminal[29].phy.radio.antenna,mobilityModule,,,"""^.^.^.mob"""
General-317-20260718-15:48:02-5193,param,Florasat_Individual_Sats.terminal[29].phy.radio.antenna,numAntennas,,,1
General-317-20260718-15:48:02-5193,param,Florasat_Individual_Sats.terminal[29].phy.radio.transmitter,typename,,,"""Global.Transceiver.LoRaTransmitter"""
General-317-20260718-15:48:02-5193,param,Florasat_Individual_Sats.terminal[29].phy.radio.transmitter,preambleDuration,,,0.001s
General-317-20260718-15:48:02-5193,attr,Florasat_Individual_Sats.terminal[29].phy.radio.transmitter,preambleDuration,unit,s,
General-317-20260718-15:48:02-5193,param,Florasat_Individual_Sats.terminal[29].phy.radio.transmitter,headerLength,,,40b
General-317-20260718-15:48:02-5193,attr,Florasat_Individual_Sats.terminal[29].phy.radio.transmitter,headerLength,unit,b,
General-317-20260718-15:48:02-5193,param,Florasat_Individual_Sats.terminal[29].phy.radio.transmitter,bitrate,,,250000bps
General-317-20260718-15:48:02-5193,attr,Florasat_Individual_Sats.terminal[29].phy.radio.transmitter,bitrate,unit,bps,
General-317-20260718-15:48:02-5193,param,Florasat_Individual_Sats.terminal[29].phy.radio.transmitter,power,,,0.025118W
General-317-20260718-15:48:02-5193,attr,Florasat_Individual_Sats.terminal[29].phy.radio.transmitter,power,unit,W,
General-317-20260718-15:48:02-5193,param,Florasat_Individual_Sats.terminal[29].phy.radio.transmitter,centerFrequency,,,8.68e+08Hz
General-317-20260718-15:48:02-5193,attr,Florasat_Individual_Sats.terminal[29].phy.radio.transmitter,centerFrequency,unit,Hz,
General-317-20260718-15:48:02-5193,param,Florasat_Individual_Sats.terminal[29].phy.radio.transmitter,bandwidth,,,250000Hz
General-317-20260718-15:48:02-5193,attr,Florasat_Individual_Sats.terminal[29].phy.radio.transmitter,bandwidth,unit,Hz,
General-317-20260718-15:48:02-5193,param,Florasat_Individual_Sats.terminal[29].phy.radio.transmitter,codeRate,,,1
General-317-20260718-15:48:02-5193,param,Florasat_Individual_Sats.terminal[29].phy.radio.transmitter,modulation,,,"""LoRaModulation"""
General-317-20260718-15:48:02-5193,param,Florasat_Individual_Sats.terminal[29].phy.radio.receiver,typename,,,"""Global.Transceiver.LoRaReceiver"""
General-317-20260718-15:48:02-5193,param,Florasat_Individual_Sats.terminal[29].phy.radio.receiver,energyDetection,,,-90dBm
General-317-20260718-15:48:02-5193,attr,Florasat_Individual_Sats.terminal[29].phy.radio.receiver,energyDetection,unit,dBm,
General-317-20260718-15:48:02-5193,param,Florasat_Individual_Sats.terminal[29].phy.radio.receiver,sensitivity,,,-137dBm
General-317-20260718-15:48:02-5193,attr,Florasat_Individual_Sats.terminal[29].phy.radio.receiver,sensitivity,unit,dBm,
General-317-20260718-15:48:02-5193,param,Florasat_Individual_Sats.terminal[29].phy.radio.receiver,snirThreshold,,,-8dB
General-317-20260718-15:48:02-5193,attr,Florasat_Individual_Sats.terminal[29].phy.radio.receiver,snirThreshold,unit,dB,
General-317-20260718-15:48:02-5193,param,Florasat_Individual_Sats.terminal[29].phy.radio.receiver,centerFrequency,,,8.68e+08Hz
General-317-20260718-15:48:02-5193,attr,Florasat_Individual_Sats.terminal[29].phy.radio.receiver,centerFrequency,unit,Hz,
General-317-20260718-15:48:02-5193,param,Florasat_Individual_Sats.terminal[29].phy.radio.receiver,bandwidth,,,250000Hz
General-317-20260718-15:48:02-5193,attr,Florasat_Individual_Sats.terminal[29].phy.radio.receiver,bandwidth,unit,Hz,
General-317-20260718-15:48:02-5193,param,Florasat_Individual_Sats.terminal[29].phy.radio.receiver,alohaChannelModel,,,false
General-317-20260718-15:48:02-5193,param,Florasat_Individual_Sats.terminal[29].phy.radio.receiver,errorModelType,,,""""""
General-317-20260718-15:48:02-5193,param,Florasat_Individual_Sats.terminal[29].phy.radio.receiver,ignoreInterference,,,false
General-317-20260718-15:48:02-5193,param,Florasat_Individual_Sats.terminal[29].phy.radio.receiver,enableCollisionOverlap,,,false
General-317-20260718-15:48:02-5193,param,Florasat_Individual_Sats.terminal[29].phy.radio.receiver,minCollisionOverlap,,,0s
General-317-20260718-15:48:02-5193,attr,Florasat_Individual_Sats.terminal[29].phy.radio.receiver,minCollisionOverlap,unit,s,
General-317-20260718-15:48:02-5193,param,Florasat_Individual_Sats.terminal[29].phy.radio.IdealEpEnergyStorage,typename,,,"""inet.power.storage.IdealEpEnergyStorage"""
General-317-20260718-15:48:02-5193,param,Florasat_Individual_Sats.terminal[29].phy.radio,typename,,,"""Nodes._10_Terminal._10_Physical.Ter_Phy_LoRaRadio"""
General-317-20260718-15:48:02-5193,param,Florasat_Individual_Sats.terminal[29].phy.radio,radioMediumModule,,,"""radioMedium"""
General-317-20260718-15:48:02-5193,param,Florasat_Individual_Sats.terminal[29].phy.radio,energySourceModule,,,""""""
General-317-20260718-15:48:02-5193,param,Florasat_Individual_Sats.terminal[29].phy.radio,initialRadioMode,,,"""off"""
General-317-20260718-15:48:02-5193,attr,Florasat_Individual_Sats.terminal[29].phy.radio,initialRadioMode,enum,"off,sleep,receiver,transmitter,transceiver",
General-317-20260718-15:48:02-5193,param,Florasat_Individual_Sats.terminal[29].phy.radio,switchingTimes,,,"""ms 0 0 0 0 0 0 0 0 0 0 0 0 0 0 0 0 0 0 0 0 0 0 0 0 0"""
General-317-20260718-15:48:02-5193,param,Florasat_Individual_Sats.terminal[29].phy.radio,sendRawBytes,,,false
General-317-20260718-15:48:02-5193,param,Florasat_Individual_Sats.terminal[29].phy.radio,separateTransmissionParts,,,false
General-317-20260718-15:48:02-5193,param,Florasat_Individual_Sats.terminal[29].phy.radio,separateReceptionParts,,,false
General-317-20260718-15:48:02-5193,param,Florasat_Individual_Sats.terminal[29].phy.radio,displayCommunicationRange,,,false
General-317-20260718-15:48:02-5193,param,Florasat_Individual_Sats.terminal[29].phy.radio,displayInterferenceRange,,,false
General-317-20260718-15:48:02-5193,param,Florasat_Individual_Sats.terminal[29].phy.radio,centerFrequency,,,8.68e+08Hz
General-317-20260718-15:48:02-5193,attr,Florasat_Individual_Sats.terminal[29].phy.radio,centerFrequency,unit,Hz,
General-317-20260718-15:48:02-5193,param,Florasat_Individual_Sats.terminal[29].phy.radio,bandwidth,,,250000Hz
General-317-20260718-15:48:02-5193,attr,Florasat_Individual_Sats.terminal[29].phy.radio,bandwidth,unit,Hz,
General-317-20260718-15:48:02-5193,param,Florasat_Individual_Sats.terminal[29].phy.radio,iAmGateway,,,false
General-317-20260718-15:48:02-5193,param,Florasat_Individual_Sats.terminal[29].phy,typename,,,"""Nodes._10_Terminal._10_Physical.Ter_Phy"""
General-317-20260718-15:48:02-5193,param,Florasat_Individual_Sats.terminal[29].phy,layerName,,,"""Ter_Phy"""
General-317-20260718-15:48:02-5193,attr,Florasat_Individual_Sats.terminal[29].phy,layerName,optional,,
General-317-20260718-15:48:02-5193,param,Florasat_Individual_Sats.terminal[29].dlk.mac.queue,typename,,,"""inet.queueing.queue.DropTailQueue"""
General-317-20260718-15:48:02-5193,param,Florasat_Individual_Sats.terminal[29].dlk.mac.queue,displayStringTextFormat,,,"""contains %p pk (%l) pushed %u\npulled %o removed %r dropped %d"""
General-317-20260718-15:48:02-5193,param,Florasat_Individual_Sats.terminal[29].dlk.mac.queue,packetCapacity,,,-1
General-317-20260718-15:48:02-5193,param,Florasat_Individual_Sats.terminal[29].dlk.mac.queue,dataCapacity,,,-1b
General-317-20260718-15:48:02-5193,attr,Florasat_Individual_Sats.terminal[29].dlk.mac.queue,dataCapacity,unit,b,
General-317-20260718-15:48:02-5193,param,Florasat_Individual_Sats.terminal[29].dlk.mac.queue,dropperClass,,,"""inet::queueing::PacketAtCollectionEndDropper"""
General-317-20260718-15:48:02-5193,param,Florasat_Individual_Sats.terminal[29].dlk.mac.queue,comparatorClass,,,""""""
General-317-20260718-15:48:02-5193,param,Florasat_Individual_Sats.terminal[29].dlk.mac.queue,bufferModule,,,""""""
General-317-20260718-15:48:02-5193,param,Florasat_Individual_Sats.terminal[29].dlk.mac.mlBox,typename,,,"""Nodes._10_Terminal._20_Data_Link.Transmission_Predictor.Transmission_Predictor"""
General-317-20260718-15:48:02-5193,param,Florasat_Individual_Sats.terminal[29].dlk.mac.mlBox,modelPath,,,"""/home/ylnner/Documents/omnet++/omnetpp-6.3.0/projects/florasat_v4_ult_routing/simulations/Test_Individual/mlmodels/transformer_scripted.pt"""
General-317-20260718-15:48:02-5193,param,Florasat_Individual_Sats.terminal[29].dlk.mac.mlBox,threshold,,,0.2
General-317-20260718-15:48:02-5193,param,Florasat_Individual_Sats.terminal[29].dlk.mac.mlBox,scalerPath,,,""""""
General-317-20260718-15:48:02-5193,param,Florasat_Individual_Sats.terminal[29].dlk.mac,typename,,,"""Nodes._10_Terminal._20_Data_Link.Ter_Dlk_KiWan"""
General-317-20260718-15:48:02-5193,param,Florasat_Individual_Sats.terminal[29].dlk.mac,interfaceTableModule,,,""""""
General-317-20260718-15:48:02-5193,param,Florasat_Individual_Sats.terminal[29].dlk.mac,radioModule,,,"""^.^.phy.radio"""
General-317-20260718-15:48:02-5193,param,Florasat_Individual_Sats.terminal[29].dlk.mac,address,,,"""0A-AA-00-00-00-1E"""
General-317-20260718-15:48:02-5193,attr,Florasat_Individual_Sats.terminal[29].dlk.mac,address,mutable,,
General-317-20260718-15:48:02-5193,param,Florasat_Individual_Sats.terminal[29].dlk.mac,mtu,,,1500
General-317-20260718-15:48:02-5193,param,Florasat_Individual_Sats.terminal[29].dlk.mac,ttwDuration,,,100s
General-317-20260718-15:48:02-5193,attr,Florasat_Individual_Sats.terminal[29].dlk.mac,ttwDuration,unit,s,
General-317-20260718-15:48:02-5193,param,Florasat_Individual_Sats.terminal[29].dlk.mac,ttwIdle,,,0s
General-317-20260718-15:48:02-5193,attr,Florasat_Individual_Sats.terminal[29].dlk.mac,ttwIdle,unit,s,
General-317-20260718-15:48:02-5193,param,Florasat_Individual_Sats.terminal[29].dlk.mac,ttxStart_min,,,0s
General-317-20260718-15:48:02-5193,attr,Florasat_Individual_Sats.terminal[29].dlk.mac,ttxStart_min,unit,s,
General-317-20260718-15:48:02-5193,param,Florasat_Individual_Sats.terminal[29].dlk.mac,ttxStart_max,,,1s
General-317-20260718-15:48:02-5193,attr,Florasat_Individual_Sats.terminal[29].dlk.mac,ttxStart_max,unit,s,
General-317-20260718-15:48:02-5193,param,Florasat_Individual_Sats.terminal[29].dlk.mac,ttxIdle_min,,,10s
General-317-20260718-15:48:02-5193,attr,Florasat_Individual_Sats.terminal[29].dlk.mac,ttxIdle_min,unit,s,
General-317-20260718-15:48:02-5193,param,Florasat_Individual_Sats.terminal[29].dlk.mac,ttxIdle_max,,,15s
General-317-20260718-15:48:02-5193,attr,Florasat_Individual_Sats.terminal[29].dlk.mac,ttxIdle_max,unit,s,
General-317-20260718-15:48:02-5193,param,Florasat_Individual_Sats.terminal[29].dlk.mac,Ntw,,,1
General-317-20260718-15:48:02-5193,param,Florasat_Individual_Sats.terminal[29].dlk.mac,Ntx,,,5
General-317-20260718-15:48:02-5193,param,Florasat_Individual_Sats.terminal[29].dlk.mac,enableSatDetect,,,false
General-317-20260718-15:48:02-5193,param,Florasat_Individual_Sats.terminal[29].dlk.mac,tsdStart_min,,,0s
General-317-20260718-15:48:02-5193,attr,Florasat_Individual_Sats.terminal[29].dlk.mac,tsdStart_min,unit,s,
General-317-20260718-15:48:02-5193,param,Florasat_Individual_Sats.terminal[29].dlk.mac,tsdStart_max,,,60s
General-317-20260718-15:48:02-5193,attr,Florasat_Individual_Sats.terminal[29].dlk.mac,tsdStart_max,unit,s,
General-317-20260718-15:48:02-5193,param,Florasat_Individual_Sats.terminal[29].dlk.mac,Ndetect,,,4
General-317-20260718-15:48:02-5193,param,Florasat_Individual_Sats.terminal[29].dlk.mac,NsdSync,,,2
General-317-20260718-15:48:02-5193,param,Florasat_Individual_Sats.terminal[29].dlk.mac,tsyncIdle,,,60s
General-317-20260718-15:48:02-5193,attr,Florasat_Individual_Sats.terminal[29].dlk.mac,tsyncIdle,unit,s,
General-317-20260718-15:48:02-5193,param,Florasat_Individual_Sats.terminal[29].dlk.mac,tsdIdle,,,240s
General-317-20260718-15:48:02-5193,attr,Florasat_Individual_Sats.terminal[29].dlk.mac,tsdIdle,unit,s,
General-317-20260718-15:48:02-5193,param,Florasat_Individual_Sats.terminal[29].dlk.mac,satelliteDetectionProbability,,,0.9
General-317-20260718-15:48:02-5193,param,Florasat_Individual_Sats.terminal[29].dlk.mac,minimumElevation,,,5
General-317-20260718-15:48:02-5193,param,Florasat_Individual_Sats.terminal[29].dlk.mac,detectInitialListen,,,0.33s
General-317-20260718-15:48:02-5193,attr,Florasat_Individual_Sats.terminal[29].dlk.mac,detectInitialListen,unit,s,
General-317-20260718-15:48:02-5193,param,Florasat_Individual_Sats.terminal[29].dlk.mac,detectSuccessExtraMin,,,0.075s
General-317-20260718-15:48:02-5193,attr,Florasat_Individual_Sats.terminal[29].dlk.mac,detectSuccessExtraMin,unit,s,
General-317-20260718-15:48:02-5193,param,Florasat_Individual_Sats.terminal[29].dlk.mac,detectSuccessExtraMax,,,1.67s
General-317-20260718-15:48:02-5193,attr,Florasat_Individual_Sats.terminal[29].dlk.mac,detectSuccessExtraMax,unit,s,
General-317-20260718-15:48:02-5193,param,Florasat_Individual_Sats.terminal[29].dlk.mac,detectMissExtra,,,1.67s
General-317-20260718-15:48:02-5193,attr,Florasat_Individual_Sats.terminal[29].dlk.mac,detectMissExtra,unit,s,
General-317-20260718-15:48:02-5193,param,Florasat_Individual_Sats.terminal[29].dlk.mac,LoRaSF,,,10
General-317-20260718-15:48:02-5193,param,Florasat_Individual_Sats.terminal[29].dlk.mac,LoRaTP,,,12
General-317-20260718-15:48:02-5193,param,Florasat_Individual_Sats.terminal[29].dlk.mac,LoRaCF,,,8.68e+08
General-317-20260718-15:48:02-5193,param,Florasat_Individual_Sats.terminal[29].dlk.mac,LoRaBW,,,125000
General-317-20260718-15:48:02-5193,param,Florasat_Individual_Sats.terminal[29].dlk.mac,LoRaCR,,,1
General-317-20260718-15:48:02-5193,param,Florasat_Individual_Sats.terminal[29].dlk.mac,useMLBox,,,true
General-317-20260718-15:48:02-5193,param,Florasat_Individual_Sats.terminal[29].dlk.mac,useMLBoxBiLSTM,,,false
General-317-20260718-15:48:02-5193,param,Florasat_Individual_Sats.terminal[29].dlk.mac,useAnalytical,,,false
General-317-20260718-15:48:02-5193,param,Florasat_Individual_Sats.terminal[29].dlk,typename,,,"""Nodes._10_Terminal._20_Data_Link.Ter_Dlk"""
General-317-20260718-15:48:02-5193,param,Florasat_Individual_Sats.terminal[29].net.routing,typename,,,"""Global.Base._30_Network.Ter_Null_Routing"""
General-317-20260718-15:48:02-5193,param,Florasat_Individual_Sats.terminal[29].net,typename,,,"""Nodes._10_Terminal._30_Network.Ter_Net"""
General-317-20260718-15:48:02-5193,param,Florasat_Individual_Sats.terminal[29].net,layerName,,,"""Ter_Net"""
General-317-20260718-15:48:02-5193,attr,Florasat_Individual_Sats.terminal[29].net,layerName,optional,,
General-317-20260718-15:48:02-5193,param,Florasat_Individual_Sats.terminal[29].net,routingType,,,"""Ter_Null_Routing"""
General-317-20260718-15:48:02-5193,param,Florasat_Individual_Sats.terminal[29].app,typename,,,"""Nodes._10_Terminal._40_Application.Ter_App"""
General-317-20260718-15:48:02-5193,param,Florasat_Individual_Sats.terminal[29].app,layerName,,,"""TerminalApplicationLayer"""
General-317-20260718-15:48:02-5193,attr,Florasat_Individual_Sats.terminal[29].app,layerName,optional,,
General-317-20260718-15:48:02-5193,param,Florasat_Individual_Sats.terminal[29].app,numberOfPacketsToSend,,,0
General-317-20260718-15:48:02-5193,param,Florasat_Individual_Sats.terminal[29].app,timeToFirstPacket,,,1s
General-317-20260718-15:48:02-5193,attr,Florasat_Individual_Sats.terminal[29].app,timeToFirstPacket,unit,s,
General-317-20260718-15:48:02-5193,param,Florasat_Individual_Sats.terminal[29].app,timeToNextPacket,,,115s
General-317-20260718-15:48:02-5193,attr,Florasat_Individual_Sats.terminal[29].app,timeToNextPacket,unit,s,
General-317-20260718-15:48:02-5193,param,Florasat_Individual_Sats.terminal[29].app,timeToResponse,,,30s
General-317-20260718-15:48:02-5193,attr,Florasat_Individual_Sats.terminal[29].app,timeToResponse,unit,s,
General-317-20260718-15:48:02-5193,param,Florasat_Individual_Sats.terminal[29].app,timeToRetry,,,10s
General-317-20260718-15:48:02-5193,attr,Florasat_Individual_Sats.terminal[29].app,timeToRetry,unit,s,
General-317-20260718-15:48:02-5193,param,Florasat_Individual_Sats.terminal[29].app,ackTimeout,,,7s
General-317-20260718-15:48:02-5193,attr,Florasat_Individual_Sats.terminal[29].app,ackTimeout,unit,s,
General-317-20260718-15:48:02-5193,param,Florasat_Individual_Sats.terminal[29].app,timer,,,1s
General-317-20260718-15:48:02-5193,attr,Florasat_Individual_Sats.terminal[29].app,timer,unit,s,
General-317-20260718-15:48:02-5193,param,Florasat_Individual_Sats.terminal[29].app,initialLoRaTP,,,14dBm
General-317-20260718-15:48:02-5193,attr,Florasat_Individual_Sats.terminal[29].app,initialLoRaTP,unit,dBm,
General-317-20260718-15:48:02-5193,param,Florasat_Individual_Sats.terminal[29].app,initialLoRaCF,,,8.68e+08Hz
General-317-20260718-15:48:02-5193,attr,Florasat_Individual_Sats.terminal[29].app,initialLoRaCF,unit,Hz,
General-317-20260718-15:48:02-5193,param,Florasat_Individual_Sats.terminal[29].app,initialLoRaSF,,,12
General-317-20260718-15:48:02-5193,param,Florasat_Individual_Sats.terminal[29].app,initialLoRaBW,,,125000Hz
General-317-20260718-15:48:02-5193,attr,Florasat_Individual_Sats.terminal[29].app,initialLoRaBW,unit,Hz,
General-317-20260718-15:48:02-5193,param,Florasat_Individual_Sats.terminal[29].app,initialLoRaCR,,,4
General-317-20260718-15:48:02-5193,param,Florasat_Individual_Sats.terminal[29].app,initialUseHeader,,,true
General-317-20260718-15:48:02-5193,param,Florasat_Individual_Sats.terminal[29].app,initialPingSlot,,,1
General-317-20260718-15:48:02-5193,param,Florasat_Individual_Sats.terminal[29].app,InitClassA,,,true
General-317-20260718-15:48:02-5193,param,Florasat_Individual_Sats.terminal[29].app,InitClassB,,,false
General-317-20260718-15:48:02-5193,param,Florasat_Individual_Sats.terminal[29].app,evaluateADRinNode,,,false
General-317-20260718-15:48:02-5193,param,Florasat_Individual_Sats.terminal[29].app,payloadSize,,,10B
General-317-20260718-15:48:02-5193,attr,Florasat_Individual_Sats.terminal[29].app,payloadSize,unit,B,
General-317-20260718-15:48:02-5193,param,Florasat_Individual_Sats.terminal[29].app,usingAck,,,true
General-317-20260718-15:48:02-5193,param,Florasat_Individual_Sats.terminal[29].app,numGroundLinks,,,40
General-317-20260718-15:48:02-5193,param,Florasat_Individual_Sats.terminal[29].app,maxHops,,,50
General-317-20260718-15:48:02-5193,param,Florasat_Individual_Sats.terminal[29].app,nroMaxAttempts,,,0
General-317-20260718-15:48:02-5193,param,Florasat_Individual_Sats.terminal[29].eng,typename,,,"""Nodes._10_Terminal._50_Energy.Ter_Ene"""
General-317-20260718-15:48:02-5193,param,Florasat_Individual_Sats.terminal[29].mob,typename,,,"""Nodes._10_Terminal._60_Mobility.Ter_Mob"""
General-317-20260718-15:48:02-5193,param,Florasat_Individual_Sats.terminal[29].mob,subjectModule,,,"""^"""
General-317-20260718-15:48:02-5193,param,Florasat_Individual_Sats.terminal[29].mob,coordinateSystemModule,,,""""""
General-317-20260718-15:48:02-5193,param,Florasat_Individual_Sats.terminal[29].mob,displayStringTextFormat,,,"""p: %p\nv: %v"""
General-317-20260718-15:48:02-5193,attr,Florasat_Individual_Sats.terminal[29].mob,displayStringTextFormat,mutable,,
General-317-20260718-15:48:02-5193,param,Florasat_Individual_Sats.terminal[29].mob,updateDisplayString,,,true
General-317-20260718-15:48:02-5193,param,Florasat_Individual_Sats.terminal[29].mob,constraintAreaMinX,,,-inf m
General-317-20260718-15:48:02-5193,attr,Florasat_Individual_Sats.terminal[29].mob,constraintAreaMinX,unit,m,
General-317-20260718-15:48:02-5193,param,Florasat_Individual_Sats.terminal[29].mob,constraintAreaMinY,,,-inf m
General-317-20260718-15:48:02-5193,attr,Florasat_Individual_Sats.terminal[29].mob,constraintAreaMinY,unit,m,
General-317-20260718-15:48:02-5193,param,Florasat_Individual_Sats.terminal[29].mob,constraintAreaMinZ,,,-inf m
General-317-20260718-15:48:02-5193,attr,Florasat_Individual_Sats.terminal[29].mob,constraintAreaMinZ,unit,m,
General-317-20260718-15:48:02-5193,param,Florasat_Individual_Sats.terminal[29].mob,constraintAreaMaxX,,,inf m
General-317-20260718-15:48:02-5193,attr,Florasat_Individual_Sats.terminal[29].mob,constraintAreaMaxX,unit,m,
General-317-20260718-15:48:02-5193,param,Florasat_Individual_Sats.terminal[29].mob,constraintAreaMaxY,,,inf m
General-317-20260718-15:48:02-5193,attr,Florasat_Individual_Sats.terminal[29].mob,constraintAreaMaxY,unit,m,
General-317-20260718-15:48:02-5193,param,Florasat_Individual_Sats.terminal[29].mob,constraintAreaMaxZ,,,inf m
General-317-20260718-15:48:02-5193,attr,Florasat_Individual_Sats.terminal[29].mob,constraintAreaMaxZ,unit,m,
General-317-20260718-15:48:02-5193,param,Florasat_Individual_Sats.terminal[29].mob,initialX,,,nan m
General-317-20260718-15:48:02-5193,attr,Florasat_Individual_Sats.terminal[29].mob,initialX,unit,m,
General-317-20260718-15:48:02-5193,param,Florasat_Individual_Sats.terminal[29].mob,initialY,,,nan m
General-317-20260718-15:48:02-5193,attr,Florasat_Individual_Sats.terminal[29].mob,initialY,unit,m,
General-317-20260718-15:48:02-5193,param,Florasat_Individual_Sats.terminal[29].mob,initialZ,,,0m
General-317-20260718-15:48:02-5193,attr,Florasat_Individual_Sats.terminal[29].mob,initialZ,unit,m,
General-317-20260718-15:48:02-5193,param,Florasat_Individual_Sats.terminal[29].mob,initialLatitude,,,nan deg
General-317-20260718-15:48:02-5193,attr,Florasat_Individual_Sats.terminal[29].mob,initialLatitude,unit,deg,
General-317-20260718-15:48:02-5193,param,Florasat_Individual_Sats.terminal[29].mob,initialLongitude,,,nan deg
General-317-20260718-15:48:02-5193,attr,Florasat_Individual_Sats.terminal[29].mob,initialLongitude,unit,deg,
General-317-20260718-15:48:02-5193,param,Florasat_Individual_Sats.terminal[29].mob,initialAltitude,,,0m
General-317-20260718-15:48:02-5193,attr,Florasat_Individual_Sats.terminal[29].mob,initialAltitude,unit,m,
General-317-20260718-15:48:02-5193,param,Florasat_Individual_Sats.terminal[29].mob,initialHeading,,,0deg
General-317-20260718-15:48:02-5193,attr,Florasat_Individual_Sats.terminal[29].mob,initialHeading,unit,deg,
General-317-20260718-15:48:02-5193,param,Florasat_Individual_Sats.terminal[29].mob,initialElevation,,,0deg
General-317-20260718-15:48:02-5193,attr,Florasat_Individual_Sats.terminal[29].mob,initialElevation,unit,deg,
General-317-20260718-15:48:02-5193,param,Florasat_Individual_Sats.terminal[29].mob,initialBank,,,0deg
General-317-20260718-15:48:02-5193,attr,Florasat_Individual_Sats.terminal[29].mob,initialBank,unit,deg,
General-317-20260718-15:48:02-5193,param,Florasat_Individual_Sats.terminal[29].mob,initFromDisplayString,,,false
General-317-20260718-15:48:02-5193,param,Florasat_Individual_Sats.terminal[29].mob,updateFromDisplayString,,,false
General-317-20260718-15:48:02-5193,param,Florasat_Individual_Sats.terminal[29].mob,centerLatitude,,,34.921
General-317-20260718-15:48:02-5193,param,Florasat_Individual_Sats.terminal[29].mob,centerLongitude,,,33.623
General-317-20260718-15:48:02-5193,param,Florasat_Individual_Sats.terminal[29].mob,deploymentRadius,,,200
General-317-20260718-15:48:02-5193,param,Florasat_Individual_Sats.terminal[29],typename,,,"""Nodes._10_Terminal.Terminal"""
General-317-20260718-15:48:02-5193,param,Florasat_Individual_Sats.terminal[29],layerName,,,"""Terminal"""
General-317-20260718-15:48:02-5193,attr,Florasat_Individual_Sats.terminal[29],layerName,optional,,
General-317-20260718-15:48:02-5193,param,Florasat_Individual_Sats.terminal[29],sendData,,,true
General-317-20260718-15:48:02-5193,attr,Florasat_Individual_Sats.terminal[29],sendData,mutable,,
General-317-20260718-15:48:02-5193,param,Florasat_Individual_Sats.terminal[29],dstGsOrDev,,,0
General-317-20260718-15:48:02-5193,param,Florasat_Individual_Sats.terminal[30].phy.radio.antenna,typename,,,"""inet.physicallayer.wireless.common.antenna.IsotropicAntenna"""
General-317-20260718-15:48:02-5193,param,Florasat_Individual_Sats.terminal[30].phy.radio.antenna,mobilityModule,,,"""^.^.^.mob"""
General-317-20260718-15:48:02-5193,param,Florasat_Individual_Sats.terminal[30].phy.radio.antenna,numAntennas,,,1
General-317-20260718-15:48:02-5193,param,Florasat_Individual_Sats.terminal[30].phy.radio.transmitter,typename,,,"""Global.Transceiver.LoRaTransmitter"""
General-317-20260718-15:48:02-5193,param,Florasat_Individual_Sats.terminal[30].phy.radio.transmitter,preambleDuration,,,0.001s
General-317-20260718-15:48:02-5193,attr,Florasat_Individual_Sats.terminal[30].phy.radio.transmitter,preambleDuration,unit,s,
General-317-20260718-15:48:02-5193,param,Florasat_Individual_Sats.terminal[30].phy.radio.transmitter,headerLength,,,40b
General-317-20260718-15:48:02-5193,attr,Florasat_Individual_Sats.terminal[30].phy.radio.transmitter,headerLength,unit,b,
General-317-20260718-15:48:02-5193,param,Florasat_Individual_Sats.terminal[30].phy.radio.transmitter,bitrate,,,250000bps
General-317-20260718-15:48:02-5193,attr,Florasat_Individual_Sats.terminal[30].phy.radio.transmitter,bitrate,unit,bps,
General-317-20260718-15:48:02-5193,param,Florasat_Individual_Sats.terminal[30].phy.radio.transmitter,power,,,0.025118W
General-317-20260718-15:48:02-5193,attr,Florasat_Individual_Sats.terminal[30].phy.radio.transmitter,power,unit,W,
General-317-20260718-15:48:02-5193,param,Florasat_Individual_Sats.terminal[30].phy.radio.transmitter,centerFrequency,,,8.68e+08Hz
General-317-20260718-15:48:02-5193,attr,Florasat_Individual_Sats.terminal[30].phy.radio.transmitter,centerFrequency,unit,Hz,
General-317-20260718-15:48:02-5193,param,Florasat_Individual_Sats.terminal[30].phy.radio.transmitter,bandwidth,,,250000Hz
General-317-20260718-15:48:02-5193,attr,Florasat_Individual_Sats.terminal[30].phy.radio.transmitter,bandwidth,unit,Hz,
General-317-20260718-15:48:02-5193,param,Florasat_Individual_Sats.terminal[30].phy.radio.transmitter,codeRate,,,1
General-317-20260718-15:48:02-5193,param,Florasat_Individual_Sats.terminal[30].phy.radio.transmitter,modulation,,,"""LoRaModulation"""
General-317-20260718-15:48:02-5193,param,Florasat_Individual_Sats.terminal[30].phy.radio.receiver,typename,,,"""Global.Transceiver.LoRaReceiver"""
General-317-20260718-15:48:02-5193,param,Florasat_Individual_Sats.terminal[30].phy.radio.receiver,energyDetection,,,-90dBm
General-317-20260718-15:48:02-5193,attr,Florasat_Individual_Sats.terminal[30].phy.radio.receiver,energyDetection,unit,dBm,
General-317-20260718-15:48:02-5193,param,Florasat_Individual_Sats.terminal[30].phy.radio.receiver,sensitivity,,,-137dBm
General-317-20260718-15:48:02-5193,attr,Florasat_Individual_Sats.terminal[30].phy.radio.receiver,sensitivity,unit,dBm,
General-317-20260718-15:48:02-5193,param,Florasat_Individual_Sats.terminal[30].phy.radio.receiver,snirThreshold,,,-8dB
General-317-20260718-15:48:02-5193,attr,Florasat_Individual_Sats.terminal[30].phy.radio.receiver,snirThreshold,unit,dB,
General-317-20260718-15:48:02-5193,param,Florasat_Individual_Sats.terminal[30].phy.radio.receiver,centerFrequency,,,8.68e+08Hz
General-317-20260718-15:48:02-5193,attr,Florasat_Individual_Sats.terminal[30].phy.radio.receiver,centerFrequency,unit,Hz,
General-317-20260718-15:48:02-5193,param,Florasat_Individual_Sats.terminal[30].phy.radio.receiver,bandwidth,,,250000Hz
General-317-20260718-15:48:02-5193,attr,Florasat_Individual_Sats.terminal[30].phy.radio.receiver,bandwidth,unit,Hz,
General-317-20260718-15:48:02-5193,param,Florasat_Individual_Sats.terminal[30].phy.radio.receiver,alohaChannelModel,,,false
General-317-20260718-15:48:02-5193,param,Florasat_Individual_Sats.terminal[30].phy.radio.receiver,errorModelType,,,""""""
General-317-20260718-15:48:02-5193,param,Florasat_Individual_Sats.terminal[30].phy.radio.receiver,ignoreInterference,,,false
General-317-20260718-15:48:02-5193,param,Florasat_Individual_Sats.terminal[30].phy.radio.receiver,enableCollisionOverlap,,,false
General-317-20260718-15:48:02-5193,param,Florasat_Individual_Sats.terminal[30].phy.radio.receiver,minCollisionOverlap,,,0s
General-317-20260718-15:48:02-5193,attr,Florasat_Individual_Sats.terminal[30].phy.radio.receiver,minCollisionOverlap,unit,s,
General-317-20260718-15:48:02-5193,param,Florasat_Individual_Sats.terminal[30].phy.radio.IdealEpEnergyStorage,typename,,,"""inet.power.storage.IdealEpEnergyStorage"""
General-317-20260718-15:48:02-5193,param,Florasat_Individual_Sats.terminal[30].phy.radio,typename,,,"""Nodes._10_Terminal._10_Physical.Ter_Phy_LoRaRadio"""
General-317-20260718-15:48:02-5193,param,Florasat_Individual_Sats.terminal[30].phy.radio,radioMediumModule,,,"""radioMedium"""
General-317-20260718-15:48:02-5193,param,Florasat_Individual_Sats.terminal[30].phy.radio,energySourceModule,,,""""""
General-317-20260718-15:48:02-5193,param,Florasat_Individual_Sats.terminal[30].phy.radio,initialRadioMode,,,"""off"""
General-317-20260718-15:48:02-5193,attr,Florasat_Individual_Sats.terminal[30].phy.radio,initialRadioMode,enum,"off,sleep,receiver,transmitter,transceiver",
General-317-20260718-15:48:02-5193,param,Florasat_Individual_Sats.terminal[30].phy.radio,switchingTimes,,,"""ms 0 0 0 0 0 0 0 0 0 0 0 0 0 0 0 0 0 0 0 0 0 0 0 0 0"""
General-317-20260718-15:48:02-5193,param,Florasat_Individual_Sats.terminal[30].phy.radio,sendRawBytes,,,false
General-317-20260718-15:48:02-5193,param,Florasat_Individual_Sats.terminal[30].phy.radio,separateTransmissionParts,,,false
General-317-20260718-15:48:02-5193,param,Florasat_Individual_Sats.terminal[30].phy.radio,separateReceptionParts,,,false
General-317-20260718-15:48:02-5193,param,Florasat_Individual_Sats.terminal[30].phy.radio,displayCommunicationRange,,,false
General-317-20260718-15:48:02-5193,param,Florasat_Individual_Sats.terminal[30].phy.radio,displayInterferenceRange,,,false
General-317-20260718-15:48:02-5193,param,Florasat_Individual_Sats.terminal[30].phy.radio,centerFrequency,,,8.68e+08Hz
General-317-20260718-15:48:02-5193,attr,Florasat_Individual_Sats.terminal[30].phy.radio,centerFrequency,unit,Hz,
General-317-20260718-15:48:02-5193,param,Florasat_Individual_Sats.terminal[30].phy.radio,bandwidth,,,250000Hz
General-317-20260718-15:48:02-5193,attr,Florasat_Individual_Sats.terminal[30].phy.radio,bandwidth,unit,Hz,
General-317-20260718-15:48:02-5193,param,Florasat_Individual_Sats.terminal[30].phy.radio,iAmGateway,,,false
General-317-20260718-15:48:02-5193,param,Florasat_Individual_Sats.terminal[30].phy,typename,,,"""Nodes._10_Terminal._10_Physical.Ter_Phy"""
General-317-20260718-15:48:02-5193,param,Florasat_Individual_Sats.terminal[30].phy,layerName,,,"""Ter_Phy"""
General-317-20260718-15:48:02-5193,attr,Florasat_Individual_Sats.terminal[30].phy,layerName,optional,,
General-317-20260718-15:48:02-5193,param,Florasat_Individual_Sats.terminal[30].dlk.mac.queue,typename,,,"""inet.queueing.queue.DropTailQueue"""
General-317-20260718-15:48:02-5193,param,Florasat_Individual_Sats.terminal[30].dlk.mac.queue,displayStringTextFormat,,,"""contains %p pk (%l) pushed %u\npulled %o removed %r dropped %d"""
General-317-20260718-15:48:02-5193,param,Florasat_Individual_Sats.terminal[30].dlk.mac.queue,packetCapacity,,,-1
General-317-20260718-15:48:02-5193,param,Florasat_Individual_Sats.terminal[30].dlk.mac.queue,dataCapacity,,,-1b
General-317-20260718-15:48:02-5193,attr,Florasat_Individual_Sats.terminal[30].dlk.mac.queue,dataCapacity,unit,b,
General-317-20260718-15:48:02-5193,param,Florasat_Individual_Sats.terminal[30].dlk.mac.queue,dropperClass,,,"""inet::queueing::PacketAtCollectionEndDropper"""
General-317-20260718-15:48:02-5193,param,Florasat_Individual_Sats.terminal[30].dlk.mac.queue,comparatorClass,,,""""""
General-317-20260718-15:48:02-5193,param,Florasat_Individual_Sats.terminal[30].dlk.mac.queue,bufferModule,,,""""""
General-317-20260718-15:48:02-5193,param,Florasat_Individual_Sats.terminal[30].dlk.mac.mlBox,typename,,,"""Nodes._10_Terminal._20_Data_Link.Transmission_Predictor.Transmission_Predictor"""
General-317-20260718-15:48:02-5193,param,Florasat_Individual_Sats.terminal[30].dlk.mac.mlBox,modelPath,,,"""/home/ylnner/Documents/omnet++/omnetpp-6.3.0/projects/florasat_v4_ult_routing/simulations/Test_Individual/mlmodels/transformer_scripted.pt"""
General-317-20260718-15:48:02-5193,param,Florasat_Individual_Sats.terminal[30].dlk.mac.mlBox,threshold,,,0.2
General-317-20260718-15:48:02-5193,param,Florasat_Individual_Sats.terminal[30].dlk.mac.mlBox,scalerPath,,,""""""
General-317-20260718-15:48:02-5193,param,Florasat_Individual_Sats.terminal[30].dlk.mac,typename,,,"""Nodes._10_Terminal._20_Data_Link.Ter_Dlk_KiWan"""
General-317-20260718-15:48:02-5193,param,Florasat_Individual_Sats.terminal[30].dlk.mac,interfaceTableModule,,,""""""
General-317-20260718-15:48:02-5193,param,Florasat_Individual_Sats.terminal[30].dlk.mac,radioModule,,,"""^.^.phy.radio"""
General-317-20260718-15:48:02-5193,param,Florasat_Individual_Sats.terminal[30].dlk.mac,address,,,"""0A-AA-00-00-00-1F"""
General-317-20260718-15:48:02-5193,attr,Florasat_Individual_Sats.terminal[30].dlk.mac,address,mutable,,
General-317-20260718-15:48:02-5193,param,Florasat_Individual_Sats.terminal[30].dlk.mac,mtu,,,1500
General-317-20260718-15:48:02-5193,param,Florasat_Individual_Sats.terminal[30].dlk.mac,ttwDuration,,,100s
General-317-20260718-15:48:02-5193,attr,Florasat_Individual_Sats.terminal[30].dlk.mac,ttwDuration,unit,s,
General-317-20260718-15:48:02-5193,param,Florasat_Individual_Sats.terminal[30].dlk.mac,ttwIdle,,,0s
General-317-20260718-15:48:02-5193,attr,Florasat_Individual_Sats.terminal[30].dlk.mac,ttwIdle,unit,s,
General-317-20260718-15:48:02-5193,param,Florasat_Individual_Sats.terminal[30].dlk.mac,ttxStart_min,,,0s
General-317-20260718-15:48:02-5193,attr,Florasat_Individual_Sats.terminal[30].dlk.mac,ttxStart_min,unit,s,
General-317-20260718-15:48:02-5193,param,Florasat_Individual_Sats.terminal[30].dlk.mac,ttxStart_max,,,1s
General-317-20260718-15:48:02-5193,attr,Florasat_Individual_Sats.terminal[30].dlk.mac,ttxStart_max,unit,s,
General-317-20260718-15:48:02-5193,param,Florasat_Individual_Sats.terminal[30].dlk.mac,ttxIdle_min,,,10s
General-317-20260718-15:48:02-5193,attr,Florasat_Individual_Sats.terminal[30].dlk.mac,ttxIdle_min,unit,s,
General-317-20260718-15:48:02-5193,param,Florasat_Individual_Sats.terminal[30].dlk.mac,ttxIdle_max,,,15s
General-317-20260718-15:48:02-5193,attr,Florasat_Individual_Sats.terminal[30].dlk.mac,ttxIdle_max,unit,s,
General-317-20260718-15:48:02-5193,param,Florasat_Individual_Sats.terminal[30].dlk.mac,Ntw,,,1
General-317-20260718-15:48:02-5193,param,Florasat_Individual_Sats.terminal[30].dlk.mac,Ntx,,,5
General-317-20260718-15:48:02-5193,param,Florasat_Individual_Sats.terminal[30].dlk.mac,enableSatDetect,,,false
General-317-20260718-15:48:02-5193,param,Florasat_Individual_Sats.terminal[30].dlk.mac,tsdStart_min,,,0s
General-317-20260718-15:48:02-5193,attr,Florasat_Individual_Sats.terminal[30].dlk.mac,tsdStart_min,unit,s,
General-317-20260718-15:48:02-5193,param,Florasat_Individual_Sats.terminal[30].dlk.mac,tsdStart_max,,,60s
General-317-20260718-15:48:02-5193,attr,Florasat_Individual_Sats.terminal[30].dlk.mac,tsdStart_max,unit,s,
General-317-20260718-15:48:02-5193,param,Florasat_Individual_Sats.terminal[30].dlk.mac,Ndetect,,,4
General-317-20260718-15:48:02-5193,param,Florasat_Individual_Sats.terminal[30].dlk.mac,NsdSync,,,2
General-317-20260718-15:48:02-5193,param,Florasat_Individual_Sats.terminal[30].dlk.mac,tsyncIdle,,,60s
General-317-20260718-15:48:02-5193,attr,Florasat_Individual_Sats.terminal[30].dlk.mac,tsyncIdle,unit,s,
General-317-20260718-15:48:02-5193,param,Florasat_Individual_Sats.terminal[30].dlk.mac,tsdIdle,,,240s
General-317-20260718-15:48:02-5193,attr,Florasat_Individual_Sats.terminal[30].dlk.mac,tsdIdle,unit,s,
General-317-20260718-15:48:02-5193,param,Florasat_Individual_Sats.terminal[30].dlk.mac,satelliteDetectionProbability,,,0.9
General-317-20260718-15:48:02-5193,param,Florasat_Individual_Sats.terminal[30].dlk.mac,minimumElevation,,,5
General-317-20260718-15:48:02-5193,param,Florasat_Individual_Sats.terminal[30].dlk.mac,detectInitialListen,,,0.33s
General-317-20260718-15:48:02-5193,attr,Florasat_Individual_Sats.terminal[30].dlk.mac,detectInitialListen,unit,s,
General-317-20260718-15:48:02-5193,param,Florasat_Individual_Sats.terminal[30].dlk.mac,detectSuccessExtraMin,,,0.075s
General-317-20260718-15:48:02-5193,attr,Florasat_Individual_Sats.terminal[30].dlk.mac,detectSuccessExtraMin,unit,s,
General-317-20260718-15:48:02-5193,param,Florasat_Individual_Sats.terminal[30].dlk.mac,detectSuccessExtraMax,,,1.67s
General-317-20260718-15:48:02-5193,attr,Florasat_Individual_Sats.terminal[30].dlk.mac,detectSuccessExtraMax,unit,s,
General-317-20260718-15:48:02-5193,param,Florasat_Individual_Sats.terminal[30].dlk.mac,detectMissExtra,,,1.67s
General-317-20260718-15:48:02-5193,attr,Florasat_Individual_Sats.terminal[30].dlk.mac,detectMissExtra,unit,s,
General-317-20260718-15:48:02-5193,param,Florasat_Individual_Sats.terminal[30].dlk.mac,LoRaSF,,,12
General-317-20260718-15:48:02-5193,param,Florasat_Individual_Sats.terminal[30].dlk.mac,LoRaTP,,,13
General-317-20260718-15:48:02-5193,param,Florasat_Individual_Sats.terminal[30].dlk.mac,LoRaCF,,,8.68e+08
General-317-20260718-15:48:02-5193,param,Florasat_Individual_Sats.terminal[30].dlk.mac,LoRaBW,,,125000
General-317-20260718-15:48:02-5193,param,Florasat_Individual_Sats.terminal[30].dlk.mac,LoRaCR,,,1
General-317-20260718-15:48:02-5193,param,Florasat_Individual_Sats.terminal[30].dlk.mac,useMLBox,,,true
General-317-20260718-15:48:02-5193,param,Florasat_Individual_Sats.terminal[30].dlk.mac,useMLBoxBiLSTM,,,false
General-317-20260718-15:48:02-5193,param,Florasat_Individual_Sats.terminal[30].dlk.mac,useAnalytical,,,false
General-317-20260718-15:48:02-5193,param,Florasat_Individual_Sats.terminal[30].dlk,typename,,,"""Nodes._10_Terminal._20_Data_Link.Ter_Dlk"""
General-317-20260718-15:48:02-5193,param,Florasat_Individual_Sats.terminal[30].net.routing,typename,,,"""Global.Base._30_Network.Ter_Null_Routing"""
General-317-20260718-15:48:02-5193,param,Florasat_Individual_Sats.terminal[30].net,typename,,,"""Nodes._10_Terminal._30_Network.Ter_Net"""
General-317-20260718-15:48:02-5193,param,Florasat_Individual_Sats.terminal[30].net,layerName,,,"""Ter_Net"""
General-317-20260718-15:48:02-5193,attr,Florasat_Individual_Sats.terminal[30].net,layerName,optional,,
General-317-20260718-15:48:02-5193,param,Florasat_Individual_Sats.terminal[30].net,routingType,,,"""Ter_Null_Routing"""
General-317-20260718-15:48:02-5193,param,Florasat_Individual_Sats.terminal[30].app,typename,,,"""Nodes._10_Terminal._40_Application.Ter_App"""
General-317-20260718-15:48:02-5193,param,Florasat_Individual_Sats.terminal[30].app,layerName,,,"""TerminalApplicationLayer"""
General-317-20260718-15:48:02-5193,attr,Florasat_Individual_Sats.terminal[30].app,layerName,optional,,
General-317-20260718-15:48:02-5193,param,Florasat_Individual_Sats.terminal[30].app,numberOfPacketsToSend,,,0
General-317-20260718-15:48:02-5193,param,Florasat_Individual_Sats.terminal[30].app,timeToFirstPacket,,,1s
General-317-20260718-15:48:02-5193,attr,Florasat_Individual_Sats.terminal[30].app,timeToFirstPacket,unit,s,
General-317-20260718-15:48:02-5193,param,Florasat_Individual_Sats.terminal[30].app,timeToNextPacket,,,115s
General-317-20260718-15:48:02-5193,attr,Florasat_Individual_Sats.terminal[30].app,timeToNextPacket,unit,s,
General-317-20260718-15:48:02-5193,param,Florasat_Individual_Sats.terminal[30].app,timeToResponse,,,30s
General-317-20260718-15:48:02-5193,attr,Florasat_Individual_Sats.terminal[30].app,timeToResponse,unit,s,
General-317-20260718-15:48:02-5193,param,Florasat_Individual_Sats.terminal[30].app,timeToRetry,,,10s
General-317-20260718-15:48:02-5193,attr,Florasat_Individual_Sats.terminal[30].app,timeToRetry,unit,s,
General-317-20260718-15:48:02-5193,param,Florasat_Individual_Sats.terminal[30].app,ackTimeout,,,7s
General-317-20260718-15:48:02-5193,attr,Florasat_Individual_Sats.terminal[30].app,ackTimeout,unit,s,
General-317-20260718-15:48:02-5193,param,Florasat_Individual_Sats.terminal[30].app,timer,,,1s
General-317-20260718-15:48:02-5193,attr,Florasat_Individual_Sats.terminal[30].app,timer,unit,s,
General-317-20260718-15:48:02-5193,param,Florasat_Individual_Sats.terminal[30].app,initialLoRaTP,,,14dBm
General-317-20260718-15:48:02-5193,attr,Florasat_Individual_Sats.terminal[30].app,initialLoRaTP,unit,dBm,
General-317-20260718-15:48:02-5193,param,Florasat_Individual_Sats.terminal[30].app,initialLoRaCF,,,8.68e+08Hz
General-317-20260718-15:48:02-5193,attr,Florasat_Individual_Sats.terminal[30].app,initialLoRaCF,unit,Hz,
General-317-20260718-15:48:02-5193,param,Florasat_Individual_Sats.terminal[30].app,initialLoRaSF,,,12
General-317-20260718-15:48:02-5193,param,Florasat_Individual_Sats.terminal[30].app,initialLoRaBW,,,125000Hz
General-317-20260718-15:48:02-5193,attr,Florasat_Individual_Sats.terminal[30].app,initialLoRaBW,unit,Hz,
General-317-20260718-15:48:02-5193,param,Florasat_Individual_Sats.terminal[30].app,initialLoRaCR,,,4
General-317-20260718-15:48:02-5193,param,Florasat_Individual_Sats.terminal[30].app,initialUseHeader,,,true
General-317-20260718-15:48:02-5193,param,Florasat_Individual_Sats.terminal[30].app,initialPingSlot,,,1
General-317-20260718-15:48:02-5193,param,Florasat_Individual_Sats.terminal[30].app,InitClassA,,,true
General-317-20260718-15:48:02-5193,param,Florasat_Individual_Sats.terminal[30].app,InitClassB,,,false
General-317-20260718-15:48:02-5193,param,Florasat_Individual_Sats.terminal[30].app,evaluateADRinNode,,,false
General-317-20260718-15:48:02-5193,param,Florasat_Individual_Sats.terminal[30].app,payloadSize,,,10B
General-317-20260718-15:48:02-5193,attr,Florasat_Individual_Sats.terminal[30].app,payloadSize,unit,B,
General-317-20260718-15:48:02-5193,param,Florasat_Individual_Sats.terminal[30].app,usingAck,,,true
General-317-20260718-15:48:02-5193,param,Florasat_Individual_Sats.terminal[30].app,numGroundLinks,,,40
General-317-20260718-15:48:02-5193,param,Florasat_Individual_Sats.terminal[30].app,maxHops,,,50
General-317-20260718-15:48:02-5193,param,Florasat_Individual_Sats.terminal[30].app,nroMaxAttempts,,,0
General-317-20260718-15:48:02-5193,param,Florasat_Individual_Sats.terminal[30].eng,typename,,,"""Nodes._10_Terminal._50_Energy.Ter_Ene"""
General-317-20260718-15:48:02-5193,param,Florasat_Individual_Sats.terminal[30].mob,typename,,,"""Nodes._10_Terminal._60_Mobility.Ter_Mob"""
General-317-20260718-15:48:02-5193,param,Florasat_Individual_Sats.terminal[30].mob,subjectModule,,,"""^"""
General-317-20260718-15:48:02-5193,param,Florasat_Individual_Sats.terminal[30].mob,coordinateSystemModule,,,""""""
General-317-20260718-15:48:02-5193,param,Florasat_Individual_Sats.terminal[30].mob,displayStringTextFormat,,,"""p: %p\nv: %v"""
General-317-20260718-15:48:02-5193,attr,Florasat_Individual_Sats.terminal[30].mob,displayStringTextFormat,mutable,,
General-317-20260718-15:48:02-5193,param,Florasat_Individual_Sats.terminal[30].mob,updateDisplayString,,,true
General-317-20260718-15:48:02-5193,param,Florasat_Individual_Sats.terminal[30].mob,constraintAreaMinX,,,-inf m
General-317-20260718-15:48:02-5193,attr,Florasat_Individual_Sats.terminal[30].mob,constraintAreaMinX,unit,m,
General-317-20260718-15:48:02-5193,param,Florasat_Individual_Sats.terminal[30].mob,constraintAreaMinY,,,-inf m
General-317-20260718-15:48:02-5193,attr,Florasat_Individual_Sats.terminal[30].mob,constraintAreaMinY,unit,m,
General-317-20260718-15:48:02-5193,param,Florasat_Individual_Sats.terminal[30].mob,constraintAreaMinZ,,,-inf m
General-317-20260718-15:48:02-5193,attr,Florasat_Individual_Sats.terminal[30].mob,constraintAreaMinZ,unit,m,
General-317-20260718-15:48:02-5193,param,Florasat_Individual_Sats.terminal[30].mob,constraintAreaMaxX,,,inf m
General-317-20260718-15:48:02-5193,attr,Florasat_Individual_Sats.terminal[30].mob,constraintAreaMaxX,unit,m,
General-317-20260718-15:48:02-5193,param,Florasat_Individual_Sats.terminal[30].mob,constraintAreaMaxY,,,inf m
General-317-20260718-15:48:02-5193,attr,Florasat_Individual_Sats.terminal[30].mob,constraintAreaMaxY,unit,m,
General-317-20260718-15:48:02-5193,param,Florasat_Individual_Sats.terminal[30].mob,constraintAreaMaxZ,,,inf m
General-317-20260718-15:48:02-5193,attr,Florasat_Individual_Sats.terminal[30].mob,constraintAreaMaxZ,unit,m,
General-317-20260718-15:48:02-5193,param,Florasat_Individual_Sats.terminal[30].mob,initialX,,,nan m
General-317-20260718-15:48:02-5193,attr,Florasat_Individual_Sats.terminal[30].mob,initialX,unit,m,
General-317-20260718-15:48:02-5193,param,Florasat_Individual_Sats.terminal[30].mob,initialY,,,nan m
General-317-20260718-15:48:02-5193,attr,Florasat_Individual_Sats.terminal[30].mob,initialY,unit,m,
General-317-20260718-15:48:02-5193,param,Florasat_Individual_Sats.terminal[30].mob,initialZ,,,0m
General-317-20260718-15:48:02-5193,attr,Florasat_Individual_Sats.terminal[30].mob,initialZ,unit,m,
General-317-20260718-15:48:02-5193,param,Florasat_Individual_Sats.terminal[30].mob,initialLatitude,,,nan deg
General-317-20260718-15:48:02-5193,attr,Florasat_Individual_Sats.terminal[30].mob,initialLatitude,unit,deg,
General-317-20260718-15:48:02-5193,param,Florasat_Individual_Sats.terminal[30].mob,initialLongitude,,,nan deg
General-317-20260718-15:48:02-5193,attr,Florasat_Individual_Sats.terminal[30].mob,initialLongitude,unit,deg,
General-317-20260718-15:48:02-5193,param,Florasat_Individual_Sats.terminal[30].mob,initialAltitude,,,0m
General-317-20260718-15:48:02-5193,attr,Florasat_Individual_Sats.terminal[30].mob,initialAltitude,unit,m,
General-317-20260718-15:48:02-5193,param,Florasat_Individual_Sats.terminal[30].mob,initialHeading,,,0deg
General-317-20260718-15:48:02-5193,attr,Florasat_Individual_Sats.terminal[30].mob,initialHeading,unit,deg,
General-317-20260718-15:48:02-5193,param,Florasat_Individual_Sats.terminal[30].mob,initialElevation,,,0deg
General-317-20260718-15:48:02-5193,attr,Florasat_Individual_Sats.terminal[30].mob,initialElevation,unit,deg,
General-317-20260718-15:48:02-5193,param,Florasat_Individual_Sats.terminal[30].mob,initialBank,,,0deg
General-317-20260718-15:48:02-5193,attr,Florasat_Individual_Sats.terminal[30].mob,initialBank,unit,deg,
General-317-20260718-15:48:02-5193,param,Florasat_Individual_Sats.terminal[30].mob,initFromDisplayString,,,false
General-317-20260718-15:48:02-5193,param,Florasat_Individual_Sats.terminal[30].mob,updateFromDisplayString,,,false
General-317-20260718-15:48:02-5193,param,Florasat_Individual_Sats.terminal[30].mob,centerLatitude,,,55.953
General-317-20260718-15:48:02-5193,param,Florasat_Individual_Sats.terminal[30].mob,centerLongitude,,,-3.188
General-317-20260718-15:48:02-5193,param,Florasat_Individual_Sats.terminal[30].mob,deploymentRadius,,,200
General-317-20260718-15:48:02-5193,param,Florasat_Individual_Sats.terminal[30],typename,,,"""Nodes._10_Terminal.Terminal"""
General-317-20260718-15:48:02-5193,param,Florasat_Individual_Sats.terminal[30],layerName,,,"""Terminal"""
General-317-20260718-15:48:02-5193,attr,Florasat_Individual_Sats.terminal[30],layerName,optional,,
General-317-20260718-15:48:02-5193,param,Florasat_Individual_Sats.terminal[30],sendData,,,true
General-317-20260718-15:48:02-5193,attr,Florasat_Individual_Sats.terminal[30],sendData,mutable,,
General-317-20260718-15:48:02-5193,param,Florasat_Individual_Sats.terminal[30],dstGsOrDev,,,0
General-317-20260718-15:48:02-5193,param,Florasat_Individual_Sats.terminal[31].phy.radio.antenna,typename,,,"""inet.physicallayer.wireless.common.antenna.IsotropicAntenna"""
General-317-20260718-15:48:02-5193,param,Florasat_Individual_Sats.terminal[31].phy.radio.antenna,mobilityModule,,,"""^.^.^.mob"""
General-317-20260718-15:48:02-5193,param,Florasat_Individual_Sats.terminal[31].phy.radio.antenna,numAntennas,,,1
General-317-20260718-15:48:02-5193,param,Florasat_Individual_Sats.terminal[31].phy.radio.transmitter,typename,,,"""Global.Transceiver.LoRaTransmitter"""
General-317-20260718-15:48:02-5193,param,Florasat_Individual_Sats.terminal[31].phy.radio.transmitter,preambleDuration,,,0.001s
General-317-20260718-15:48:02-5193,attr,Florasat_Individual_Sats.terminal[31].phy.radio.transmitter,preambleDuration,unit,s,
General-317-20260718-15:48:02-5193,param,Florasat_Individual_Sats.terminal[31].phy.radio.transmitter,headerLength,,,40b
General-317-20260718-15:48:02-5193,attr,Florasat_Individual_Sats.terminal[31].phy.radio.transmitter,headerLength,unit,b,
General-317-20260718-15:48:02-5193,param,Florasat_Individual_Sats.terminal[31].phy.radio.transmitter,bitrate,,,250000bps
General-317-20260718-15:48:02-5193,attr,Florasat_Individual_Sats.terminal[31].phy.radio.transmitter,bitrate,unit,bps,
General-317-20260718-15:48:02-5193,param,Florasat_Individual_Sats.terminal[31].phy.radio.transmitter,power,,,0.025118W
General-317-20260718-15:48:02-5193,attr,Florasat_Individual_Sats.terminal[31].phy.radio.transmitter,power,unit,W,
General-317-20260718-15:48:02-5193,param,Florasat_Individual_Sats.terminal[31].phy.radio.transmitter,centerFrequency,,,8.68e+08Hz
General-317-20260718-15:48:02-5193,attr,Florasat_Individual_Sats.terminal[31].phy.radio.transmitter,centerFrequency,unit,Hz,
General-317-20260718-15:48:02-5193,param,Florasat_Individual_Sats.terminal[31].phy.radio.transmitter,bandwidth,,,250000Hz
General-317-20260718-15:48:02-5193,attr,Florasat_Individual_Sats.terminal[31].phy.radio.transmitter,bandwidth,unit,Hz,
General-317-20260718-15:48:02-5193,param,Florasat_Individual_Sats.terminal[31].phy.radio.transmitter,codeRate,,,1
General-317-20260718-15:48:02-5193,param,Florasat_Individual_Sats.terminal[31].phy.radio.transmitter,modulation,,,"""LoRaModulation"""
General-317-20260718-15:48:02-5193,param,Florasat_Individual_Sats.terminal[31].phy.radio.receiver,typename,,,"""Global.Transceiver.LoRaReceiver"""
General-317-20260718-15:48:02-5193,param,Florasat_Individual_Sats.terminal[31].phy.radio.receiver,energyDetection,,,-90dBm
General-317-20260718-15:48:02-5193,attr,Florasat_Individual_Sats.terminal[31].phy.radio.receiver,energyDetection,unit,dBm,
General-317-20260718-15:48:02-5193,param,Florasat_Individual_Sats.terminal[31].phy.radio.receiver,sensitivity,,,-137dBm
General-317-20260718-15:48:02-5193,attr,Florasat_Individual_Sats.terminal[31].phy.radio.receiver,sensitivity,unit,dBm,
General-317-20260718-15:48:02-5193,param,Florasat_Individual_Sats.terminal[31].phy.radio.receiver,snirThreshold,,,-8dB
General-317-20260718-15:48:02-5193,attr,Florasat_Individual_Sats.terminal[31].phy.radio.receiver,snirThreshold,unit,dB,
General-317-20260718-15:48:02-5193,param,Florasat_Individual_Sats.terminal[31].phy.radio.receiver,centerFrequency,,,8.68e+08Hz
General-317-20260718-15:48:02-5193,attr,Florasat_Individual_Sats.terminal[31].phy.radio.receiver,centerFrequency,unit,Hz,
General-317-20260718-15:48:02-5193,param,Florasat_Individual_Sats.terminal[31].phy.radio.receiver,bandwidth,,,250000Hz
General-317-20260718-15:48:02-5193,attr,Florasat_Individual_Sats.terminal[31].phy.radio.receiver,bandwidth,unit,Hz,
General-317-20260718-15:48:02-5193,param,Florasat_Individual_Sats.terminal[31].phy.radio.receiver,alohaChannelModel,,,false
General-317-20260718-15:48:02-5193,param,Florasat_Individual_Sats.terminal[31].phy.radio.receiver,errorModelType,,,""""""
General-317-20260718-15:48:02-5193,param,Florasat_Individual_Sats.terminal[31].phy.radio.receiver,ignoreInterference,,,false
General-317-20260718-15:48:02-5193,param,Florasat_Individual_Sats.terminal[31].phy.radio.receiver,enableCollisionOverlap,,,false
General-317-20260718-15:48:02-5193,param,Florasat_Individual_Sats.terminal[31].phy.radio.receiver,minCollisionOverlap,,,0s
General-317-20260718-15:48:02-5193,attr,Florasat_Individual_Sats.terminal[31].phy.radio.receiver,minCollisionOverlap,unit,s,
General-317-20260718-15:48:02-5193,param,Florasat_Individual_Sats.terminal[31].phy.radio.IdealEpEnergyStorage,typename,,,"""inet.power.storage.IdealEpEnergyStorage"""
General-317-20260718-15:48:02-5193,param,Florasat_Individual_Sats.terminal[31].phy.radio,typename,,,"""Nodes._10_Terminal._10_Physical.Ter_Phy_LoRaRadio"""
General-317-20260718-15:48:02-5193,param,Florasat_Individual_Sats.terminal[31].phy.radio,radioMediumModule,,,"""radioMedium"""
General-317-20260718-15:48:02-5193,param,Florasat_Individual_Sats.terminal[31].phy.radio,energySourceModule,,,""""""
General-317-20260718-15:48:02-5193,param,Florasat_Individual_Sats.terminal[31].phy.radio,initialRadioMode,,,"""off"""
General-317-20260718-15:48:02-5193,attr,Florasat_Individual_Sats.terminal[31].phy.radio,initialRadioMode,enum,"off,sleep,receiver,transmitter,transceiver",
General-317-20260718-15:48:02-5193,param,Florasat_Individual_Sats.terminal[31].phy.radio,switchingTimes,,,"""ms 0 0 0 0 0 0 0 0 0 0 0 0 0 0 0 0 0 0 0 0 0 0 0 0 0"""
General-317-20260718-15:48:02-5193,param,Florasat_Individual_Sats.terminal[31].phy.radio,sendRawBytes,,,false
General-317-20260718-15:48:02-5193,param,Florasat_Individual_Sats.terminal[31].phy.radio,separateTransmissionParts,,,false
General-317-20260718-15:48:02-5193,param,Florasat_Individual_Sats.terminal[31].phy.radio,separateReceptionParts,,,false
General-317-20260718-15:48:02-5193,param,Florasat_Individual_Sats.terminal[31].phy.radio,displayCommunicationRange,,,false
General-317-20260718-15:48:02-5193,param,Florasat_Individual_Sats.terminal[31].phy.radio,displayInterferenceRange,,,false
General-317-20260718-15:48:02-5193,param,Florasat_Individual_Sats.terminal[31].phy.radio,centerFrequency,,,8.68e+08Hz
General-317-20260718-15:48:02-5193,attr,Florasat_Individual_Sats.terminal[31].phy.radio,centerFrequency,unit,Hz,
General-317-20260718-15:48:02-5193,param,Florasat_Individual_Sats.terminal[31].phy.radio,bandwidth,,,250000Hz
General-317-20260718-15:48:02-5193,attr,Florasat_Individual_Sats.terminal[31].phy.radio,bandwidth,unit,Hz,
General-317-20260718-15:48:02-5193,param,Florasat_Individual_Sats.terminal[31].phy.radio,iAmGateway,,,false
General-317-20260718-15:48:02-5193,param,Florasat_Individual_Sats.terminal[31].phy,typename,,,"""Nodes._10_Terminal._10_Physical.Ter_Phy"""
General-317-20260718-15:48:02-5193,param,Florasat_Individual_Sats.terminal[31].phy,layerName,,,"""Ter_Phy"""
General-317-20260718-15:48:02-5193,attr,Florasat_Individual_Sats.terminal[31].phy,layerName,optional,,
General-317-20260718-15:48:02-5193,param,Florasat_Individual_Sats.terminal[31].dlk.mac.queue,typename,,,"""inet.queueing.queue.DropTailQueue"""
General-317-20260718-15:48:02-5193,param,Florasat_Individual_Sats.terminal[31].dlk.mac.queue,displayStringTextFormat,,,"""contains %p pk (%l) pushed %u\npulled %o removed %r dropped %d"""
General-317-20260718-15:48:02-5193,param,Florasat_Individual_Sats.terminal[31].dlk.mac.queue,packetCapacity,,,-1
General-317-20260718-15:48:02-5193,param,Florasat_Individual_Sats.terminal[31].dlk.mac.queue,dataCapacity,,,-1b
General-317-20260718-15:48:02-5193,attr,Florasat_Individual_Sats.terminal[31].dlk.mac.queue,dataCapacity,unit,b,
General-317-20260718-15:48:02-5193,param,Florasat_Individual_Sats.terminal[31].dlk.mac.queue,dropperClass,,,"""inet::queueing::PacketAtCollectionEndDropper"""
General-317-20260718-15:48:02-5193,param,Florasat_Individual_Sats.terminal[31].dlk.mac.queue,comparatorClass,,,""""""
General-317-20260718-15:48:02-5193,param,Florasat_Individual_Sats.terminal[31].dlk.mac.queue,bufferModule,,,""""""
General-317-20260718-15:48:02-5193,param,Florasat_Individual_Sats.terminal[31].dlk.mac.mlBox,typename,,,"""Nodes._10_Terminal._20_Data_Link.Transmission_Predictor.Transmission_Predictor"""
General-317-20260718-15:48:02-5193,param,Florasat_Individual_Sats.terminal[31].dlk.mac.mlBox,modelPath,,,"""/home/ylnner/Documents/omnet++/omnetpp-6.3.0/projects/florasat_v4_ult_routing/simulations/Test_Individual/mlmodels/transformer_scripted.pt"""
General-317-20260718-15:48:02-5193,param,Florasat_Individual_Sats.terminal[31].dlk.mac.mlBox,threshold,,,0.2
General-317-20260718-15:48:02-5193,param,Florasat_Individual_Sats.terminal[31].dlk.mac.mlBox,scalerPath,,,""""""
General-317-20260718-15:48:02-5193,param,Florasat_Individual_Sats.terminal[31].dlk.mac,typename,,,"""Nodes._10_Terminal._20_Data_Link.Ter_Dlk_KiWan"""
General-317-20260718-15:48:02-5193,param,Florasat_Individual_Sats.terminal[31].dlk.mac,interfaceTableModule,,,""""""
General-317-20260718-15:48:02-5193,param,Florasat_Individual_Sats.terminal[31].dlk.mac,radioModule,,,"""^.^.phy.radio"""
General-317-20260718-15:48:02-5193,param,Florasat_Individual_Sats.terminal[31].dlk.mac,address,,,"""0A-AA-00-00-00-20"""
General-317-20260718-15:48:02-5193,attr,Florasat_Individual_Sats.terminal[31].dlk.mac,address,mutable,,
General-317-20260718-15:48:02-5193,param,Florasat_Individual_Sats.terminal[31].dlk.mac,mtu,,,1500
General-317-20260718-15:48:02-5193,param,Florasat_Individual_Sats.terminal[31].dlk.mac,ttwDuration,,,100s
General-317-20260718-15:48:02-5193,attr,Florasat_Individual_Sats.terminal[31].dlk.mac,ttwDuration,unit,s,
General-317-20260718-15:48:02-5193,param,Florasat_Individual_Sats.terminal[31].dlk.mac,ttwIdle,,,0s
General-317-20260718-15:48:02-5193,attr,Florasat_Individual_Sats.terminal[31].dlk.mac,ttwIdle,unit,s,
General-317-20260718-15:48:02-5193,param,Florasat_Individual_Sats.terminal[31].dlk.mac,ttxStart_min,,,0s
General-317-20260718-15:48:02-5193,attr,Florasat_Individual_Sats.terminal[31].dlk.mac,ttxStart_min,unit,s,
General-317-20260718-15:48:02-5193,param,Florasat_Individual_Sats.terminal[31].dlk.mac,ttxStart_max,,,1s
General-317-20260718-15:48:02-5193,attr,Florasat_Individual_Sats.terminal[31].dlk.mac,ttxStart_max,unit,s,
General-317-20260718-15:48:02-5193,param,Florasat_Individual_Sats.terminal[31].dlk.mac,ttxIdle_min,,,10s
General-317-20260718-15:48:02-5193,attr,Florasat_Individual_Sats.terminal[31].dlk.mac,ttxIdle_min,unit,s,
General-317-20260718-15:48:02-5193,param,Florasat_Individual_Sats.terminal[31].dlk.mac,ttxIdle_max,,,15s
General-317-20260718-15:48:02-5193,attr,Florasat_Individual_Sats.terminal[31].dlk.mac,ttxIdle_max,unit,s,
General-317-20260718-15:48:02-5193,param,Florasat_Individual_Sats.terminal[31].dlk.mac,Ntw,,,1
General-317-20260718-15:48:02-5193,param,Florasat_Individual_Sats.terminal[31].dlk.mac,Ntx,,,5
General-317-20260718-15:48:02-5193,param,Florasat_Individual_Sats.terminal[31].dlk.mac,enableSatDetect,,,false
General-317-20260718-15:48:02-5193,param,Florasat_Individual_Sats.terminal[31].dlk.mac,tsdStart_min,,,0s
General-317-20260718-15:48:02-5193,attr,Florasat_Individual_Sats.terminal[31].dlk.mac,tsdStart_min,unit,s,
General-317-20260718-15:48:02-5193,param,Florasat_Individual_Sats.terminal[31].dlk.mac,tsdStart_max,,,60s
General-317-20260718-15:48:02-5193,attr,Florasat_Individual_Sats.terminal[31].dlk.mac,tsdStart_max,unit,s,
General-317-20260718-15:48:02-5193,param,Florasat_Individual_Sats.terminal[31].dlk.mac,Ndetect,,,4
General-317-20260718-15:48:02-5193,param,Florasat_Individual_Sats.terminal[31].dlk.mac,NsdSync,,,2
General-317-20260718-15:48:02-5193,param,Florasat_Individual_Sats.terminal[31].dlk.mac,tsyncIdle,,,60s
General-317-20260718-15:48:02-5193,attr,Florasat_Individual_Sats.terminal[31].dlk.mac,tsyncIdle,unit,s,
General-317-20260718-15:48:02-5193,param,Florasat_Individual_Sats.terminal[31].dlk.mac,tsdIdle,,,240s
General-317-20260718-15:48:02-5193,attr,Florasat_Individual_Sats.terminal[31].dlk.mac,tsdIdle,unit,s,
General-317-20260718-15:48:02-5193,param,Florasat_Individual_Sats.terminal[31].dlk.mac,satelliteDetectionProbability,,,0.9
General-317-20260718-15:48:02-5193,param,Florasat_Individual_Sats.terminal[31].dlk.mac,minimumElevation,,,5
General-317-20260718-15:48:02-5193,param,Florasat_Individual_Sats.terminal[31].dlk.mac,detectInitialListen,,,0.33s
General-317-20260718-15:48:02-5193,attr,Florasat_Individual_Sats.terminal[31].dlk.mac,detectInitialListen,unit,s,
General-317-20260718-15:48:02-5193,param,Florasat_Individual_Sats.terminal[31].dlk.mac,detectSuccessExtraMin,,,0.075s
General-317-20260718-15:48:02-5193,attr,Florasat_Individual_Sats.terminal[31].dlk.mac,detectSuccessExtraMin,unit,s,
General-317-20260718-15:48:02-5193,param,Florasat_Individual_Sats.terminal[31].dlk.mac,detectSuccessExtraMax,,,1.67s
General-317-20260718-15:48:02-5193,attr,Florasat_Individual_Sats.terminal[31].dlk.mac,detectSuccessExtraMax,unit,s,
General-317-20260718-15:48:02-5193,param,Florasat_Individual_Sats.terminal[31].dlk.mac,detectMissExtra,,,1.67s
General-317-20260718-15:48:02-5193,attr,Florasat_Individual_Sats.terminal[31].dlk.mac,detectMissExtra,unit,s,
General-317-20260718-15:48:02-5193,param,Florasat_Individual_Sats.terminal[31].dlk.mac,LoRaSF,,,10
General-317-20260718-15:48:02-5193,param,Florasat_Individual_Sats.terminal[31].dlk.mac,LoRaTP,,,14
General-317-20260718-15:48:02-5193,param,Florasat_Individual_Sats.terminal[31].dlk.mac,LoRaCF,,,8.68e+08
General-317-20260718-15:48:02-5193,param,Florasat_Individual_Sats.terminal[31].dlk.mac,LoRaBW,,,125000
General-317-20260718-15:48:02-5193,param,Florasat_Individual_Sats.terminal[31].dlk.mac,LoRaCR,,,1
General-317-20260718-15:48:02-5193,param,Florasat_Individual_Sats.terminal[31].dlk.mac,useMLBox,,,true
General-317-20260718-15:48:02-5193,param,Florasat_Individual_Sats.terminal[31].dlk.mac,useMLBoxBiLSTM,,,false
General-317-20260718-15:48:02-5193,param,Florasat_Individual_Sats.terminal[31].dlk.mac,useAnalytical,,,false
General-317-20260718-15:48:02-5193,param,Florasat_Individual_Sats.terminal[31].dlk,typename,,,"""Nodes._10_Terminal._20_Data_Link.Ter_Dlk"""
General-317-20260718-15:48:02-5193,param,Florasat_Individual_Sats.terminal[31].net.routing,typename,,,"""Global.Base._30_Network.Ter_Null_Routing"""
General-317-20260718-15:48:02-5193,param,Florasat_Individual_Sats.terminal[31].net,typename,,,"""Nodes._10_Terminal._30_Network.Ter_Net"""
General-317-20260718-15:48:02-5193,param,Florasat_Individual_Sats.terminal[31].net,layerName,,,"""Ter_Net"""
General-317-20260718-15:48:02-5193,attr,Florasat_Individual_Sats.terminal[31].net,layerName,optional,,
General-317-20260718-15:48:02-5193,param,Florasat_Individual_Sats.terminal[31].net,routingType,,,"""Ter_Null_Routing"""
General-317-20260718-15:48:02-5193,param,Florasat_Individual_Sats.terminal[31].app,typename,,,"""Nodes._10_Terminal._40_Application.Ter_App"""
General-317-20260718-15:48:02-5193,param,Florasat_Individual_Sats.terminal[31].app,layerName,,,"""TerminalApplicationLayer"""
General-317-20260718-15:48:02-5193,attr,Florasat_Individual_Sats.terminal[31].app,layerName,optional,,
General-317-20260718-15:48:02-5193,param,Florasat_Individual_Sats.terminal[31].app,numberOfPacketsToSend,,,0
General-317-20260718-15:48:02-5193,param,Florasat_Individual_Sats.terminal[31].app,timeToFirstPacket,,,1s
General-317-20260718-15:48:02-5193,attr,Florasat_Individual_Sats.terminal[31].app,timeToFirstPacket,unit,s,
General-317-20260718-15:48:02-5193,param,Florasat_Individual_Sats.terminal[31].app,timeToNextPacket,,,115s
General-317-20260718-15:48:02-5193,attr,Florasat_Individual_Sats.terminal[31].app,timeToNextPacket,unit,s,
General-317-20260718-15:48:02-5193,param,Florasat_Individual_Sats.terminal[31].app,timeToResponse,,,30s
General-317-20260718-15:48:02-5193,attr,Florasat_Individual_Sats.terminal[31].app,timeToResponse,unit,s,
General-317-20260718-15:48:02-5193,param,Florasat_Individual_Sats.terminal[31].app,timeToRetry,,,10s
General-317-20260718-15:48:02-5193,attr,Florasat_Individual_Sats.terminal[31].app,timeToRetry,unit,s,
General-317-20260718-15:48:02-5193,param,Florasat_Individual_Sats.terminal[31].app,ackTimeout,,,7s
General-317-20260718-15:48:02-5193,attr,Florasat_Individual_Sats.terminal[31].app,ackTimeout,unit,s,
General-317-20260718-15:48:02-5193,param,Florasat_Individual_Sats.terminal[31].app,timer,,,1s
General-317-20260718-15:48:02-5193,attr,Florasat_Individual_Sats.terminal[31].app,timer,unit,s,
General-317-20260718-15:48:02-5193,param,Florasat_Individual_Sats.terminal[31].app,initialLoRaTP,,,14dBm
General-317-20260718-15:48:02-5193,attr,Florasat_Individual_Sats.terminal[31].app,initialLoRaTP,unit,dBm,
General-317-20260718-15:48:02-5193,param,Florasat_Individual_Sats.terminal[31].app,initialLoRaCF,,,8.68e+08Hz
General-317-20260718-15:48:02-5193,attr,Florasat_Individual_Sats.terminal[31].app,initialLoRaCF,unit,Hz,
General-317-20260718-15:48:02-5193,param,Florasat_Individual_Sats.terminal[31].app,initialLoRaSF,,,12
General-317-20260718-15:48:02-5193,param,Florasat_Individual_Sats.terminal[31].app,initialLoRaBW,,,125000Hz
General-317-20260718-15:48:02-5193,attr,Florasat_Individual_Sats.terminal[31].app,initialLoRaBW,unit,Hz,
General-317-20260718-15:48:02-5193,param,Florasat_Individual_Sats.terminal[31].app,initialLoRaCR,,,4
General-317-20260718-15:48:02-5193,param,Florasat_Individual_Sats.terminal[31].app,initialUseHeader,,,true
General-317-20260718-15:48:02-5193,param,Florasat_Individual_Sats.terminal[31].app,initialPingSlot,,,1
General-317-20260718-15:48:02-5193,param,Florasat_Individual_Sats.terminal[31].app,InitClassA,,,true
General-317-20260718-15:48:02-5193,param,Florasat_Individual_Sats.terminal[31].app,InitClassB,,,false
General-317-20260718-15:48:02-5193,param,Florasat_Individual_Sats.terminal[31].app,evaluateADRinNode,,,false
General-317-20260718-15:48:02-5193,param,Florasat_Individual_Sats.terminal[31].app,payloadSize,,,10B
General-317-20260718-15:48:02-5193,attr,Florasat_Individual_Sats.terminal[31].app,payloadSize,unit,B,
General-317-20260718-15:48:02-5193,param,Florasat_Individual_Sats.terminal[31].app,usingAck,,,true
General-317-20260718-15:48:02-5193,param,Florasat_Individual_Sats.terminal[31].app,numGroundLinks,,,40
General-317-20260718-15:48:02-5193,param,Florasat_Individual_Sats.terminal[31].app,maxHops,,,50
General-317-20260718-15:48:02-5193,param,Florasat_Individual_Sats.terminal[31].app,nroMaxAttempts,,,0
General-317-20260718-15:48:02-5193,param,Florasat_Individual_Sats.terminal[31].eng,typename,,,"""Nodes._10_Terminal._50_Energy.Ter_Ene"""
General-317-20260718-15:48:02-5193,param,Florasat_Individual_Sats.terminal[31].mob,typename,,,"""Nodes._10_Terminal._60_Mobility.Ter_Mob"""
General-317-20260718-15:48:02-5193,param,Florasat_Individual_Sats.terminal[31].mob,subjectModule,,,"""^"""
General-317-20260718-15:48:02-5193,param,Florasat_Individual_Sats.terminal[31].mob,coordinateSystemModule,,,""""""
General-317-20260718-15:48:02-5193,param,Florasat_Individual_Sats.terminal[31].mob,displayStringTextFormat,,,"""p: %p\nv: %v"""
General-317-20260718-15:48:02-5193,attr,Florasat_Individual_Sats.terminal[31].mob,displayStringTextFormat,mutable,,
General-317-20260718-15:48:02-5193,param,Florasat_Individual_Sats.terminal[31].mob,updateDisplayString,,,true
General-317-20260718-15:48:02-5193,param,Florasat_Individual_Sats.terminal[31].mob,constraintAreaMinX,,,-inf m
General-317-20260718-15:48:02-5193,attr,Florasat_Individual_Sats.terminal[31].mob,constraintAreaMinX,unit,m,
General-317-20260718-15:48:02-5193,param,Florasat_Individual_Sats.terminal[31].mob,constraintAreaMinY,,,-inf m
General-317-20260718-15:48:02-5193,attr,Florasat_Individual_Sats.terminal[31].mob,constraintAreaMinY,unit,m,
General-317-20260718-15:48:02-5193,param,Florasat_Individual_Sats.terminal[31].mob,constraintAreaMinZ,,,-inf m
General-317-20260718-15:48:02-5193,attr,Florasat_Individual_Sats.terminal[31].mob,constraintAreaMinZ,unit,m,
General-317-20260718-15:48:02-5193,param,Florasat_Individual_Sats.terminal[31].mob,constraintAreaMaxX,,,inf m
General-317-20260718-15:48:02-5193,attr,Florasat_Individual_Sats.terminal[31].mob,constraintAreaMaxX,unit,m,
General-317-20260718-15:48:02-5193,param,Florasat_Individual_Sats.terminal[31].mob,constraintAreaMaxY,,,inf m
General-317-20260718-15:48:02-5193,attr,Florasat_Individual_Sats.terminal[31].mob,constraintAreaMaxY,unit,m,
General-317-20260718-15:48:02-5193,param,Florasat_Individual_Sats.terminal[31].mob,constraintAreaMaxZ,,,inf m
General-317-20260718-15:48:02-5193,attr,Florasat_Individual_Sats.terminal[31].mob,constraintAreaMaxZ,unit,m,
General-317-20260718-15:48:02-5193,param,Florasat_Individual_Sats.terminal[31].mob,initialX,,,nan m
General-317-20260718-15:48:02-5193,attr,Florasat_Individual_Sats.terminal[31].mob,initialX,unit,m,
General-317-20260718-15:48:02-5193,param,Florasat_Individual_Sats.terminal[31].mob,initialY,,,nan m
General-317-20260718-15:48:02-5193,attr,Florasat_Individual_Sats.terminal[31].mob,initialY,unit,m,
General-317-20260718-15:48:02-5193,param,Florasat_Individual_Sats.terminal[31].mob,initialZ,,,0m
General-317-20260718-15:48:02-5193,attr,Florasat_Individual_Sats.terminal[31].mob,initialZ,unit,m,
General-317-20260718-15:48:02-5193,param,Florasat_Individual_Sats.terminal[31].mob,initialLatitude,,,nan deg
General-317-20260718-15:48:02-5193,attr,Florasat_Individual_Sats.terminal[31].mob,initialLatitude,unit,deg,
General-317-20260718-15:48:02-5193,param,Florasat_Individual_Sats.terminal[31].mob,initialLongitude,,,nan deg
General-317-20260718-15:48:02-5193,attr,Florasat_Individual_Sats.terminal[31].mob,initialLongitude,unit,deg,
General-317-20260718-15:48:02-5193,param,Florasat_Individual_Sats.terminal[31].mob,initialAltitude,,,0m
General-317-20260718-15:48:02-5193,attr,Florasat_Individual_Sats.terminal[31].mob,initialAltitude,unit,m,
General-317-20260718-15:48:02-5193,param,Florasat_Individual_Sats.terminal[31].mob,initialHeading,,,0deg
General-317-20260718-15:48:02-5193,attr,Florasat_Individual_Sats.terminal[31].mob,initialHeading,unit,deg,
General-317-20260718-15:48:02-5193,param,Florasat_Individual_Sats.terminal[31].mob,initialElevation,,,0deg
General-317-20260718-15:48:02-5193,attr,Florasat_Individual_Sats.terminal[31].mob,initialElevation,unit,deg,
General-317-20260718-15:48:02-5193,param,Florasat_Individual_Sats.terminal[31].mob,initialBank,,,0deg
General-317-20260718-15:48:02-5193,attr,Florasat_Individual_Sats.terminal[31].mob,initialBank,unit,deg,
General-317-20260718-15:48:02-5193,param,Florasat_Individual_Sats.terminal[31].mob,initFromDisplayString,,,false
General-317-20260718-15:48:02-5193,param,Florasat_Individual_Sats.terminal[31].mob,updateFromDisplayString,,,false
General-317-20260718-15:48:02-5193,param,Florasat_Individual_Sats.terminal[31].mob,centerLatitude,,,51.481
General-317-20260718-15:48:02-5193,param,Florasat_Individual_Sats.terminal[31].mob,centerLongitude,,,-3.179
General-317-20260718-15:48:02-5193,param,Florasat_Individual_Sats.terminal[31].mob,deploymentRadius,,,200
General-317-20260718-15:48:02-5193,param,Florasat_Individual_Sats.terminal[31],typename,,,"""Nodes._10_Terminal.Terminal"""
General-317-20260718-15:48:02-5193,param,Florasat_Individual_Sats.terminal[31],layerName,,,"""Terminal"""
General-317-20260718-15:48:02-5193,attr,Florasat_Individual_Sats.terminal[31],layerName,optional,,
General-317-20260718-15:48:02-5193,param,Florasat_Individual_Sats.terminal[31],sendData,,,true
General-317-20260718-15:48:02-5193,attr,Florasat_Individual_Sats.terminal[31],sendData,mutable,,
General-317-20260718-15:48:02-5193,param,Florasat_Individual_Sats.terminal[31],dstGsOrDev,,,0
General-317-20260718-15:48:02-5193,param,Florasat_Individual_Sats.terminal[32].phy.radio.antenna,typename,,,"""inet.physicallayer.wireless.common.antenna.IsotropicAntenna"""
General-317-20260718-15:48:02-5193,param,Florasat_Individual_Sats.terminal[32].phy.radio.antenna,mobilityModule,,,"""^.^.^.mob"""
General-317-20260718-15:48:02-5193,param,Florasat_Individual_Sats.terminal[32].phy.radio.antenna,numAntennas,,,1
General-317-20260718-15:48:02-5193,param,Florasat_Individual_Sats.terminal[32].phy.radio.transmitter,typename,,,"""Global.Transceiver.LoRaTransmitter"""
General-317-20260718-15:48:02-5193,param,Florasat_Individual_Sats.terminal[32].phy.radio.transmitter,preambleDuration,,,0.001s
General-317-20260718-15:48:02-5193,attr,Florasat_Individual_Sats.terminal[32].phy.radio.transmitter,preambleDuration,unit,s,
General-317-20260718-15:48:02-5193,param,Florasat_Individual_Sats.terminal[32].phy.radio.transmitter,headerLength,,,40b
General-317-20260718-15:48:02-5193,attr,Florasat_Individual_Sats.terminal[32].phy.radio.transmitter,headerLength,unit,b,
General-317-20260718-15:48:02-5193,param,Florasat_Individual_Sats.terminal[32].phy.radio.transmitter,bitrate,,,250000bps
General-317-20260718-15:48:02-5193,attr,Florasat_Individual_Sats.terminal[32].phy.radio.transmitter,bitrate,unit,bps,
General-317-20260718-15:48:02-5193,param,Florasat_Individual_Sats.terminal[32].phy.radio.transmitter,power,,,0.025118W
General-317-20260718-15:48:02-5193,attr,Florasat_Individual_Sats.terminal[32].phy.radio.transmitter,power,unit,W,
General-317-20260718-15:48:02-5193,param,Florasat_Individual_Sats.terminal[32].phy.radio.transmitter,centerFrequency,,,8.68e+08Hz
General-317-20260718-15:48:02-5193,attr,Florasat_Individual_Sats.terminal[32].phy.radio.transmitter,centerFrequency,unit,Hz,
General-317-20260718-15:48:02-5193,param,Florasat_Individual_Sats.terminal[32].phy.radio.transmitter,bandwidth,,,250000Hz
General-317-20260718-15:48:02-5193,attr,Florasat_Individual_Sats.terminal[32].phy.radio.transmitter,bandwidth,unit,Hz,
General-317-20260718-15:48:02-5193,param,Florasat_Individual_Sats.terminal[32].phy.radio.transmitter,codeRate,,,1
General-317-20260718-15:48:02-5193,param,Florasat_Individual_Sats.terminal[32].phy.radio.transmitter,modulation,,,"""LoRaModulation"""
General-317-20260718-15:48:02-5193,param,Florasat_Individual_Sats.terminal[32].phy.radio.receiver,typename,,,"""Global.Transceiver.LoRaReceiver"""
General-317-20260718-15:48:02-5193,param,Florasat_Individual_Sats.terminal[32].phy.radio.receiver,energyDetection,,,-90dBm
General-317-20260718-15:48:02-5193,attr,Florasat_Individual_Sats.terminal[32].phy.radio.receiver,energyDetection,unit,dBm,
General-317-20260718-15:48:02-5193,param,Florasat_Individual_Sats.terminal[32].phy.radio.receiver,sensitivity,,,-137dBm
General-317-20260718-15:48:02-5193,attr,Florasat_Individual_Sats.terminal[32].phy.radio.receiver,sensitivity,unit,dBm,
General-317-20260718-15:48:02-5193,param,Florasat_Individual_Sats.terminal[32].phy.radio.receiver,snirThreshold,,,-8dB
General-317-20260718-15:48:02-5193,attr,Florasat_Individual_Sats.terminal[32].phy.radio.receiver,snirThreshold,unit,dB,
General-317-20260718-15:48:02-5193,param,Florasat_Individual_Sats.terminal[32].phy.radio.receiver,centerFrequency,,,8.68e+08Hz
General-317-20260718-15:48:02-5193,attr,Florasat_Individual_Sats.terminal[32].phy.radio.receiver,centerFrequency,unit,Hz,
General-317-20260718-15:48:02-5193,param,Florasat_Individual_Sats.terminal[32].phy.radio.receiver,bandwidth,,,250000Hz
General-317-20260718-15:48:02-5193,attr,Florasat_Individual_Sats.terminal[32].phy.radio.receiver,bandwidth,unit,Hz,
General-317-20260718-15:48:02-5193,param,Florasat_Individual_Sats.terminal[32].phy.radio.receiver,alohaChannelModel,,,false
General-317-20260718-15:48:02-5193,param,Florasat_Individual_Sats.terminal[32].phy.radio.receiver,errorModelType,,,""""""
General-317-20260718-15:48:02-5193,param,Florasat_Individual_Sats.terminal[32].phy.radio.receiver,ignoreInterference,,,false
General-317-20260718-15:48:02-5193,param,Florasat_Individual_Sats.terminal[32].phy.radio.receiver,enableCollisionOverlap,,,false
General-317-20260718-15:48:02-5193,param,Florasat_Individual_Sats.terminal[32].phy.radio.receiver,minCollisionOverlap,,,0s
General-317-20260718-15:48:02-5193,attr,Florasat_Individual_Sats.terminal[32].phy.radio.receiver,minCollisionOverlap,unit,s,
General-317-20260718-15:48:02-5193,param,Florasat_Individual_Sats.terminal[32].phy.radio.IdealEpEnergyStorage,typename,,,"""inet.power.storage.IdealEpEnergyStorage"""
General-317-20260718-15:48:02-5193,param,Florasat_Individual_Sats.terminal[32].phy.radio,typename,,,"""Nodes._10_Terminal._10_Physical.Ter_Phy_LoRaRadio"""
General-317-20260718-15:48:02-5193,param,Florasat_Individual_Sats.terminal[32].phy.radio,radioMediumModule,,,"""radioMedium"""
General-317-20260718-15:48:02-5193,param,Florasat_Individual_Sats.terminal[32].phy.radio,energySourceModule,,,""""""
General-317-20260718-15:48:02-5193,param,Florasat_Individual_Sats.terminal[32].phy.radio,initialRadioMode,,,"""off"""
General-317-20260718-15:48:02-5193,attr,Florasat_Individual_Sats.terminal[32].phy.radio,initialRadioMode,enum,"off,sleep,receiver,transmitter,transceiver",
General-317-20260718-15:48:02-5193,param,Florasat_Individual_Sats.terminal[32].phy.radio,switchingTimes,,,"""ms 0 0 0 0 0 0 0 0 0 0 0 0 0 0 0 0 0 0 0 0 0 0 0 0 0"""
General-317-20260718-15:48:02-5193,param,Florasat_Individual_Sats.terminal[32].phy.radio,sendRawBytes,,,false
General-317-20260718-15:48:02-5193,param,Florasat_Individual_Sats.terminal[32].phy.radio,separateTransmissionParts,,,false
General-317-20260718-15:48:02-5193,param,Florasat_Individual_Sats.terminal[32].phy.radio,separateReceptionParts,,,false
General-317-20260718-15:48:02-5193,param,Florasat_Individual_Sats.terminal[32].phy.radio,displayCommunicationRange,,,false
General-317-20260718-15:48:02-5193,param,Florasat_Individual_Sats.terminal[32].phy.radio,displayInterferenceRange,,,false
General-317-20260718-15:48:02-5193,param,Florasat_Individual_Sats.terminal[32].phy.radio,centerFrequency,,,8.68e+08Hz
General-317-20260718-15:48:02-5193,attr,Florasat_Individual_Sats.terminal[32].phy.radio,centerFrequency,unit,Hz,
General-317-20260718-15:48:02-5193,param,Florasat_Individual_Sats.terminal[32].phy.radio,bandwidth,,,250000Hz
General-317-20260718-15:48:02-5193,attr,Florasat_Individual_Sats.terminal[32].phy.radio,bandwidth,unit,Hz,
General-317-20260718-15:48:02-5193,param,Florasat_Individual_Sats.terminal[32].phy.radio,iAmGateway,,,false
General-317-20260718-15:48:02-5193,param,Florasat_Individual_Sats.terminal[32].phy,typename,,,"""Nodes._10_Terminal._10_Physical.Ter_Phy"""
General-317-20260718-15:48:02-5193,param,Florasat_Individual_Sats.terminal[32].phy,layerName,,,"""Ter_Phy"""
General-317-20260718-15:48:02-5193,attr,Florasat_Individual_Sats.terminal[32].phy,layerName,optional,,
General-317-20260718-15:48:02-5193,param,Florasat_Individual_Sats.terminal[32].dlk.mac.queue,typename,,,"""inet.queueing.queue.DropTailQueue"""
General-317-20260718-15:48:02-5193,param,Florasat_Individual_Sats.terminal[32].dlk.mac.queue,displayStringTextFormat,,,"""contains %p pk (%l) pushed %u\npulled %o removed %r dropped %d"""
General-317-20260718-15:48:02-5193,param,Florasat_Individual_Sats.terminal[32].dlk.mac.queue,packetCapacity,,,-1
General-317-20260718-15:48:02-5193,param,Florasat_Individual_Sats.terminal[32].dlk.mac.queue,dataCapacity,,,-1b
General-317-20260718-15:48:02-5193,attr,Florasat_Individual_Sats.terminal[32].dlk.mac.queue,dataCapacity,unit,b,
General-317-20260718-15:48:02-5193,param,Florasat_Individual_Sats.terminal[32].dlk.mac.queue,dropperClass,,,"""inet::queueing::PacketAtCollectionEndDropper"""
General-317-20260718-15:48:02-5193,param,Florasat_Individual_Sats.terminal[32].dlk.mac.queue,comparatorClass,,,""""""
General-317-20260718-15:48:02-5193,param,Florasat_Individual_Sats.terminal[32].dlk.mac.queue,bufferModule,,,""""""
General-317-20260718-15:48:02-5193,param,Florasat_Individual_Sats.terminal[32].dlk.mac.mlBox,typename,,,"""Nodes._10_Terminal._20_Data_Link.Transmission_Predictor.Transmission_Predictor"""
General-317-20260718-15:48:02-5193,param,Florasat_Individual_Sats.terminal[32].dlk.mac.mlBox,modelPath,,,"""/home/ylnner/Documents/omnet++/omnetpp-6.3.0/projects/florasat_v4_ult_routing/simulations/Test_Individual/mlmodels/transformer_scripted.pt"""
General-317-20260718-15:48:02-5193,param,Florasat_Individual_Sats.terminal[32].dlk.mac.mlBox,threshold,,,0.2
General-317-20260718-15:48:02-5193,param,Florasat_Individual_Sats.terminal[32].dlk.mac.mlBox,scalerPath,,,""""""
General-317-20260718-15:48:02-5193,param,Florasat_Individual_Sats.terminal[32].dlk.mac,typename,,,"""Nodes._10_Terminal._20_Data_Link.Ter_Dlk_KiWan"""
General-317-20260718-15:48:02-5193,param,Florasat_Individual_Sats.terminal[32].dlk.mac,interfaceTableModule,,,""""""
General-317-20260718-15:48:02-5193,param,Florasat_Individual_Sats.terminal[32].dlk.mac,radioModule,,,"""^.^.phy.radio"""
General-317-20260718-15:48:02-5193,param,Florasat_Individual_Sats.terminal[32].dlk.mac,address,,,"""0A-AA-00-00-00-21"""
General-317-20260718-15:48:02-5193,attr,Florasat_Individual_Sats.terminal[32].dlk.mac,address,mutable,,
General-317-20260718-15:48:02-5193,param,Florasat_Individual_Sats.terminal[32].dlk.mac,mtu,,,1500
General-317-20260718-15:48:02-5193,param,Florasat_Individual_Sats.terminal[32].dlk.mac,ttwDuration,,,100s
General-317-20260718-15:48:02-5193,attr,Florasat_Individual_Sats.terminal[32].dlk.mac,ttwDuration,unit,s,
General-317-20260718-15:48:02-5193,param,Florasat_Individual_Sats.terminal[32].dlk.mac,ttwIdle,,,0s
General-317-20260718-15:48:02-5193,attr,Florasat_Individual_Sats.terminal[32].dlk.mac,ttwIdle,unit,s,
General-317-20260718-15:48:02-5193,param,Florasat_Individual_Sats.terminal[32].dlk.mac,ttxStart_min,,,0s
General-317-20260718-15:48:02-5193,attr,Florasat_Individual_Sats.terminal[32].dlk.mac,ttxStart_min,unit,s,
General-317-20260718-15:48:02-5193,param,Florasat_Individual_Sats.terminal[32].dlk.mac,ttxStart_max,,,1s
General-317-20260718-15:48:02-5193,attr,Florasat_Individual_Sats.terminal[32].dlk.mac,ttxStart_max,unit,s,
General-317-20260718-15:48:02-5193,param,Florasat_Individual_Sats.terminal[32].dlk.mac,ttxIdle_min,,,10s
General-317-20260718-15:48:02-5193,attr,Florasat_Individual_Sats.terminal[32].dlk.mac,ttxIdle_min,unit,s,
General-317-20260718-15:48:02-5193,param,Florasat_Individual_Sats.terminal[32].dlk.mac,ttxIdle_max,,,15s
General-317-20260718-15:48:02-5193,attr,Florasat_Individual_Sats.terminal[32].dlk.mac,ttxIdle_max,unit,s,
General-317-20260718-15:48:02-5193,param,Florasat_Individual_Sats.terminal[32].dlk.mac,Ntw,,,1
General-317-20260718-15:48:02-5193,param,Florasat_Individual_Sats.terminal[32].dlk.mac,Ntx,,,5
General-317-20260718-15:48:02-5193,param,Florasat_Individual_Sats.terminal[32].dlk.mac,enableSatDetect,,,false
General-317-20260718-15:48:02-5193,param,Florasat_Individual_Sats.terminal[32].dlk.mac,tsdStart_min,,,0s
General-317-20260718-15:48:02-5193,attr,Florasat_Individual_Sats.terminal[32].dlk.mac,tsdStart_min,unit,s,
General-317-20260718-15:48:02-5193,param,Florasat_Individual_Sats.terminal[32].dlk.mac,tsdStart_max,,,60s
General-317-20260718-15:48:02-5193,attr,Florasat_Individual_Sats.terminal[32].dlk.mac,tsdStart_max,unit,s,
General-317-20260718-15:48:02-5193,param,Florasat_Individual_Sats.terminal[32].dlk.mac,Ndetect,,,4
General-317-20260718-15:48:02-5193,param,Florasat_Individual_Sats.terminal[32].dlk.mac,NsdSync,,,2
General-317-20260718-15:48:02-5193,param,Florasat_Individual_Sats.terminal[32].dlk.mac,tsyncIdle,,,60s
General-317-20260718-15:48:02-5193,attr,Florasat_Individual_Sats.terminal[32].dlk.mac,tsyncIdle,unit,s,
General-317-20260718-15:48:02-5193,param,Florasat_Individual_Sats.terminal[32].dlk.mac,tsdIdle,,,240s
General-317-20260718-15:48:02-5193,attr,Florasat_Individual_Sats.terminal[32].dlk.mac,tsdIdle,unit,s,
General-317-20260718-15:48:02-5193,param,Florasat_Individual_Sats.terminal[32].dlk.mac,satelliteDetectionProbability,,,0.9
General-317-20260718-15:48:02-5193,param,Florasat_Individual_Sats.terminal[32].dlk.mac,minimumElevation,,,5
General-317-20260718-15:48:02-5193,param,Florasat_Individual_Sats.terminal[32].dlk.mac,detectInitialListen,,,0.33s
General-317-20260718-15:48:02-5193,attr,Florasat_Individual_Sats.terminal[32].dlk.mac,detectInitialListen,unit,s,
General-317-20260718-15:48:02-5193,param,Florasat_Individual_Sats.terminal[32].dlk.mac,detectSuccessExtraMin,,,0.075s
General-317-20260718-15:48:02-5193,attr,Florasat_Individual_Sats.terminal[32].dlk.mac,detectSuccessExtraMin,unit,s,
General-317-20260718-15:48:02-5193,param,Florasat_Individual_Sats.terminal[32].dlk.mac,detectSuccessExtraMax,,,1.67s
General-317-20260718-15:48:02-5193,attr,Florasat_Individual_Sats.terminal[32].dlk.mac,detectSuccessExtraMax,unit,s,
General-317-20260718-15:48:02-5193,param,Florasat_Individual_Sats.terminal[32].dlk.mac,detectMissExtra,,,1.67s
General-317-20260718-15:48:02-5193,attr,Florasat_Individual_Sats.terminal[32].dlk.mac,detectMissExtra,unit,s,
General-317-20260718-15:48:02-5193,param,Florasat_Individual_Sats.terminal[32].dlk.mac,LoRaSF,,,11
General-317-20260718-15:48:02-5193,param,Florasat_Individual_Sats.terminal[32].dlk.mac,LoRaTP,,,13
General-317-20260718-15:48:02-5193,param,Florasat_Individual_Sats.terminal[32].dlk.mac,LoRaCF,,,8.68e+08
General-317-20260718-15:48:02-5193,param,Florasat_Individual_Sats.terminal[32].dlk.mac,LoRaBW,,,125000
General-317-20260718-15:48:02-5193,param,Florasat_Individual_Sats.terminal[32].dlk.mac,LoRaCR,,,1
General-317-20260718-15:48:02-5193,param,Florasat_Individual_Sats.terminal[32].dlk.mac,useMLBox,,,true
General-317-20260718-15:48:02-5193,param,Florasat_Individual_Sats.terminal[32].dlk.mac,useMLBoxBiLSTM,,,false
General-317-20260718-15:48:02-5193,param,Florasat_Individual_Sats.terminal[32].dlk.mac,useAnalytical,,,false
General-317-20260718-15:48:02-5193,param,Florasat_Individual_Sats.terminal[32].dlk,typename,,,"""Nodes._10_Terminal._20_Data_Link.Ter_Dlk"""
General-317-20260718-15:48:02-5193,param,Florasat_Individual_Sats.terminal[32].net.routing,typename,,,"""Global.Base._30_Network.Ter_Null_Routing"""
General-317-20260718-15:48:02-5193,param,Florasat_Individual_Sats.terminal[32].net,typename,,,"""Nodes._10_Terminal._30_Network.Ter_Net"""
General-317-20260718-15:48:02-5193,param,Florasat_Individual_Sats.terminal[32].net,layerName,,,"""Ter_Net"""
General-317-20260718-15:48:02-5193,attr,Florasat_Individual_Sats.terminal[32].net,layerName,optional,,
General-317-20260718-15:48:02-5193,param,Florasat_Individual_Sats.terminal[32].net,routingType,,,"""Ter_Null_Routing"""
General-317-20260718-15:48:02-5193,param,Florasat_Individual_Sats.terminal[32].app,typename,,,"""Nodes._10_Terminal._40_Application.Ter_App"""
General-317-20260718-15:48:02-5193,param,Florasat_Individual_Sats.terminal[32].app,layerName,,,"""TerminalApplicationLayer"""
General-317-20260718-15:48:02-5193,attr,Florasat_Individual_Sats.terminal[32].app,layerName,optional,,
General-317-20260718-15:48:02-5193,param,Florasat_Individual_Sats.terminal[32].app,numberOfPacketsToSend,,,0
General-317-20260718-15:48:02-5193,param,Florasat_Individual_Sats.terminal[32].app,timeToFirstPacket,,,1s
General-317-20260718-15:48:02-5193,attr,Florasat_Individual_Sats.terminal[32].app,timeToFirstPacket,unit,s,
General-317-20260718-15:48:02-5193,param,Florasat_Individual_Sats.terminal[32].app,timeToNextPacket,,,115s
General-317-20260718-15:48:02-5193,attr,Florasat_Individual_Sats.terminal[32].app,timeToNextPacket,unit,s,
General-317-20260718-15:48:02-5193,param,Florasat_Individual_Sats.terminal[32].app,timeToResponse,,,30s
General-317-20260718-15:48:02-5193,attr,Florasat_Individual_Sats.terminal[32].app,timeToResponse,unit,s,
General-317-20260718-15:48:02-5193,param,Florasat_Individual_Sats.terminal[32].app,timeToRetry,,,10s
General-317-20260718-15:48:02-5193,attr,Florasat_Individual_Sats.terminal[32].app,timeToRetry,unit,s,
General-317-20260718-15:48:02-5193,param,Florasat_Individual_Sats.terminal[32].app,ackTimeout,,,7s
General-317-20260718-15:48:02-5193,attr,Florasat_Individual_Sats.terminal[32].app,ackTimeout,unit,s,
General-317-20260718-15:48:02-5193,param,Florasat_Individual_Sats.terminal[32].app,timer,,,1s
General-317-20260718-15:48:02-5193,attr,Florasat_Individual_Sats.terminal[32].app,timer,unit,s,
General-317-20260718-15:48:02-5193,param,Florasat_Individual_Sats.terminal[32].app,initialLoRaTP,,,14dBm
General-317-20260718-15:48:02-5193,attr,Florasat_Individual_Sats.terminal[32].app,initialLoRaTP,unit,dBm,
General-317-20260718-15:48:02-5193,param,Florasat_Individual_Sats.terminal[32].app,initialLoRaCF,,,8.68e+08Hz
General-317-20260718-15:48:02-5193,attr,Florasat_Individual_Sats.terminal[32].app,initialLoRaCF,unit,Hz,
General-317-20260718-15:48:02-5193,param,Florasat_Individual_Sats.terminal[32].app,initialLoRaSF,,,12
General-317-20260718-15:48:02-5193,param,Florasat_Individual_Sats.terminal[32].app,initialLoRaBW,,,125000Hz
General-317-20260718-15:48:02-5193,attr,Florasat_Individual_Sats.terminal[32].app,initialLoRaBW,unit,Hz,
General-317-20260718-15:48:02-5193,param,Florasat_Individual_Sats.terminal[32].app,initialLoRaCR,,,4
General-317-20260718-15:48:02-5193,param,Florasat_Individual_Sats.terminal[32].app,initialUseHeader,,,true
General-317-20260718-15:48:02-5193,param,Florasat_Individual_Sats.terminal[32].app,initialPingSlot,,,1
General-317-20260718-15:48:02-5193,param,Florasat_Individual_Sats.terminal[32].app,InitClassA,,,true
General-317-20260718-15:48:02-5193,param,Florasat_Individual_Sats.terminal[32].app,InitClassB,,,false
General-317-20260718-15:48:02-5193,param,Florasat_Individual_Sats.terminal[32].app,evaluateADRinNode,,,false
General-317-20260718-15:48:02-5193,param,Florasat_Individual_Sats.terminal[32].app,payloadSize,,,10B
General-317-20260718-15:48:02-5193,attr,Florasat_Individual_Sats.terminal[32].app,payloadSize,unit,B,
General-317-20260718-15:48:02-5193,param,Florasat_Individual_Sats.terminal[32].app,usingAck,,,true
General-317-20260718-15:48:02-5193,param,Florasat_Individual_Sats.terminal[32].app,numGroundLinks,,,40
General-317-20260718-15:48:02-5193,param,Florasat_Individual_Sats.terminal[32].app,maxHops,,,50
General-317-20260718-15:48:02-5193,param,Florasat_Individual_Sats.terminal[32].app,nroMaxAttempts,,,0
General-317-20260718-15:48:02-5193,param,Florasat_Individual_Sats.terminal[32].eng,typename,,,"""Nodes._10_Terminal._50_Energy.Ter_Ene"""
General-317-20260718-15:48:02-5193,param,Florasat_Individual_Sats.terminal[32].mob,typename,,,"""Nodes._10_Terminal._60_Mobility.Ter_Mob"""
General-317-20260718-15:48:02-5193,param,Florasat_Individual_Sats.terminal[32].mob,subjectModule,,,"""^"""
General-317-20260718-15:48:02-5193,param,Florasat_Individual_Sats.terminal[32].mob,coordinateSystemModule,,,""""""
General-317-20260718-15:48:02-5193,param,Florasat_Individual_Sats.terminal[32].mob,displayStringTextFormat,,,"""p: %p\nv: %v"""
General-317-20260718-15:48:02-5193,attr,Florasat_Individual_Sats.terminal[32].mob,displayStringTextFormat,mutable,,
General-317-20260718-15:48:02-5193,param,Florasat_Individual_Sats.terminal[32].mob,updateDisplayString,,,true
General-317-20260718-15:48:02-5193,param,Florasat_Individual_Sats.terminal[32].mob,constraintAreaMinX,,,-inf m
General-317-20260718-15:48:02-5193,attr,Florasat_Individual_Sats.terminal[32].mob,constraintAreaMinX,unit,m,
General-317-20260718-15:48:02-5193,param,Florasat_Individual_Sats.terminal[32].mob,constraintAreaMinY,,,-inf m
General-317-20260718-15:48:02-5193,attr,Florasat_Individual_Sats.terminal[32].mob,constraintAreaMinY,unit,m,
General-317-20260718-15:48:02-5193,param,Florasat_Individual_Sats.terminal[32].mob,constraintAreaMinZ,,,-inf m
General-317-20260718-15:48:02-5193,attr,Florasat_Individual_Sats.terminal[32].mob,constraintAreaMinZ,unit,m,
General-317-20260718-15:48:02-5193,param,Florasat_Individual_Sats.terminal[32].mob,constraintAreaMaxX,,,inf m
General-317-20260718-15:48:02-5193,attr,Florasat_Individual_Sats.terminal[32].mob,constraintAreaMaxX,unit,m,
General-317-20260718-15:48:02-5193,param,Florasat_Individual_Sats.terminal[32].mob,constraintAreaMaxY,,,inf m
General-317-20260718-15:48:02-5193,attr,Florasat_Individual_Sats.terminal[32].mob,constraintAreaMaxY,unit,m,
General-317-20260718-15:48:02-5193,param,Florasat_Individual_Sats.terminal[32].mob,constraintAreaMaxZ,,,inf m
General-317-20260718-15:48:02-5193,attr,Florasat_Individual_Sats.terminal[32].mob,constraintAreaMaxZ,unit,m,
General-317-20260718-15:48:02-5193,param,Florasat_Individual_Sats.terminal[32].mob,initialX,,,nan m
General-317-20260718-15:48:02-5193,attr,Florasat_Individual_Sats.terminal[32].mob,initialX,unit,m,
General-317-20260718-15:48:02-5193,param,Florasat_Individual_Sats.terminal[32].mob,initialY,,,nan m
General-317-20260718-15:48:02-5193,attr,Florasat_Individual_Sats.terminal[32].mob,initialY,unit,m,
General-317-20260718-15:48:02-5193,param,Florasat_Individual_Sats.terminal[32].mob,initialZ,,,0m
General-317-20260718-15:48:02-5193,attr,Florasat_Individual_Sats.terminal[32].mob,initialZ,unit,m,
General-317-20260718-15:48:02-5193,param,Florasat_Individual_Sats.terminal[32].mob,initialLatitude,,,nan deg
General-317-20260718-15:48:02-5193,attr,Florasat_Individual_Sats.terminal[32].mob,initialLatitude,unit,deg,
General-317-20260718-15:48:02-5193,param,Florasat_Individual_Sats.terminal[32].mob,initialLongitude,,,nan deg
General-317-20260718-15:48:02-5193,attr,Florasat_Individual_Sats.terminal[32].mob,initialLongitude,unit,deg,
General-317-20260718-15:48:02-5193,param,Florasat_Individual_Sats.terminal[32].mob,initialAltitude,,,0m
General-317-20260718-15:48:02-5193,attr,Florasat_Individual_Sats.terminal[32].mob,initialAltitude,unit,m,
General-317-20260718-15:48:02-5193,param,Florasat_Individual_Sats.terminal[32].mob,initialHeading,,,0deg
General-317-20260718-15:48:02-5193,attr,Florasat_Individual_Sats.terminal[32].mob,initialHeading,unit,deg,
General-317-20260718-15:48:02-5193,param,Florasat_Individual_Sats.terminal[32].mob,initialElevation,,,0deg
General-317-20260718-15:48:02-5193,attr,Florasat_Individual_Sats.terminal[32].mob,initialElevation,unit,deg,
General-317-20260718-15:48:02-5193,param,Florasat_Individual_Sats.terminal[32].mob,initialBank,,,0deg
General-317-20260718-15:48:02-5193,attr,Florasat_Individual_Sats.terminal[32].mob,initialBank,unit,deg,
General-317-20260718-15:48:02-5193,param,Florasat_Individual_Sats.terminal[32].mob,initFromDisplayString,,,false
General-317-20260718-15:48:02-5193,param,Florasat_Individual_Sats.terminal[32].mob,updateFromDisplayString,,,false
General-317-20260718-15:48:02-5193,param,Florasat_Individual_Sats.terminal[32].mob,centerLatitude,,,53.349
General-317-20260718-15:48:02-5193,param,Florasat_Individual_Sats.terminal[32].mob,centerLongitude,,,-6.26
General-317-20260718-15:48:02-5193,param,Florasat_Individual_Sats.terminal[32].mob,deploymentRadius,,,200
General-317-20260718-15:48:02-5193,param,Florasat_Individual_Sats.terminal[32],typename,,,"""Nodes._10_Terminal.Terminal"""
General-317-20260718-15:48:02-5193,param,Florasat_Individual_Sats.terminal[32],layerName,,,"""Terminal"""
General-317-20260718-15:48:02-5193,attr,Florasat_Individual_Sats.terminal[32],layerName,optional,,
General-317-20260718-15:48:02-5193,param,Florasat_Individual_Sats.terminal[32],sendData,,,true
General-317-20260718-15:48:02-5193,attr,Florasat_Individual_Sats.terminal[32],sendData,mutable,,
General-317-20260718-15:48:02-5193,param,Florasat_Individual_Sats.terminal[32],dstGsOrDev,,,0
General-317-20260718-15:48:02-5193,param,Florasat_Individual_Sats.terminal[33].phy.radio.antenna,typename,,,"""inet.physicallayer.wireless.common.antenna.IsotropicAntenna"""
General-317-20260718-15:48:02-5193,param,Florasat_Individual_Sats.terminal[33].phy.radio.antenna,mobilityModule,,,"""^.^.^.mob"""
General-317-20260718-15:48:02-5193,param,Florasat_Individual_Sats.terminal[33].phy.radio.antenna,numAntennas,,,1
General-317-20260718-15:48:02-5193,param,Florasat_Individual_Sats.terminal[33].phy.radio.transmitter,typename,,,"""Global.Transceiver.LoRaTransmitter"""
General-317-20260718-15:48:02-5193,param,Florasat_Individual_Sats.terminal[33].phy.radio.transmitter,preambleDuration,,,0.001s
General-317-20260718-15:48:02-5193,attr,Florasat_Individual_Sats.terminal[33].phy.radio.transmitter,preambleDuration,unit,s,
General-317-20260718-15:48:02-5193,param,Florasat_Individual_Sats.terminal[33].phy.radio.transmitter,headerLength,,,40b
General-317-20260718-15:48:02-5193,attr,Florasat_Individual_Sats.terminal[33].phy.radio.transmitter,headerLength,unit,b,
General-317-20260718-15:48:02-5193,param,Florasat_Individual_Sats.terminal[33].phy.radio.transmitter,bitrate,,,250000bps
General-317-20260718-15:48:02-5193,attr,Florasat_Individual_Sats.terminal[33].phy.radio.transmitter,bitrate,unit,bps,
General-317-20260718-15:48:02-5193,param,Florasat_Individual_Sats.terminal[33].phy.radio.transmitter,power,,,0.025118W
General-317-20260718-15:48:02-5193,attr,Florasat_Individual_Sats.terminal[33].phy.radio.transmitter,power,unit,W,
General-317-20260718-15:48:02-5193,param,Florasat_Individual_Sats.terminal[33].phy.radio.transmitter,centerFrequency,,,8.68e+08Hz
General-317-20260718-15:48:02-5193,attr,Florasat_Individual_Sats.terminal[33].phy.radio.transmitter,centerFrequency,unit,Hz,
General-317-20260718-15:48:02-5193,param,Florasat_Individual_Sats.terminal[33].phy.radio.transmitter,bandwidth,,,250000Hz
General-317-20260718-15:48:02-5193,attr,Florasat_Individual_Sats.terminal[33].phy.radio.transmitter,bandwidth,unit,Hz,
General-317-20260718-15:48:02-5193,param,Florasat_Individual_Sats.terminal[33].phy.radio.transmitter,codeRate,,,1
General-317-20260718-15:48:02-5193,param,Florasat_Individual_Sats.terminal[33].phy.radio.transmitter,modulation,,,"""LoRaModulation"""
General-317-20260718-15:48:02-5193,param,Florasat_Individual_Sats.terminal[33].phy.radio.receiver,typename,,,"""Global.Transceiver.LoRaReceiver"""
General-317-20260718-15:48:02-5193,param,Florasat_Individual_Sats.terminal[33].phy.radio.receiver,energyDetection,,,-90dBm
General-317-20260718-15:48:02-5193,attr,Florasat_Individual_Sats.terminal[33].phy.radio.receiver,energyDetection,unit,dBm,
General-317-20260718-15:48:02-5193,param,Florasat_Individual_Sats.terminal[33].phy.radio.receiver,sensitivity,,,-137dBm
General-317-20260718-15:48:02-5193,attr,Florasat_Individual_Sats.terminal[33].phy.radio.receiver,sensitivity,unit,dBm,
General-317-20260718-15:48:02-5193,param,Florasat_Individual_Sats.terminal[33].phy.radio.receiver,snirThreshold,,,-8dB
General-317-20260718-15:48:02-5193,attr,Florasat_Individual_Sats.terminal[33].phy.radio.receiver,snirThreshold,unit,dB,
General-317-20260718-15:48:02-5193,param,Florasat_Individual_Sats.terminal[33].phy.radio.receiver,centerFrequency,,,8.68e+08Hz
General-317-20260718-15:48:02-5193,attr,Florasat_Individual_Sats.terminal[33].phy.radio.receiver,centerFrequency,unit,Hz,
General-317-20260718-15:48:02-5193,param,Florasat_Individual_Sats.terminal[33].phy.radio.receiver,bandwidth,,,250000Hz
General-317-20260718-15:48:02-5193,attr,Florasat_Individual_Sats.terminal[33].phy.radio.receiver,bandwidth,unit,Hz,
General-317-20260718-15:48:02-5193,param,Florasat_Individual_Sats.terminal[33].phy.radio.receiver,alohaChannelModel,,,false
General-317-20260718-15:48:02-5193,param,Florasat_Individual_Sats.terminal[33].phy.radio.receiver,errorModelType,,,""""""
General-317-20260718-15:48:02-5193,param,Florasat_Individual_Sats.terminal[33].phy.radio.receiver,ignoreInterference,,,false
General-317-20260718-15:48:02-5193,param,Florasat_Individual_Sats.terminal[33].phy.radio.receiver,enableCollisionOverlap,,,false
General-317-20260718-15:48:02-5193,param,Florasat_Individual_Sats.terminal[33].phy.radio.receiver,minCollisionOverlap,,,0s
General-317-20260718-15:48:02-5193,attr,Florasat_Individual_Sats.terminal[33].phy.radio.receiver,minCollisionOverlap,unit,s,
General-317-20260718-15:48:02-5193,param,Florasat_Individual_Sats.terminal[33].phy.radio.IdealEpEnergyStorage,typename,,,"""inet.power.storage.IdealEpEnergyStorage"""
General-317-20260718-15:48:02-5193,param,Florasat_Individual_Sats.terminal[33].phy.radio,typename,,,"""Nodes._10_Terminal._10_Physical.Ter_Phy_LoRaRadio"""
General-317-20260718-15:48:02-5193,param,Florasat_Individual_Sats.terminal[33].phy.radio,radioMediumModule,,,"""radioMedium"""
General-317-20260718-15:48:02-5193,param,Florasat_Individual_Sats.terminal[33].phy.radio,energySourceModule,,,""""""
General-317-20260718-15:48:02-5193,param,Florasat_Individual_Sats.terminal[33].phy.radio,initialRadioMode,,,"""off"""
General-317-20260718-15:48:02-5193,attr,Florasat_Individual_Sats.terminal[33].phy.radio,initialRadioMode,enum,"off,sleep,receiver,transmitter,transceiver",
General-317-20260718-15:48:02-5193,param,Florasat_Individual_Sats.terminal[33].phy.radio,switchingTimes,,,"""ms 0 0 0 0 0 0 0 0 0 0 0 0 0 0 0 0 0 0 0 0 0 0 0 0 0"""
General-317-20260718-15:48:02-5193,param,Florasat_Individual_Sats.terminal[33].phy.radio,sendRawBytes,,,false
General-317-20260718-15:48:02-5193,param,Florasat_Individual_Sats.terminal[33].phy.radio,separateTransmissionParts,,,false
General-317-20260718-15:48:02-5193,param,Florasat_Individual_Sats.terminal[33].phy.radio,separateReceptionParts,,,false
General-317-20260718-15:48:02-5193,param,Florasat_Individual_Sats.terminal[33].phy.radio,displayCommunicationRange,,,false
General-317-20260718-15:48:02-5193,param,Florasat_Individual_Sats.terminal[33].phy.radio,displayInterferenceRange,,,false
General-317-20260718-15:48:02-5193,param,Florasat_Individual_Sats.terminal[33].phy.radio,centerFrequency,,,8.68e+08Hz
General-317-20260718-15:48:02-5193,attr,Florasat_Individual_Sats.terminal[33].phy.radio,centerFrequency,unit,Hz,
General-317-20260718-15:48:02-5193,param,Florasat_Individual_Sats.terminal[33].phy.radio,bandwidth,,,250000Hz
General-317-20260718-15:48:02-5193,attr,Florasat_Individual_Sats.terminal[33].phy.radio,bandwidth,unit,Hz,
General-317-20260718-15:48:02-5193,param,Florasat_Individual_Sats.terminal[33].phy.radio,iAmGateway,,,false
General-317-20260718-15:48:02-5193,param,Florasat_Individual_Sats.terminal[33].phy,typename,,,"""Nodes._10_Terminal._10_Physical.Ter_Phy"""
General-317-20260718-15:48:02-5193,param,Florasat_Individual_Sats.terminal[33].phy,layerName,,,"""Ter_Phy"""
General-317-20260718-15:48:02-5193,attr,Florasat_Individual_Sats.terminal[33].phy,layerName,optional,,
General-317-20260718-15:48:02-5193,param,Florasat_Individual_Sats.terminal[33].dlk.mac.queue,typename,,,"""inet.queueing.queue.DropTailQueue"""
General-317-20260718-15:48:02-5193,param,Florasat_Individual_Sats.terminal[33].dlk.mac.queue,displayStringTextFormat,,,"""contains %p pk (%l) pushed %u\npulled %o removed %r dropped %d"""
General-317-20260718-15:48:02-5193,param,Florasat_Individual_Sats.terminal[33].dlk.mac.queue,packetCapacity,,,-1
General-317-20260718-15:48:02-5193,param,Florasat_Individual_Sats.terminal[33].dlk.mac.queue,dataCapacity,,,-1b
General-317-20260718-15:48:02-5193,attr,Florasat_Individual_Sats.terminal[33].dlk.mac.queue,dataCapacity,unit,b,
General-317-20260718-15:48:02-5193,param,Florasat_Individual_Sats.terminal[33].dlk.mac.queue,dropperClass,,,"""inet::queueing::PacketAtCollectionEndDropper"""
General-317-20260718-15:48:02-5193,param,Florasat_Individual_Sats.terminal[33].dlk.mac.queue,comparatorClass,,,""""""
General-317-20260718-15:48:02-5193,param,Florasat_Individual_Sats.terminal[33].dlk.mac.queue,bufferModule,,,""""""
General-317-20260718-15:48:02-5193,param,Florasat_Individual_Sats.terminal[33].dlk.mac.mlBox,typename,,,"""Nodes._10_Terminal._20_Data_Link.Transmission_Predictor.Transmission_Predictor"""
General-317-20260718-15:48:02-5193,param,Florasat_Individual_Sats.terminal[33].dlk.mac.mlBox,modelPath,,,"""/home/ylnner/Documents/omnet++/omnetpp-6.3.0/projects/florasat_v4_ult_routing/simulations/Test_Individual/mlmodels/transformer_scripted.pt"""
General-317-20260718-15:48:02-5193,param,Florasat_Individual_Sats.terminal[33].dlk.mac.mlBox,threshold,,,0.2
General-317-20260718-15:48:02-5193,param,Florasat_Individual_Sats.terminal[33].dlk.mac.mlBox,scalerPath,,,""""""
General-317-20260718-15:48:02-5193,param,Florasat_Individual_Sats.terminal[33].dlk.mac,typename,,,"""Nodes._10_Terminal._20_Data_Link.Ter_Dlk_KiWan"""
General-317-20260718-15:48:02-5193,param,Florasat_Individual_Sats.terminal[33].dlk.mac,interfaceTableModule,,,""""""
General-317-20260718-15:48:02-5193,param,Florasat_Individual_Sats.terminal[33].dlk.mac,radioModule,,,"""^.^.phy.radio"""
General-317-20260718-15:48:02-5193,param,Florasat_Individual_Sats.terminal[33].dlk.mac,address,,,"""0A-AA-00-00-00-22"""
General-317-20260718-15:48:02-5193,attr,Florasat_Individual_Sats.terminal[33].dlk.mac,address,mutable,,
General-317-20260718-15:48:02-5193,param,Florasat_Individual_Sats.terminal[33].dlk.mac,mtu,,,1500
General-317-20260718-15:48:02-5193,param,Florasat_Individual_Sats.terminal[33].dlk.mac,ttwDuration,,,100s
General-317-20260718-15:48:02-5193,attr,Florasat_Individual_Sats.terminal[33].dlk.mac,ttwDuration,unit,s,
General-317-20260718-15:48:02-5193,param,Florasat_Individual_Sats.terminal[33].dlk.mac,ttwIdle,,,0s
General-317-20260718-15:48:02-5193,attr,Florasat_Individual_Sats.terminal[33].dlk.mac,ttwIdle,unit,s,
General-317-20260718-15:48:02-5193,param,Florasat_Individual_Sats.terminal[33].dlk.mac,ttxStart_min,,,0s
General-317-20260718-15:48:02-5193,attr,Florasat_Individual_Sats.terminal[33].dlk.mac,ttxStart_min,unit,s,
General-317-20260718-15:48:02-5193,param,Florasat_Individual_Sats.terminal[33].dlk.mac,ttxStart_max,,,1s
General-317-20260718-15:48:02-5193,attr,Florasat_Individual_Sats.terminal[33].dlk.mac,ttxStart_max,unit,s,
General-317-20260718-15:48:02-5193,param,Florasat_Individual_Sats.terminal[33].dlk.mac,ttxIdle_min,,,10s
General-317-20260718-15:48:02-5193,attr,Florasat_Individual_Sats.terminal[33].dlk.mac,ttxIdle_min,unit,s,
General-317-20260718-15:48:02-5193,param,Florasat_Individual_Sats.terminal[33].dlk.mac,ttxIdle_max,,,15s
General-317-20260718-15:48:02-5193,attr,Florasat_Individual_Sats.terminal[33].dlk.mac,ttxIdle_max,unit,s,
General-317-20260718-15:48:02-5193,param,Florasat_Individual_Sats.terminal[33].dlk.mac,Ntw,,,1
General-317-20260718-15:48:02-5193,param,Florasat_Individual_Sats.terminal[33].dlk.mac,Ntx,,,5
General-317-20260718-15:48:02-5193,param,Florasat_Individual_Sats.terminal[33].dlk.mac,enableSatDetect,,,false
General-317-20260718-15:48:02-5193,param,Florasat_Individual_Sats.terminal[33].dlk.mac,tsdStart_min,,,0s
General-317-20260718-15:48:02-5193,attr,Florasat_Individual_Sats.terminal[33].dlk.mac,tsdStart_min,unit,s,
General-317-20260718-15:48:02-5193,param,Florasat_Individual_Sats.terminal[33].dlk.mac,tsdStart_max,,,60s
General-317-20260718-15:48:02-5193,attr,Florasat_Individual_Sats.terminal[33].dlk.mac,tsdStart_max,unit,s,
General-317-20260718-15:48:02-5193,param,Florasat_Individual_Sats.terminal[33].dlk.mac,Ndetect,,,4
General-317-20260718-15:48:02-5193,param,Florasat_Individual_Sats.terminal[33].dlk.mac,NsdSync,,,2
General-317-20260718-15:48:02-5193,param,Florasat_Individual_Sats.terminal[33].dlk.mac,tsyncIdle,,,60s
General-317-20260718-15:48:02-5193,attr,Florasat_Individual_Sats.terminal[33].dlk.mac,tsyncIdle,unit,s,
General-317-20260718-15:48:02-5193,param,Florasat_Individual_Sats.terminal[33].dlk.mac,tsdIdle,,,240s
General-317-20260718-15:48:02-5193,attr,Florasat_Individual_Sats.terminal[33].dlk.mac,tsdIdle,unit,s,
General-317-20260718-15:48:02-5193,param,Florasat_Individual_Sats.terminal[33].dlk.mac,satelliteDetectionProbability,,,0.9
General-317-20260718-15:48:02-5193,param,Florasat_Individual_Sats.terminal[33].dlk.mac,minimumElevation,,,5
General-317-20260718-15:48:02-5193,param,Florasat_Individual_Sats.terminal[33].dlk.mac,detectInitialListen,,,0.33s
General-317-20260718-15:48:02-5193,attr,Florasat_Individual_Sats.terminal[33].dlk.mac,detectInitialListen,unit,s,
General-317-20260718-15:48:02-5193,param,Florasat_Individual_Sats.terminal[33].dlk.mac,detectSuccessExtraMin,,,0.075s
General-317-20260718-15:48:02-5193,attr,Florasat_Individual_Sats.terminal[33].dlk.mac,detectSuccessExtraMin,unit,s,
General-317-20260718-15:48:02-5193,param,Florasat_Individual_Sats.terminal[33].dlk.mac,detectSuccessExtraMax,,,1.67s
General-317-20260718-15:48:02-5193,attr,Florasat_Individual_Sats.terminal[33].dlk.mac,detectSuccessExtraMax,unit,s,
General-317-20260718-15:48:02-5193,param,Florasat_Individual_Sats.terminal[33].dlk.mac,detectMissExtra,,,1.67s
General-317-20260718-15:48:02-5193,attr,Florasat_Individual_Sats.terminal[33].dlk.mac,detectMissExtra,unit,s,
General-317-20260718-15:48:02-5193,param,Florasat_Individual_Sats.terminal[33].dlk.mac,LoRaSF,,,10
General-317-20260718-15:48:02-5193,param,Florasat_Individual_Sats.terminal[33].dlk.mac,LoRaTP,,,12
General-317-20260718-15:48:02-5193,param,Florasat_Individual_Sats.terminal[33].dlk.mac,LoRaCF,,,8.68e+08
General-317-20260718-15:48:02-5193,param,Florasat_Individual_Sats.terminal[33].dlk.mac,LoRaBW,,,125000
General-317-20260718-15:48:02-5193,param,Florasat_Individual_Sats.terminal[33].dlk.mac,LoRaCR,,,1
General-317-20260718-15:48:02-5193,param,Florasat_Individual_Sats.terminal[33].dlk.mac,useMLBox,,,true
General-317-20260718-15:48:02-5193,param,Florasat_Individual_Sats.terminal[33].dlk.mac,useMLBoxBiLSTM,,,false
General-317-20260718-15:48:02-5193,param,Florasat_Individual_Sats.terminal[33].dlk.mac,useAnalytical,,,false
General-317-20260718-15:48:02-5193,param,Florasat_Individual_Sats.terminal[33].dlk,typename,,,"""Nodes._10_Terminal._20_Data_Link.Ter_Dlk"""
General-317-20260718-15:48:02-5193,param,Florasat_Individual_Sats.terminal[33].net.routing,typename,,,"""Global.Base._30_Network.Ter_Null_Routing"""
General-317-20260718-15:48:02-5193,param,Florasat_Individual_Sats.terminal[33].net,typename,,,"""Nodes._10_Terminal._30_Network.Ter_Net"""
General-317-20260718-15:48:02-5193,param,Florasat_Individual_Sats.terminal[33].net,layerName,,,"""Ter_Net"""
General-317-20260718-15:48:02-5193,attr,Florasat_Individual_Sats.terminal[33].net,layerName,optional,,
General-317-20260718-15:48:02-5193,param,Florasat_Individual_Sats.terminal[33].net,routingType,,,"""Ter_Null_Routing"""
General-317-20260718-15:48:02-5193,param,Florasat_Individual_Sats.terminal[33].app,typename,,,"""Nodes._10_Terminal._40_Application.Ter_App"""
General-317-20260718-15:48:02-5193,param,Florasat_Individual_Sats.terminal[33].app,layerName,,,"""TerminalApplicationLayer"""
General-317-20260718-15:48:02-5193,attr,Florasat_Individual_Sats.terminal[33].app,layerName,optional,,
General-317-20260718-15:48:02-5193,param,Florasat_Individual_Sats.terminal[33].app,numberOfPacketsToSend,,,0
General-317-20260718-15:48:02-5193,param,Florasat_Individual_Sats.terminal[33].app,timeToFirstPacket,,,1s
General-317-20260718-15:48:02-5193,attr,Florasat_Individual_Sats.terminal[33].app,timeToFirstPacket,unit,s,
General-317-20260718-15:48:02-5193,param,Florasat_Individual_Sats.terminal[33].app,timeToNextPacket,,,115s
General-317-20260718-15:48:02-5193,attr,Florasat_Individual_Sats.terminal[33].app,timeToNextPacket,unit,s,
General-317-20260718-15:48:02-5193,param,Florasat_Individual_Sats.terminal[33].app,timeToResponse,,,30s
General-317-20260718-15:48:02-5193,attr,Florasat_Individual_Sats.terminal[33].app,timeToResponse,unit,s,
General-317-20260718-15:48:02-5193,param,Florasat_Individual_Sats.terminal[33].app,timeToRetry,,,10s
General-317-20260718-15:48:02-5193,attr,Florasat_Individual_Sats.terminal[33].app,timeToRetry,unit,s,
General-317-20260718-15:48:02-5193,param,Florasat_Individual_Sats.terminal[33].app,ackTimeout,,,7s
General-317-20260718-15:48:02-5193,attr,Florasat_Individual_Sats.terminal[33].app,ackTimeout,unit,s,
General-317-20260718-15:48:02-5193,param,Florasat_Individual_Sats.terminal[33].app,timer,,,1s
General-317-20260718-15:48:02-5193,attr,Florasat_Individual_Sats.terminal[33].app,timer,unit,s,
General-317-20260718-15:48:02-5193,param,Florasat_Individual_Sats.terminal[33].app,initialLoRaTP,,,14dBm
General-317-20260718-15:48:02-5193,attr,Florasat_Individual_Sats.terminal[33].app,initialLoRaTP,unit,dBm,
General-317-20260718-15:48:02-5193,param,Florasat_Individual_Sats.terminal[33].app,initialLoRaCF,,,8.68e+08Hz
General-317-20260718-15:48:02-5193,attr,Florasat_Individual_Sats.terminal[33].app,initialLoRaCF,unit,Hz,
General-317-20260718-15:48:02-5193,param,Florasat_Individual_Sats.terminal[33].app,initialLoRaSF,,,12
General-317-20260718-15:48:02-5193,param,Florasat_Individual_Sats.terminal[33].app,initialLoRaBW,,,125000Hz
General-317-20260718-15:48:02-5193,attr,Florasat_Individual_Sats.terminal[33].app,initialLoRaBW,unit,Hz,
General-317-20260718-15:48:02-5193,param,Florasat_Individual_Sats.terminal[33].app,initialLoRaCR,,,4
General-317-20260718-15:48:02-5193,param,Florasat_Individual_Sats.terminal[33].app,initialUseHeader,,,true
General-317-20260718-15:48:02-5193,param,Florasat_Individual_Sats.terminal[33].app,initialPingSlot,,,1
General-317-20260718-15:48:02-5193,param,Florasat_Individual_Sats.terminal[33].app,InitClassA,,,true
General-317-20260718-15:48:02-5193,param,Florasat_Individual_Sats.terminal[33].app,InitClassB,,,false
General-317-20260718-15:48:02-5193,param,Florasat_Individual_Sats.terminal[33].app,evaluateADRinNode,,,false
General-317-20260718-15:48:02-5193,param,Florasat_Individual_Sats.terminal[33].app,payloadSize,,,10B
General-317-20260718-15:48:02-5193,attr,Florasat_Individual_Sats.terminal[33].app,payloadSize,unit,B,
General-317-20260718-15:48:02-5193,param,Florasat_Individual_Sats.terminal[33].app,usingAck,,,true
General-317-20260718-15:48:02-5193,param,Florasat_Individual_Sats.terminal[33].app,numGroundLinks,,,40
General-317-20260718-15:48:02-5193,param,Florasat_Individual_Sats.terminal[33].app,maxHops,,,50
General-317-20260718-15:48:02-5193,param,Florasat_Individual_Sats.terminal[33].app,nroMaxAttempts,,,0
General-317-20260718-15:48:02-5193,param,Florasat_Individual_Sats.terminal[33].eng,typename,,,"""Nodes._10_Terminal._50_Energy.Ter_Ene"""
General-317-20260718-15:48:02-5193,param,Florasat_Individual_Sats.terminal[33].mob,typename,,,"""Nodes._10_Terminal._60_Mobility.Ter_Mob"""
General-317-20260718-15:48:02-5193,param,Florasat_Individual_Sats.terminal[33].mob,subjectModule,,,"""^"""
General-317-20260718-15:48:02-5193,param,Florasat_Individual_Sats.terminal[33].mob,coordinateSystemModule,,,""""""
General-317-20260718-15:48:02-5193,param,Florasat_Individual_Sats.terminal[33].mob,displayStringTextFormat,,,"""p: %p\nv: %v"""
General-317-20260718-15:48:02-5193,attr,Florasat_Individual_Sats.terminal[33].mob,displayStringTextFormat,mutable,,
General-317-20260718-15:48:02-5193,param,Florasat_Individual_Sats.terminal[33].mob,updateDisplayString,,,true
General-317-20260718-15:48:02-5193,param,Florasat_Individual_Sats.terminal[33].mob,constraintAreaMinX,,,-inf m
General-317-20260718-15:48:02-5193,attr,Florasat_Individual_Sats.terminal[33].mob,constraintAreaMinX,unit,m,
General-317-20260718-15:48:02-5193,param,Florasat_Individual_Sats.terminal[33].mob,constraintAreaMinY,,,-inf m
General-317-20260718-15:48:02-5193,attr,Florasat_Individual_Sats.terminal[33].mob,constraintAreaMinY,unit,m,
General-317-20260718-15:48:02-5193,param,Florasat_Individual_Sats.terminal[33].mob,constraintAreaMinZ,,,-inf m
General-317-20260718-15:48:02-5193,attr,Florasat_Individual_Sats.terminal[33].mob,constraintAreaMinZ,unit,m,
General-317-20260718-15:48:02-5193,param,Florasat_Individual_Sats.terminal[33].mob,constraintAreaMaxX,,,inf m
General-317-20260718-15:48:02-5193,attr,Florasat_Individual_Sats.terminal[33].mob,constraintAreaMaxX,unit,m,
General-317-20260718-15:48:02-5193,param,Florasat_Individual_Sats.terminal[33].mob,constraintAreaMaxY,,,inf m
General-317-20260718-15:48:02-5193,attr,Florasat_Individual_Sats.terminal[33].mob,constraintAreaMaxY,unit,m,
General-317-20260718-15:48:02-5193,param,Florasat_Individual_Sats.terminal[33].mob,constraintAreaMaxZ,,,inf m
General-317-20260718-15:48:02-5193,attr,Florasat_Individual_Sats.terminal[33].mob,constraintAreaMaxZ,unit,m,
General-317-20260718-15:48:02-5193,param,Florasat_Individual_Sats.terminal[33].mob,initialX,,,nan m
General-317-20260718-15:48:02-5193,attr,Florasat_Individual_Sats.terminal[33].mob,initialX,unit,m,
General-317-20260718-15:48:02-5193,param,Florasat_Individual_Sats.terminal[33].mob,initialY,,,nan m
General-317-20260718-15:48:02-5193,attr,Florasat_Individual_Sats.terminal[33].mob,initialY,unit,m,
General-317-20260718-15:48:02-5193,param,Florasat_Individual_Sats.terminal[33].mob,initialZ,,,0m
General-317-20260718-15:48:02-5193,attr,Florasat_Individual_Sats.terminal[33].mob,initialZ,unit,m,
General-317-20260718-15:48:02-5193,param,Florasat_Individual_Sats.terminal[33].mob,initialLatitude,,,nan deg
General-317-20260718-15:48:02-5193,attr,Florasat_Individual_Sats.terminal[33].mob,initialLatitude,unit,deg,
General-317-20260718-15:48:02-5193,param,Florasat_Individual_Sats.terminal[33].mob,initialLongitude,,,nan deg
General-317-20260718-15:48:02-5193,attr,Florasat_Individual_Sats.terminal[33].mob,initialLongitude,unit,deg,
General-317-20260718-15:48:02-5193,param,Florasat_Individual_Sats.terminal[33].mob,initialAltitude,,,0m
General-317-20260718-15:48:02-5193,attr,Florasat_Individual_Sats.terminal[33].mob,initialAltitude,unit,m,
General-317-20260718-15:48:02-5193,param,Florasat_Individual_Sats.terminal[33].mob,initialHeading,,,0deg
General-317-20260718-15:48:02-5193,attr,Florasat_Individual_Sats.terminal[33].mob,initialHeading,unit,deg,
General-317-20260718-15:48:02-5193,param,Florasat_Individual_Sats.terminal[33].mob,initialElevation,,,0deg
General-317-20260718-15:48:02-5193,attr,Florasat_Individual_Sats.terminal[33].mob,initialElevation,unit,deg,
General-317-20260718-15:48:02-5193,param,Florasat_Individual_Sats.terminal[33].mob,initialBank,,,0deg
General-317-20260718-15:48:02-5193,attr,Florasat_Individual_Sats.terminal[33].mob,initialBank,unit,deg,
General-317-20260718-15:48:02-5193,param,Florasat_Individual_Sats.terminal[33].mob,initFromDisplayString,,,false
General-317-20260718-15:48:02-5193,param,Florasat_Individual_Sats.terminal[33].mob,updateFromDisplayString,,,false
General-317-20260718-15:48:02-5193,param,Florasat_Individual_Sats.terminal[33].mob,centerLatitude,,,45.764
General-317-20260718-15:48:02-5193,param,Florasat_Individual_Sats.terminal[33].mob,centerLongitude,,,4.835
General-317-20260718-15:48:02-5193,param,Florasat_Individual_Sats.terminal[33].mob,deploymentRadius,,,200
General-317-20260718-15:48:02-5193,param,Florasat_Individual_Sats.terminal[33],typename,,,"""Nodes._10_Terminal.Terminal"""
General-317-20260718-15:48:02-5193,param,Florasat_Individual_Sats.terminal[33],layerName,,,"""Terminal"""
General-317-20260718-15:48:02-5193,attr,Florasat_Individual_Sats.terminal[33],layerName,optional,,
General-317-20260718-15:48:02-5193,param,Florasat_Individual_Sats.terminal[33],sendData,,,true
General-317-20260718-15:48:02-5193,attr,Florasat_Individual_Sats.terminal[33],sendData,mutable,,
General-317-20260718-15:48:02-5193,param,Florasat_Individual_Sats.terminal[33],dstGsOrDev,,,0
General-317-20260718-15:48:02-5193,param,Florasat_Individual_Sats.terminal[34].phy.radio.antenna,typename,,,"""inet.physicallayer.wireless.common.antenna.IsotropicAntenna"""
General-317-20260718-15:48:02-5193,param,Florasat_Individual_Sats.terminal[34].phy.radio.antenna,mobilityModule,,,"""^.^.^.mob"""
General-317-20260718-15:48:02-5193,param,Florasat_Individual_Sats.terminal[34].phy.radio.antenna,numAntennas,,,1
General-317-20260718-15:48:02-5193,param,Florasat_Individual_Sats.terminal[34].phy.radio.transmitter,typename,,,"""Global.Transceiver.LoRaTransmitter"""
General-317-20260718-15:48:02-5193,param,Florasat_Individual_Sats.terminal[34].phy.radio.transmitter,preambleDuration,,,0.001s
General-317-20260718-15:48:02-5193,attr,Florasat_Individual_Sats.terminal[34].phy.radio.transmitter,preambleDuration,unit,s,
General-317-20260718-15:48:02-5193,param,Florasat_Individual_Sats.terminal[34].phy.radio.transmitter,headerLength,,,40b
General-317-20260718-15:48:02-5193,attr,Florasat_Individual_Sats.terminal[34].phy.radio.transmitter,headerLength,unit,b,
General-317-20260718-15:48:02-5193,param,Florasat_Individual_Sats.terminal[34].phy.radio.transmitter,bitrate,,,250000bps
General-317-20260718-15:48:02-5193,attr,Florasat_Individual_Sats.terminal[34].phy.radio.transmitter,bitrate,unit,bps,
General-317-20260718-15:48:02-5193,param,Florasat_Individual_Sats.terminal[34].phy.radio.transmitter,power,,,0.025118W
General-317-20260718-15:48:02-5193,attr,Florasat_Individual_Sats.terminal[34].phy.radio.transmitter,power,unit,W,
General-317-20260718-15:48:02-5193,param,Florasat_Individual_Sats.terminal[34].phy.radio.transmitter,centerFrequency,,,8.68e+08Hz
General-317-20260718-15:48:02-5193,attr,Florasat_Individual_Sats.terminal[34].phy.radio.transmitter,centerFrequency,unit,Hz,
General-317-20260718-15:48:02-5193,param,Florasat_Individual_Sats.terminal[34].phy.radio.transmitter,bandwidth,,,250000Hz
General-317-20260718-15:48:02-5193,attr,Florasat_Individual_Sats.terminal[34].phy.radio.transmitter,bandwidth,unit,Hz,
General-317-20260718-15:48:02-5193,param,Florasat_Individual_Sats.terminal[34].phy.radio.transmitter,codeRate,,,1
General-317-20260718-15:48:02-5193,param,Florasat_Individual_Sats.terminal[34].phy.radio.transmitter,modulation,,,"""LoRaModulation"""
General-317-20260718-15:48:02-5193,param,Florasat_Individual_Sats.terminal[34].phy.radio.receiver,typename,,,"""Global.Transceiver.LoRaReceiver"""
General-317-20260718-15:48:02-5193,param,Florasat_Individual_Sats.terminal[34].phy.radio.receiver,energyDetection,,,-90dBm
General-317-20260718-15:48:02-5193,attr,Florasat_Individual_Sats.terminal[34].phy.radio.receiver,energyDetection,unit,dBm,
General-317-20260718-15:48:02-5193,param,Florasat_Individual_Sats.terminal[34].phy.radio.receiver,sensitivity,,,-137dBm
General-317-20260718-15:48:02-5193,attr,Florasat_Individual_Sats.terminal[34].phy.radio.receiver,sensitivity,unit,dBm,
General-317-20260718-15:48:02-5193,param,Florasat_Individual_Sats.terminal[34].phy.radio.receiver,snirThreshold,,,-8dB
General-317-20260718-15:48:02-5193,attr,Florasat_Individual_Sats.terminal[34].phy.radio.receiver,snirThreshold,unit,dB,
General-317-20260718-15:48:02-5193,param,Florasat_Individual_Sats.terminal[34].phy.radio.receiver,centerFrequency,,,8.68e+08Hz
General-317-20260718-15:48:02-5193,attr,Florasat_Individual_Sats.terminal[34].phy.radio.receiver,centerFrequency,unit,Hz,
General-317-20260718-15:48:02-5193,param,Florasat_Individual_Sats.terminal[34].phy.radio.receiver,bandwidth,,,250000Hz
General-317-20260718-15:48:02-5193,attr,Florasat_Individual_Sats.terminal[34].phy.radio.receiver,bandwidth,unit,Hz,
General-317-20260718-15:48:02-5193,param,Florasat_Individual_Sats.terminal[34].phy.radio.receiver,alohaChannelModel,,,false
General-317-20260718-15:48:02-5193,param,Florasat_Individual_Sats.terminal[34].phy.radio.receiver,errorModelType,,,""""""
General-317-20260718-15:48:02-5193,param,Florasat_Individual_Sats.terminal[34].phy.radio.receiver,ignoreInterference,,,false
General-317-20260718-15:48:02-5193,param,Florasat_Individual_Sats.terminal[34].phy.radio.receiver,enableCollisionOverlap,,,false
General-317-20260718-15:48:02-5193,param,Florasat_Individual_Sats.terminal[34].phy.radio.receiver,minCollisionOverlap,,,0s
General-317-20260718-15:48:02-5193,attr,Florasat_Individual_Sats.terminal[34].phy.radio.receiver,minCollisionOverlap,unit,s,
General-317-20260718-15:48:02-5193,param,Florasat_Individual_Sats.terminal[34].phy.radio.IdealEpEnergyStorage,typename,,,"""inet.power.storage.IdealEpEnergyStorage"""
General-317-20260718-15:48:02-5193,param,Florasat_Individual_Sats.terminal[34].phy.radio,typename,,,"""Nodes._10_Terminal._10_Physical.Ter_Phy_LoRaRadio"""
General-317-20260718-15:48:02-5193,param,Florasat_Individual_Sats.terminal[34].phy.radio,radioMediumModule,,,"""radioMedium"""
General-317-20260718-15:48:02-5193,param,Florasat_Individual_Sats.terminal[34].phy.radio,energySourceModule,,,""""""
General-317-20260718-15:48:02-5193,param,Florasat_Individual_Sats.terminal[34].phy.radio,initialRadioMode,,,"""off"""
General-317-20260718-15:48:02-5193,attr,Florasat_Individual_Sats.terminal[34].phy.radio,initialRadioMode,enum,"off,sleep,receiver,transmitter,transceiver",
General-317-20260718-15:48:02-5193,param,Florasat_Individual_Sats.terminal[34].phy.radio,switchingTimes,,,"""ms 0 0 0 0 0 0 0 0 0 0 0 0 0 0 0 0 0 0 0 0 0 0 0 0 0"""
General-317-20260718-15:48:02-5193,param,Florasat_Individual_Sats.terminal[34].phy.radio,sendRawBytes,,,false
General-317-20260718-15:48:02-5193,param,Florasat_Individual_Sats.terminal[34].phy.radio,separateTransmissionParts,,,false
General-317-20260718-15:48:02-5193,param,Florasat_Individual_Sats.terminal[34].phy.radio,separateReceptionParts,,,false
General-317-20260718-15:48:02-5193,param,Florasat_Individual_Sats.terminal[34].phy.radio,displayCommunicationRange,,,false
General-317-20260718-15:48:02-5193,param,Florasat_Individual_Sats.terminal[34].phy.radio,displayInterferenceRange,,,false
General-317-20260718-15:48:02-5193,param,Florasat_Individual_Sats.terminal[34].phy.radio,centerFrequency,,,8.68e+08Hz
General-317-20260718-15:48:02-5193,attr,Florasat_Individual_Sats.terminal[34].phy.radio,centerFrequency,unit,Hz,
General-317-20260718-15:48:02-5193,param,Florasat_Individual_Sats.terminal[34].phy.radio,bandwidth,,,250000Hz
General-317-20260718-15:48:02-5193,attr,Florasat_Individual_Sats.terminal[34].phy.radio,bandwidth,unit,Hz,
General-317-20260718-15:48:02-5193,param,Florasat_Individual_Sats.terminal[34].phy.radio,iAmGateway,,,false
General-317-20260718-15:48:02-5193,param,Florasat_Individual_Sats.terminal[34].phy,typename,,,"""Nodes._10_Terminal._10_Physical.Ter_Phy"""
General-317-20260718-15:48:02-5193,param,Florasat_Individual_Sats.terminal[34].phy,layerName,,,"""Ter_Phy"""
General-317-20260718-15:48:02-5193,attr,Florasat_Individual_Sats.terminal[34].phy,layerName,optional,,
General-317-20260718-15:48:02-5193,param,Florasat_Individual_Sats.terminal[34].dlk.mac.queue,typename,,,"""inet.queueing.queue.DropTailQueue"""
General-317-20260718-15:48:02-5193,param,Florasat_Individual_Sats.terminal[34].dlk.mac.queue,displayStringTextFormat,,,"""contains %p pk (%l) pushed %u\npulled %o removed %r dropped %d"""
General-317-20260718-15:48:02-5193,param,Florasat_Individual_Sats.terminal[34].dlk.mac.queue,packetCapacity,,,-1
General-317-20260718-15:48:02-5193,param,Florasat_Individual_Sats.terminal[34].dlk.mac.queue,dataCapacity,,,-1b
General-317-20260718-15:48:02-5193,attr,Florasat_Individual_Sats.terminal[34].dlk.mac.queue,dataCapacity,unit,b,
General-317-20260718-15:48:02-5193,param,Florasat_Individual_Sats.terminal[34].dlk.mac.queue,dropperClass,,,"""inet::queueing::PacketAtCollectionEndDropper"""
General-317-20260718-15:48:02-5193,param,Florasat_Individual_Sats.terminal[34].dlk.mac.queue,comparatorClass,,,""""""
General-317-20260718-15:48:02-5193,param,Florasat_Individual_Sats.terminal[34].dlk.mac.queue,bufferModule,,,""""""
General-317-20260718-15:48:02-5193,param,Florasat_Individual_Sats.terminal[34].dlk.mac.mlBox,typename,,,"""Nodes._10_Terminal._20_Data_Link.Transmission_Predictor.Transmission_Predictor"""
General-317-20260718-15:48:02-5193,param,Florasat_Individual_Sats.terminal[34].dlk.mac.mlBox,modelPath,,,"""/home/ylnner/Documents/omnet++/omnetpp-6.3.0/projects/florasat_v4_ult_routing/simulations/Test_Individual/mlmodels/transformer_scripted.pt"""
General-317-20260718-15:48:02-5193,param,Florasat_Individual_Sats.terminal[34].dlk.mac.mlBox,threshold,,,0.2
General-317-20260718-15:48:02-5193,param,Florasat_Individual_Sats.terminal[34].dlk.mac.mlBox,scalerPath,,,""""""
General-317-20260718-15:48:02-5193,param,Florasat_Individual_Sats.terminal[34].dlk.mac,typename,,,"""Nodes._10_Terminal._20_Data_Link.Ter_Dlk_KiWan"""
General-317-20260718-15:48:02-5193,param,Florasat_Individual_Sats.terminal[34].dlk.mac,interfaceTableModule,,,""""""
General-317-20260718-15:48:02-5193,param,Florasat_Individual_Sats.terminal[34].dlk.mac,radioModule,,,"""^.^.phy.radio"""
General-317-20260718-15:48:02-5193,param,Florasat_Individual_Sats.terminal[34].dlk.mac,address,,,"""0A-AA-00-00-00-23"""
General-317-20260718-15:48:02-5193,attr,Florasat_Individual_Sats.terminal[34].dlk.mac,address,mutable,,
General-317-20260718-15:48:02-5193,param,Florasat_Individual_Sats.terminal[34].dlk.mac,mtu,,,1500
General-317-20260718-15:48:02-5193,param,Florasat_Individual_Sats.terminal[34].dlk.mac,ttwDuration,,,100s
General-317-20260718-15:48:02-5193,attr,Florasat_Individual_Sats.terminal[34].dlk.mac,ttwDuration,unit,s,
General-317-20260718-15:48:02-5193,param,Florasat_Individual_Sats.terminal[34].dlk.mac,ttwIdle,,,0s
General-317-20260718-15:48:02-5193,attr,Florasat_Individual_Sats.terminal[34].dlk.mac,ttwIdle,unit,s,
General-317-20260718-15:48:02-5193,param,Florasat_Individual_Sats.terminal[34].dlk.mac,ttxStart_min,,,0s
General-317-20260718-15:48:02-5193,attr,Florasat_Individual_Sats.terminal[34].dlk.mac,ttxStart_min,unit,s,
General-317-20260718-15:48:02-5193,param,Florasat_Individual_Sats.terminal[34].dlk.mac,ttxStart_max,,,1s
General-317-20260718-15:48:02-5193,attr,Florasat_Individual_Sats.terminal[34].dlk.mac,ttxStart_max,unit,s,
General-317-20260718-15:48:02-5193,param,Florasat_Individual_Sats.terminal[34].dlk.mac,ttxIdle_min,,,10s
General-317-20260718-15:48:02-5193,attr,Florasat_Individual_Sats.terminal[34].dlk.mac,ttxIdle_min,unit,s,
General-317-20260718-15:48:02-5193,param,Florasat_Individual_Sats.terminal[34].dlk.mac,ttxIdle_max,,,15s
General-317-20260718-15:48:02-5193,attr,Florasat_Individual_Sats.terminal[34].dlk.mac,ttxIdle_max,unit,s,
General-317-20260718-15:48:02-5193,param,Florasat_Individual_Sats.terminal[34].dlk.mac,Ntw,,,1
General-317-20260718-15:48:02-5193,param,Florasat_Individual_Sats.terminal[34].dlk.mac,Ntx,,,5
General-317-20260718-15:48:02-5193,param,Florasat_Individual_Sats.terminal[34].dlk.mac,enableSatDetect,,,false
General-317-20260718-15:48:02-5193,param,Florasat_Individual_Sats.terminal[34].dlk.mac,tsdStart_min,,,0s
General-317-20260718-15:48:02-5193,attr,Florasat_Individual_Sats.terminal[34].dlk.mac,tsdStart_min,unit,s,
General-317-20260718-15:48:02-5193,param,Florasat_Individual_Sats.terminal[34].dlk.mac,tsdStart_max,,,60s
General-317-20260718-15:48:02-5193,attr,Florasat_Individual_Sats.terminal[34].dlk.mac,tsdStart_max,unit,s,
General-317-20260718-15:48:02-5193,param,Florasat_Individual_Sats.terminal[34].dlk.mac,Ndetect,,,4
General-317-20260718-15:48:02-5193,param,Florasat_Individual_Sats.terminal[34].dlk.mac,NsdSync,,,2
General-317-20260718-15:48:02-5193,param,Florasat_Individual_Sats.terminal[34].dlk.mac,tsyncIdle,,,60s
General-317-20260718-15:48:02-5193,attr,Florasat_Individual_Sats.terminal[34].dlk.mac,tsyncIdle,unit,s,
General-317-20260718-15:48:02-5193,param,Florasat_Individual_Sats.terminal[34].dlk.mac,tsdIdle,,,240s
General-317-20260718-15:48:02-5193,attr,Florasat_Individual_Sats.terminal[34].dlk.mac,tsdIdle,unit,s,
General-317-20260718-15:48:02-5193,param,Florasat_Individual_Sats.terminal[34].dlk.mac,satelliteDetectionProbability,,,0.9
General-317-20260718-15:48:02-5193,param,Florasat_Individual_Sats.terminal[34].dlk.mac,minimumElevation,,,5
General-317-20260718-15:48:02-5193,param,Florasat_Individual_Sats.terminal[34].dlk.mac,detectInitialListen,,,0.33s
General-317-20260718-15:48:02-5193,attr,Florasat_Individual_Sats.terminal[34].dlk.mac,detectInitialListen,unit,s,
General-317-20260718-15:48:02-5193,param,Florasat_Individual_Sats.terminal[34].dlk.mac,detectSuccessExtraMin,,,0.075s
General-317-20260718-15:48:02-5193,attr,Florasat_Individual_Sats.terminal[34].dlk.mac,detectSuccessExtraMin,unit,s,
General-317-20260718-15:48:02-5193,param,Florasat_Individual_Sats.terminal[34].dlk.mac,detectSuccessExtraMax,,,1.67s
General-317-20260718-15:48:02-5193,attr,Florasat_Individual_Sats.terminal[34].dlk.mac,detectSuccessExtraMax,unit,s,
General-317-20260718-15:48:02-5193,param,Florasat_Individual_Sats.terminal[34].dlk.mac,detectMissExtra,,,1.67s
General-317-20260718-15:48:02-5193,attr,Florasat_Individual_Sats.terminal[34].dlk.mac,detectMissExtra,unit,s,
General-317-20260718-15:48:02-5193,param,Florasat_Individual_Sats.terminal[34].dlk.mac,LoRaSF,,,11
General-317-20260718-15:48:02-5193,param,Florasat_Individual_Sats.terminal[34].dlk.mac,LoRaTP,,,14
General-317-20260718-15:48:02-5193,param,Florasat_Individual_Sats.terminal[34].dlk.mac,LoRaCF,,,8.68e+08
General-317-20260718-15:48:02-5193,param,Florasat_Individual_Sats.terminal[34].dlk.mac,LoRaBW,,,125000
General-317-20260718-15:48:02-5193,param,Florasat_Individual_Sats.terminal[34].dlk.mac,LoRaCR,,,1
General-317-20260718-15:48:02-5193,param,Florasat_Individual_Sats.terminal[34].dlk.mac,useMLBox,,,true
General-317-20260718-15:48:02-5193,param,Florasat_Individual_Sats.terminal[34].dlk.mac,useMLBoxBiLSTM,,,false
General-317-20260718-15:48:02-5193,param,Florasat_Individual_Sats.terminal[34].dlk.mac,useAnalytical,,,false
General-317-20260718-15:48:02-5193,param,Florasat_Individual_Sats.terminal[34].dlk,typename,,,"""Nodes._10_Terminal._20_Data_Link.Ter_Dlk"""
General-317-20260718-15:48:02-5193,param,Florasat_Individual_Sats.terminal[34].net.routing,typename,,,"""Global.Base._30_Network.Ter_Null_Routing"""
General-317-20260718-15:48:02-5193,param,Florasat_Individual_Sats.terminal[34].net,typename,,,"""Nodes._10_Terminal._30_Network.Ter_Net"""
General-317-20260718-15:48:02-5193,param,Florasat_Individual_Sats.terminal[34].net,layerName,,,"""Ter_Net"""
General-317-20260718-15:48:02-5193,attr,Florasat_Individual_Sats.terminal[34].net,layerName,optional,,
General-317-20260718-15:48:02-5193,param,Florasat_Individual_Sats.terminal[34].net,routingType,,,"""Ter_Null_Routing"""
General-317-20260718-15:48:02-5193,param,Florasat_Individual_Sats.terminal[34].app,typename,,,"""Nodes._10_Terminal._40_Application.Ter_App"""
General-317-20260718-15:48:02-5193,param,Florasat_Individual_Sats.terminal[34].app,layerName,,,"""TerminalApplicationLayer"""
General-317-20260718-15:48:02-5193,attr,Florasat_Individual_Sats.terminal[34].app,layerName,optional,,
General-317-20260718-15:48:02-5193,param,Florasat_Individual_Sats.terminal[34].app,numberOfPacketsToSend,,,0
General-317-20260718-15:48:02-5193,param,Florasat_Individual_Sats.terminal[34].app,timeToFirstPacket,,,1s
General-317-20260718-15:48:02-5193,attr,Florasat_Individual_Sats.terminal[34].app,timeToFirstPacket,unit,s,
General-317-20260718-15:48:02-5193,param,Florasat_Individual_Sats.terminal[34].app,timeToNextPacket,,,115s
General-317-20260718-15:48:02-5193,attr,Florasat_Individual_Sats.terminal[34].app,timeToNextPacket,unit,s,
General-317-20260718-15:48:02-5193,param,Florasat_Individual_Sats.terminal[34].app,timeToResponse,,,30s
General-317-20260718-15:48:02-5193,attr,Florasat_Individual_Sats.terminal[34].app,timeToResponse,unit,s,
General-317-20260718-15:48:02-5193,param,Florasat_Individual_Sats.terminal[34].app,timeToRetry,,,10s
General-317-20260718-15:48:02-5193,attr,Florasat_Individual_Sats.terminal[34].app,timeToRetry,unit,s,
General-317-20260718-15:48:02-5193,param,Florasat_Individual_Sats.terminal[34].app,ackTimeout,,,7s
General-317-20260718-15:48:02-5193,attr,Florasat_Individual_Sats.terminal[34].app,ackTimeout,unit,s,
General-317-20260718-15:48:02-5193,param,Florasat_Individual_Sats.terminal[34].app,timer,,,1s
General-317-20260718-15:48:02-5193,attr,Florasat_Individual_Sats.terminal[34].app,timer,unit,s,
General-317-20260718-15:48:02-5193,param,Florasat_Individual_Sats.terminal[34].app,initialLoRaTP,,,14dBm
General-317-20260718-15:48:02-5193,attr,Florasat_Individual_Sats.terminal[34].app,initialLoRaTP,unit,dBm,
General-317-20260718-15:48:02-5193,param,Florasat_Individual_Sats.terminal[34].app,initialLoRaCF,,,8.68e+08Hz
General-317-20260718-15:48:02-5193,attr,Florasat_Individual_Sats.terminal[34].app,initialLoRaCF,unit,Hz,
General-317-20260718-15:48:02-5193,param,Florasat_Individual_Sats.terminal[34].app,initialLoRaSF,,,12
General-317-20260718-15:48:02-5193,param,Florasat_Individual_Sats.terminal[34].app,initialLoRaBW,,,125000Hz
General-317-20260718-15:48:02-5193,attr,Florasat_Individual_Sats.terminal[34].app,initialLoRaBW,unit,Hz,
General-317-20260718-15:48:02-5193,param,Florasat_Individual_Sats.terminal[34].app,initialLoRaCR,,,4
General-317-20260718-15:48:02-5193,param,Florasat_Individual_Sats.terminal[34].app,initialUseHeader,,,true
General-317-20260718-15:48:02-5193,param,Florasat_Individual_Sats.terminal[34].app,initialPingSlot,,,1
General-317-20260718-15:48:02-5193,param,Florasat_Individual_Sats.terminal[34].app,InitClassA,,,true
General-317-20260718-15:48:02-5193,param,Florasat_Individual_Sats.terminal[34].app,InitClassB,,,false
General-317-20260718-15:48:02-5193,param,Florasat_Individual_Sats.terminal[34].app,evaluateADRinNode,,,false
General-317-20260718-15:48:02-5193,param,Florasat_Individual_Sats.terminal[34].app,payloadSize,,,10B
General-317-20260718-15:48:02-5193,attr,Florasat_Individual_Sats.terminal[34].app,payloadSize,unit,B,
General-317-20260718-15:48:02-5193,param,Florasat_Individual_Sats.terminal[34].app,usingAck,,,true
General-317-20260718-15:48:02-5193,param,Florasat_Individual_Sats.terminal[34].app,numGroundLinks,,,40
General-317-20260718-15:48:02-5193,param,Florasat_Individual_Sats.terminal[34].app,maxHops,,,50
General-317-20260718-15:48:02-5193,param,Florasat_Individual_Sats.terminal[34].app,nroMaxAttempts,,,0
General-317-20260718-15:48:02-5193,param,Florasat_Individual_Sats.terminal[34].eng,typename,,,"""Nodes._10_Terminal._50_Energy.Ter_Ene"""
General-317-20260718-15:48:02-5193,param,Florasat_Individual_Sats.terminal[34].mob,typename,,,"""Nodes._10_Terminal._60_Mobility.Ter_Mob"""
General-317-20260718-15:48:02-5193,param,Florasat_Individual_Sats.terminal[34].mob,subjectModule,,,"""^"""
General-317-20260718-15:48:02-5193,param,Florasat_Individual_Sats.terminal[34].mob,coordinateSystemModule,,,""""""
General-317-20260718-15:48:02-5193,param,Florasat_Individual_Sats.terminal[34].mob,displayStringTextFormat,,,"""p: %p\nv: %v"""
General-317-20260718-15:48:02-5193,attr,Florasat_Individual_Sats.terminal[34].mob,displayStringTextFormat,mutable,,
General-317-20260718-15:48:02-5193,param,Florasat_Individual_Sats.terminal[34].mob,updateDisplayString,,,true
General-317-20260718-15:48:02-5193,param,Florasat_Individual_Sats.terminal[34].mob,constraintAreaMinX,,,-inf m
General-317-20260718-15:48:02-5193,attr,Florasat_Individual_Sats.terminal[34].mob,constraintAreaMinX,unit,m,
General-317-20260718-15:48:02-5193,param,Florasat_Individual_Sats.terminal[34].mob,constraintAreaMinY,,,-inf m
General-317-20260718-15:48:02-5193,attr,Florasat_Individual_Sats.terminal[34].mob,constraintAreaMinY,unit,m,
General-317-20260718-15:48:02-5193,param,Florasat_Individual_Sats.terminal[34].mob,constraintAreaMinZ,,,-inf m
General-317-20260718-15:48:02-5193,attr,Florasat_Individual_Sats.terminal[34].mob,constraintAreaMinZ,unit,m,
General-317-20260718-15:48:02-5193,param,Florasat_Individual_Sats.terminal[34].mob,constraintAreaMaxX,,,inf m
General-317-20260718-15:48:02-5193,attr,Florasat_Individual_Sats.terminal[34].mob,constraintAreaMaxX,unit,m,
General-317-20260718-15:48:02-5193,param,Florasat_Individual_Sats.terminal[34].mob,constraintAreaMaxY,,,inf m
General-317-20260718-15:48:02-5193,attr,Florasat_Individual_Sats.terminal[34].mob,constraintAreaMaxY,unit,m,
General-317-20260718-15:48:02-5193,param,Florasat_Individual_Sats.terminal[34].mob,constraintAreaMaxZ,,,inf m
General-317-20260718-15:48:02-5193,attr,Florasat_Individual_Sats.terminal[34].mob,constraintAreaMaxZ,unit,m,
General-317-20260718-15:48:02-5193,param,Florasat_Individual_Sats.terminal[34].mob,initialX,,,nan m
General-317-20260718-15:48:02-5193,attr,Florasat_Individual_Sats.terminal[34].mob,initialX,unit,m,
General-317-20260718-15:48:02-5193,param,Florasat_Individual_Sats.terminal[34].mob,initialY,,,nan m
General-317-20260718-15:48:02-5193,attr,Florasat_Individual_Sats.terminal[34].mob,initialY,unit,m,
General-317-20260718-15:48:02-5193,param,Florasat_Individual_Sats.terminal[34].mob,initialZ,,,0m
General-317-20260718-15:48:02-5193,attr,Florasat_Individual_Sats.terminal[34].mob,initialZ,unit,m,
General-317-20260718-15:48:02-5193,param,Florasat_Individual_Sats.terminal[34].mob,initialLatitude,,,nan deg
General-317-20260718-15:48:02-5193,attr,Florasat_Individual_Sats.terminal[34].mob,initialLatitude,unit,deg,
General-317-20260718-15:48:02-5193,param,Florasat_Individual_Sats.terminal[34].mob,initialLongitude,,,nan deg
General-317-20260718-15:48:02-5193,attr,Florasat_Individual_Sats.terminal[34].mob,initialLongitude,unit,deg,
General-317-20260718-15:48:02-5193,param,Florasat_Individual_Sats.terminal[34].mob,initialAltitude,,,0m
General-317-20260718-15:48:02-5193,attr,Florasat_Individual_Sats.terminal[34].mob,initialAltitude,unit,m,
General-317-20260718-15:48:02-5193,param,Florasat_Individual_Sats.terminal[34].mob,initialHeading,,,0deg
General-317-20260718-15:48:02-5193,attr,Florasat_Individual_Sats.terminal[34].mob,initialHeading,unit,deg,
General-317-20260718-15:48:02-5193,param,Florasat_Individual_Sats.terminal[34].mob,initialElevation,,,0deg
General-317-20260718-15:48:02-5193,attr,Florasat_Individual_Sats.terminal[34].mob,initialElevation,unit,deg,
General-317-20260718-15:48:02-5193,param,Florasat_Individual_Sats.terminal[34].mob,initialBank,,,0deg
General-317-20260718-15:48:02-5193,attr,Florasat_Individual_Sats.terminal[34].mob,initialBank,unit,deg,
General-317-20260718-15:48:02-5193,param,Florasat_Individual_Sats.terminal[34].mob,initFromDisplayString,,,false
General-317-20260718-15:48:02-5193,param,Florasat_Individual_Sats.terminal[34].mob,updateFromDisplayString,,,false
General-317-20260718-15:48:02-5193,param,Florasat_Individual_Sats.terminal[34].mob,centerLatitude,,,48.573
General-317-20260718-15:48:02-5193,param,Florasat_Individual_Sats.terminal[34].mob,centerLongitude,,,7.752
General-317-20260718-15:48:02-5193,param,Florasat_Individual_Sats.terminal[34].mob,deploymentRadius,,,200
General-317-20260718-15:48:02-5193,param,Florasat_Individual_Sats.terminal[34],typename,,,"""Nodes._10_Terminal.Terminal"""
General-317-20260718-15:48:02-5193,param,Florasat_Individual_Sats.terminal[34],layerName,,,"""Terminal"""
General-317-20260718-15:48:02-5193,attr,Florasat_Individual_Sats.terminal[34],layerName,optional,,
General-317-20260718-15:48:02-5193,param,Florasat_Individual_Sats.terminal[34],sendData,,,true
General-317-20260718-15:48:02-5193,attr,Florasat_Individual_Sats.terminal[34],sendData,mutable,,
General-317-20260718-15:48:02-5193,param,Florasat_Individual_Sats.terminal[34],dstGsOrDev,,,0
General-317-20260718-15:48:02-5193,param,Florasat_Individual_Sats.terminal[35].phy.radio.antenna,typename,,,"""inet.physicallayer.wireless.common.antenna.IsotropicAntenna"""
General-317-20260718-15:48:02-5193,param,Florasat_Individual_Sats.terminal[35].phy.radio.antenna,mobilityModule,,,"""^.^.^.mob"""
General-317-20260718-15:48:02-5193,param,Florasat_Individual_Sats.terminal[35].phy.radio.antenna,numAntennas,,,1
General-317-20260718-15:48:02-5193,param,Florasat_Individual_Sats.terminal[35].phy.radio.transmitter,typename,,,"""Global.Transceiver.LoRaTransmitter"""
General-317-20260718-15:48:02-5193,param,Florasat_Individual_Sats.terminal[35].phy.radio.transmitter,preambleDuration,,,0.001s
General-317-20260718-15:48:02-5193,attr,Florasat_Individual_Sats.terminal[35].phy.radio.transmitter,preambleDuration,unit,s,
General-317-20260718-15:48:02-5193,param,Florasat_Individual_Sats.terminal[35].phy.radio.transmitter,headerLength,,,40b
General-317-20260718-15:48:02-5193,attr,Florasat_Individual_Sats.terminal[35].phy.radio.transmitter,headerLength,unit,b,
General-317-20260718-15:48:02-5193,param,Florasat_Individual_Sats.terminal[35].phy.radio.transmitter,bitrate,,,250000bps
General-317-20260718-15:48:02-5193,attr,Florasat_Individual_Sats.terminal[35].phy.radio.transmitter,bitrate,unit,bps,
General-317-20260718-15:48:02-5193,param,Florasat_Individual_Sats.terminal[35].phy.radio.transmitter,power,,,0.025118W
General-317-20260718-15:48:02-5193,attr,Florasat_Individual_Sats.terminal[35].phy.radio.transmitter,power,unit,W,
General-317-20260718-15:48:02-5193,param,Florasat_Individual_Sats.terminal[35].phy.radio.transmitter,centerFrequency,,,8.68e+08Hz
General-317-20260718-15:48:02-5193,attr,Florasat_Individual_Sats.terminal[35].phy.radio.transmitter,centerFrequency,unit,Hz,
General-317-20260718-15:48:02-5193,param,Florasat_Individual_Sats.terminal[35].phy.radio.transmitter,bandwidth,,,250000Hz
General-317-20260718-15:48:02-5193,attr,Florasat_Individual_Sats.terminal[35].phy.radio.transmitter,bandwidth,unit,Hz,
General-317-20260718-15:48:02-5193,param,Florasat_Individual_Sats.terminal[35].phy.radio.transmitter,codeRate,,,1
General-317-20260718-15:48:02-5193,param,Florasat_Individual_Sats.terminal[35].phy.radio.transmitter,modulation,,,"""LoRaModulation"""
General-317-20260718-15:48:02-5193,param,Florasat_Individual_Sats.terminal[35].phy.radio.receiver,typename,,,"""Global.Transceiver.LoRaReceiver"""
General-317-20260718-15:48:02-5193,param,Florasat_Individual_Sats.terminal[35].phy.radio.receiver,energyDetection,,,-90dBm
General-317-20260718-15:48:02-5193,attr,Florasat_Individual_Sats.terminal[35].phy.radio.receiver,energyDetection,unit,dBm,
General-317-20260718-15:48:02-5193,param,Florasat_Individual_Sats.terminal[35].phy.radio.receiver,sensitivity,,,-137dBm
General-317-20260718-15:48:02-5193,attr,Florasat_Individual_Sats.terminal[35].phy.radio.receiver,sensitivity,unit,dBm,
General-317-20260718-15:48:02-5193,param,Florasat_Individual_Sats.terminal[35].phy.radio.receiver,snirThreshold,,,-8dB
General-317-20260718-15:48:02-5193,attr,Florasat_Individual_Sats.terminal[35].phy.radio.receiver,snirThreshold,unit,dB,
General-317-20260718-15:48:02-5193,param,Florasat_Individual_Sats.terminal[35].phy.radio.receiver,centerFrequency,,,8.68e+08Hz
General-317-20260718-15:48:02-5193,attr,Florasat_Individual_Sats.terminal[35].phy.radio.receiver,centerFrequency,unit,Hz,
General-317-20260718-15:48:02-5193,param,Florasat_Individual_Sats.terminal[35].phy.radio.receiver,bandwidth,,,250000Hz
General-317-20260718-15:48:02-5193,attr,Florasat_Individual_Sats.terminal[35].phy.radio.receiver,bandwidth,unit,Hz,
General-317-20260718-15:48:02-5193,param,Florasat_Individual_Sats.terminal[35].phy.radio.receiver,alohaChannelModel,,,false
General-317-20260718-15:48:02-5193,param,Florasat_Individual_Sats.terminal[35].phy.radio.receiver,errorModelType,,,""""""
General-317-20260718-15:48:02-5193,param,Florasat_Individual_Sats.terminal[35].phy.radio.receiver,ignoreInterference,,,false
General-317-20260718-15:48:02-5193,param,Florasat_Individual_Sats.terminal[35].phy.radio.receiver,enableCollisionOverlap,,,false
General-317-20260718-15:48:02-5193,param,Florasat_Individual_Sats.terminal[35].phy.radio.receiver,minCollisionOverlap,,,0s
General-317-20260718-15:48:02-5193,attr,Florasat_Individual_Sats.terminal[35].phy.radio.receiver,minCollisionOverlap,unit,s,
General-317-20260718-15:48:02-5193,param,Florasat_Individual_Sats.terminal[35].phy.radio.IdealEpEnergyStorage,typename,,,"""inet.power.storage.IdealEpEnergyStorage"""
General-317-20260718-15:48:02-5193,param,Florasat_Individual_Sats.terminal[35].phy.radio,typename,,,"""Nodes._10_Terminal._10_Physical.Ter_Phy_LoRaRadio"""
General-317-20260718-15:48:02-5193,param,Florasat_Individual_Sats.terminal[35].phy.radio,radioMediumModule,,,"""radioMedium"""
General-317-20260718-15:48:02-5193,param,Florasat_Individual_Sats.terminal[35].phy.radio,energySourceModule,,,""""""
General-317-20260718-15:48:02-5193,param,Florasat_Individual_Sats.terminal[35].phy.radio,initialRadioMode,,,"""off"""
General-317-20260718-15:48:02-5193,attr,Florasat_Individual_Sats.terminal[35].phy.radio,initialRadioMode,enum,"off,sleep,receiver,transmitter,transceiver",
General-317-20260718-15:48:02-5193,param,Florasat_Individual_Sats.terminal[35].phy.radio,switchingTimes,,,"""ms 0 0 0 0 0 0 0 0 0 0 0 0 0 0 0 0 0 0 0 0 0 0 0 0 0"""
General-317-20260718-15:48:02-5193,param,Florasat_Individual_Sats.terminal[35].phy.radio,sendRawBytes,,,false
General-317-20260718-15:48:02-5193,param,Florasat_Individual_Sats.terminal[35].phy.radio,separateTransmissionParts,,,false
General-317-20260718-15:48:02-5193,param,Florasat_Individual_Sats.terminal[35].phy.radio,separateReceptionParts,,,false
General-317-20260718-15:48:02-5193,param,Florasat_Individual_Sats.terminal[35].phy.radio,displayCommunicationRange,,,false
General-317-20260718-15:48:02-5193,param,Florasat_Individual_Sats.terminal[35].phy.radio,displayInterferenceRange,,,false
General-317-20260718-15:48:02-5193,param,Florasat_Individual_Sats.terminal[35].phy.radio,centerFrequency,,,8.68e+08Hz
General-317-20260718-15:48:02-5193,attr,Florasat_Individual_Sats.terminal[35].phy.radio,centerFrequency,unit,Hz,
General-317-20260718-15:48:02-5193,param,Florasat_Individual_Sats.terminal[35].phy.radio,bandwidth,,,250000Hz
General-317-20260718-15:48:02-5193,attr,Florasat_Individual_Sats.terminal[35].phy.radio,bandwidth,unit,Hz,
General-317-20260718-15:48:02-5193,param,Florasat_Individual_Sats.terminal[35].phy.radio,iAmGateway,,,false
General-317-20260718-15:48:02-5193,param,Florasat_Individual_Sats.terminal[35].phy,typename,,,"""Nodes._10_Terminal._10_Physical.Ter_Phy"""
General-317-20260718-15:48:02-5193,param,Florasat_Individual_Sats.terminal[35].phy,layerName,,,"""Ter_Phy"""
General-317-20260718-15:48:02-5193,attr,Florasat_Individual_Sats.terminal[35].phy,layerName,optional,,
General-317-20260718-15:48:02-5193,param,Florasat_Individual_Sats.terminal[35].dlk.mac.queue,typename,,,"""inet.queueing.queue.DropTailQueue"""
General-317-20260718-15:48:02-5193,param,Florasat_Individual_Sats.terminal[35].dlk.mac.queue,displayStringTextFormat,,,"""contains %p pk (%l) pushed %u\npulled %o removed %r dropped %d"""
General-317-20260718-15:48:02-5193,param,Florasat_Individual_Sats.terminal[35].dlk.mac.queue,packetCapacity,,,-1
General-317-20260718-15:48:02-5193,param,Florasat_Individual_Sats.terminal[35].dlk.mac.queue,dataCapacity,,,-1b
General-317-20260718-15:48:02-5193,attr,Florasat_Individual_Sats.terminal[35].dlk.mac.queue,dataCapacity,unit,b,
General-317-20260718-15:48:02-5193,param,Florasat_Individual_Sats.terminal[35].dlk.mac.queue,dropperClass,,,"""inet::queueing::PacketAtCollectionEndDropper"""
General-317-20260718-15:48:02-5193,param,Florasat_Individual_Sats.terminal[35].dlk.mac.queue,comparatorClass,,,""""""
General-317-20260718-15:48:02-5193,param,Florasat_Individual_Sats.terminal[35].dlk.mac.queue,bufferModule,,,""""""
General-317-20260718-15:48:02-5193,param,Florasat_Individual_Sats.terminal[35].dlk.mac.mlBox,typename,,,"""Nodes._10_Terminal._20_Data_Link.Transmission_Predictor.Transmission_Predictor"""
General-317-20260718-15:48:02-5193,param,Florasat_Individual_Sats.terminal[35].dlk.mac.mlBox,modelPath,,,"""/home/ylnner/Documents/omnet++/omnetpp-6.3.0/projects/florasat_v4_ult_routing/simulations/Test_Individual/mlmodels/transformer_scripted.pt"""
General-317-20260718-15:48:02-5193,param,Florasat_Individual_Sats.terminal[35].dlk.mac.mlBox,threshold,,,0.2
General-317-20260718-15:48:02-5193,param,Florasat_Individual_Sats.terminal[35].dlk.mac.mlBox,scalerPath,,,""""""
General-317-20260718-15:48:02-5193,param,Florasat_Individual_Sats.terminal[35].dlk.mac,typename,,,"""Nodes._10_Terminal._20_Data_Link.Ter_Dlk_KiWan"""
General-317-20260718-15:48:02-5193,param,Florasat_Individual_Sats.terminal[35].dlk.mac,interfaceTableModule,,,""""""
General-317-20260718-15:48:02-5193,param,Florasat_Individual_Sats.terminal[35].dlk.mac,radioModule,,,"""^.^.phy.radio"""
General-317-20260718-15:48:02-5193,param,Florasat_Individual_Sats.terminal[35].dlk.mac,address,,,"""0A-AA-00-00-00-24"""
General-317-20260718-15:48:02-5193,attr,Florasat_Individual_Sats.terminal[35].dlk.mac,address,mutable,,
General-317-20260718-15:48:02-5193,param,Florasat_Individual_Sats.terminal[35].dlk.mac,mtu,,,1500
General-317-20260718-15:48:02-5193,param,Florasat_Individual_Sats.terminal[35].dlk.mac,ttwDuration,,,100s
General-317-20260718-15:48:02-5193,attr,Florasat_Individual_Sats.terminal[35].dlk.mac,ttwDuration,unit,s,
General-317-20260718-15:48:02-5193,param,Florasat_Individual_Sats.terminal[35].dlk.mac,ttwIdle,,,0s
General-317-20260718-15:48:02-5193,attr,Florasat_Individual_Sats.terminal[35].dlk.mac,ttwIdle,unit,s,
General-317-20260718-15:48:02-5193,param,Florasat_Individual_Sats.terminal[35].dlk.mac,ttxStart_min,,,0s
General-317-20260718-15:48:02-5193,attr,Florasat_Individual_Sats.terminal[35].dlk.mac,ttxStart_min,unit,s,
General-317-20260718-15:48:02-5193,param,Florasat_Individual_Sats.terminal[35].dlk.mac,ttxStart_max,,,1s
General-317-20260718-15:48:02-5193,attr,Florasat_Individual_Sats.terminal[35].dlk.mac,ttxStart_max,unit,s,
General-317-20260718-15:48:02-5193,param,Florasat_Individual_Sats.terminal[35].dlk.mac,ttxIdle_min,,,10s
General-317-20260718-15:48:02-5193,attr,Florasat_Individual_Sats.terminal[35].dlk.mac,ttxIdle_min,unit,s,
General-317-20260718-15:48:02-5193,param,Florasat_Individual_Sats.terminal[35].dlk.mac,ttxIdle_max,,,15s
General-317-20260718-15:48:02-5193,attr,Florasat_Individual_Sats.terminal[35].dlk.mac,ttxIdle_max,unit,s,
General-317-20260718-15:48:02-5193,param,Florasat_Individual_Sats.terminal[35].dlk.mac,Ntw,,,1
General-317-20260718-15:48:02-5193,param,Florasat_Individual_Sats.terminal[35].dlk.mac,Ntx,,,5
General-317-20260718-15:48:02-5193,param,Florasat_Individual_Sats.terminal[35].dlk.mac,enableSatDetect,,,false
General-317-20260718-15:48:02-5193,param,Florasat_Individual_Sats.terminal[35].dlk.mac,tsdStart_min,,,0s
General-317-20260718-15:48:02-5193,attr,Florasat_Individual_Sats.terminal[35].dlk.mac,tsdStart_min,unit,s,
General-317-20260718-15:48:02-5193,param,Florasat_Individual_Sats.terminal[35].dlk.mac,tsdStart_max,,,60s
General-317-20260718-15:48:02-5193,attr,Florasat_Individual_Sats.terminal[35].dlk.mac,tsdStart_max,unit,s,
General-317-20260718-15:48:02-5193,param,Florasat_Individual_Sats.terminal[35].dlk.mac,Ndetect,,,4
General-317-20260718-15:48:02-5193,param,Florasat_Individual_Sats.terminal[35].dlk.mac,NsdSync,,,2
General-317-20260718-15:48:02-5193,param,Florasat_Individual_Sats.terminal[35].dlk.mac,tsyncIdle,,,60s
General-317-20260718-15:48:02-5193,attr,Florasat_Individual_Sats.terminal[35].dlk.mac,tsyncIdle,unit,s,
General-317-20260718-15:48:02-5193,param,Florasat_Individual_Sats.terminal[35].dlk.mac,tsdIdle,,,240s
General-317-20260718-15:48:02-5193,attr,Florasat_Individual_Sats.terminal[35].dlk.mac,tsdIdle,unit,s,
General-317-20260718-15:48:02-5193,param,Florasat_Individual_Sats.terminal[35].dlk.mac,satelliteDetectionProbability,,,0.9
General-317-20260718-15:48:02-5193,param,Florasat_Individual_Sats.terminal[35].dlk.mac,minimumElevation,,,5
General-317-20260718-15:48:02-5193,param,Florasat_Individual_Sats.terminal[35].dlk.mac,detectInitialListen,,,0.33s
General-317-20260718-15:48:02-5193,attr,Florasat_Individual_Sats.terminal[35].dlk.mac,detectInitialListen,unit,s,
General-317-20260718-15:48:02-5193,param,Florasat_Individual_Sats.terminal[35].dlk.mac,detectSuccessExtraMin,,,0.075s
General-317-20260718-15:48:02-5193,attr,Florasat_Individual_Sats.terminal[35].dlk.mac,detectSuccessExtraMin,unit,s,
General-317-20260718-15:48:02-5193,param,Florasat_Individual_Sats.terminal[35].dlk.mac,detectSuccessExtraMax,,,1.67s
General-317-20260718-15:48:02-5193,attr,Florasat_Individual_Sats.terminal[35].dlk.mac,detectSuccessExtraMax,unit,s,
General-317-20260718-15:48:02-5193,param,Florasat_Individual_Sats.terminal[35].dlk.mac,detectMissExtra,,,1.67s
General-317-20260718-15:48:02-5193,attr,Florasat_Individual_Sats.terminal[35].dlk.mac,detectMissExtra,unit,s,
General-317-20260718-15:48:02-5193,param,Florasat_Individual_Sats.terminal[35].dlk.mac,LoRaSF,,,12
General-317-20260718-15:48:02-5193,param,Florasat_Individual_Sats.terminal[35].dlk.mac,LoRaTP,,,14
General-317-20260718-15:48:02-5193,param,Florasat_Individual_Sats.terminal[35].dlk.mac,LoRaCF,,,8.68e+08
General-317-20260718-15:48:02-5193,param,Florasat_Individual_Sats.terminal[35].dlk.mac,LoRaBW,,,125000
General-317-20260718-15:48:02-5193,param,Florasat_Individual_Sats.terminal[35].dlk.mac,LoRaCR,,,1
General-317-20260718-15:48:02-5193,param,Florasat_Individual_Sats.terminal[35].dlk.mac,useMLBox,,,true
General-317-20260718-15:48:02-5193,param,Florasat_Individual_Sats.terminal[35].dlk.mac,useMLBoxBiLSTM,,,false
General-317-20260718-15:48:02-5193,param,Florasat_Individual_Sats.terminal[35].dlk.mac,useAnalytical,,,false
General-317-20260718-15:48:02-5193,param,Florasat_Individual_Sats.terminal[35].dlk,typename,,,"""Nodes._10_Terminal._20_Data_Link.Ter_Dlk"""
General-317-20260718-15:48:02-5193,param,Florasat_Individual_Sats.terminal[35].net.routing,typename,,,"""Global.Base._30_Network.Ter_Null_Routing"""
General-317-20260718-15:48:02-5193,param,Florasat_Individual_Sats.terminal[35].net,typename,,,"""Nodes._10_Terminal._30_Network.Ter_Net"""
General-317-20260718-15:48:02-5193,param,Florasat_Individual_Sats.terminal[35].net,layerName,,,"""Ter_Net"""
General-317-20260718-15:48:02-5193,attr,Florasat_Individual_Sats.terminal[35].net,layerName,optional,,
General-317-20260718-15:48:02-5193,param,Florasat_Individual_Sats.terminal[35].net,routingType,,,"""Ter_Null_Routing"""
General-317-20260718-15:48:02-5193,param,Florasat_Individual_Sats.terminal[35].app,typename,,,"""Nodes._10_Terminal._40_Application.Ter_App"""
General-317-20260718-15:48:02-5193,param,Florasat_Individual_Sats.terminal[35].app,layerName,,,"""TerminalApplicationLayer"""
General-317-20260718-15:48:02-5193,attr,Florasat_Individual_Sats.terminal[35].app,layerName,optional,,
General-317-20260718-15:48:02-5193,param,Florasat_Individual_Sats.terminal[35].app,numberOfPacketsToSend,,,0
General-317-20260718-15:48:02-5193,param,Florasat_Individual_Sats.terminal[35].app,timeToFirstPacket,,,1s
General-317-20260718-15:48:02-5193,attr,Florasat_Individual_Sats.terminal[35].app,timeToFirstPacket,unit,s,
General-317-20260718-15:48:02-5193,param,Florasat_Individual_Sats.terminal[35].app,timeToNextPacket,,,115s
General-317-20260718-15:48:02-5193,attr,Florasat_Individual_Sats.terminal[35].app,timeToNextPacket,unit,s,
General-317-20260718-15:48:02-5193,param,Florasat_Individual_Sats.terminal[35].app,timeToResponse,,,30s
General-317-20260718-15:48:02-5193,attr,Florasat_Individual_Sats.terminal[35].app,timeToResponse,unit,s,
General-317-20260718-15:48:02-5193,param,Florasat_Individual_Sats.terminal[35].app,timeToRetry,,,10s
General-317-20260718-15:48:02-5193,attr,Florasat_Individual_Sats.terminal[35].app,timeToRetry,unit,s,
General-317-20260718-15:48:02-5193,param,Florasat_Individual_Sats.terminal[35].app,ackTimeout,,,7s
General-317-20260718-15:48:02-5193,attr,Florasat_Individual_Sats.terminal[35].app,ackTimeout,unit,s,
General-317-20260718-15:48:02-5193,param,Florasat_Individual_Sats.terminal[35].app,timer,,,1s
General-317-20260718-15:48:02-5193,attr,Florasat_Individual_Sats.terminal[35].app,timer,unit,s,
General-317-20260718-15:48:02-5193,param,Florasat_Individual_Sats.terminal[35].app,initialLoRaTP,,,14dBm
General-317-20260718-15:48:02-5193,attr,Florasat_Individual_Sats.terminal[35].app,initialLoRaTP,unit,dBm,
General-317-20260718-15:48:02-5193,param,Florasat_Individual_Sats.terminal[35].app,initialLoRaCF,,,8.68e+08Hz
General-317-20260718-15:48:02-5193,attr,Florasat_Individual_Sats.terminal[35].app,initialLoRaCF,unit,Hz,
General-317-20260718-15:48:02-5193,param,Florasat_Individual_Sats.terminal[35].app,initialLoRaSF,,,12
General-317-20260718-15:48:02-5193,param,Florasat_Individual_Sats.terminal[35].app,initialLoRaBW,,,125000Hz
General-317-20260718-15:48:02-5193,attr,Florasat_Individual_Sats.terminal[35].app,initialLoRaBW,unit,Hz,
General-317-20260718-15:48:02-5193,param,Florasat_Individual_Sats.terminal[35].app,initialLoRaCR,,,4
General-317-20260718-15:48:02-5193,param,Florasat_Individual_Sats.terminal[35].app,initialUseHeader,,,true
General-317-20260718-15:48:02-5193,param,Florasat_Individual_Sats.terminal[35].app,initialPingSlot,,,1
General-317-20260718-15:48:02-5193,param,Florasat_Individual_Sats.terminal[35].app,InitClassA,,,true
General-317-20260718-15:48:02-5193,param,Florasat_Individual_Sats.terminal[35].app,InitClassB,,,false
General-317-20260718-15:48:02-5193,param,Florasat_Individual_Sats.terminal[35].app,evaluateADRinNode,,,false
General-317-20260718-15:48:02-5193,param,Florasat_Individual_Sats.terminal[35].app,payloadSize,,,10B
General-317-20260718-15:48:02-5193,attr,Florasat_Individual_Sats.terminal[35].app,payloadSize,unit,B,
General-317-20260718-15:48:02-5193,param,Florasat_Individual_Sats.terminal[35].app,usingAck,,,true
General-317-20260718-15:48:02-5193,param,Florasat_Individual_Sats.terminal[35].app,numGroundLinks,,,40
General-317-20260718-15:48:02-5193,param,Florasat_Individual_Sats.terminal[35].app,maxHops,,,50
General-317-20260718-15:48:02-5193,param,Florasat_Individual_Sats.terminal[35].app,nroMaxAttempts,,,0
General-317-20260718-15:48:02-5193,param,Florasat_Individual_Sats.terminal[35].eng,typename,,,"""Nodes._10_Terminal._50_Energy.Ter_Ene"""
General-317-20260718-15:48:02-5193,param,Florasat_Individual_Sats.terminal[35].mob,typename,,,"""Nodes._10_Terminal._60_Mobility.Ter_Mob"""
General-317-20260718-15:48:02-5193,param,Florasat_Individual_Sats.terminal[35].mob,subjectModule,,,"""^"""
General-317-20260718-15:48:02-5193,param,Florasat_Individual_Sats.terminal[35].mob,coordinateSystemModule,,,""""""
General-317-20260718-15:48:02-5193,param,Florasat_Individual_Sats.terminal[35].mob,displayStringTextFormat,,,"""p: %p\nv: %v"""
General-317-20260718-15:48:02-5193,attr,Florasat_Individual_Sats.terminal[35].mob,displayStringTextFormat,mutable,,
General-317-20260718-15:48:02-5193,param,Florasat_Individual_Sats.terminal[35].mob,updateDisplayString,,,true
General-317-20260718-15:48:02-5193,param,Florasat_Individual_Sats.terminal[35].mob,constraintAreaMinX,,,-inf m
General-317-20260718-15:48:02-5193,attr,Florasat_Individual_Sats.terminal[35].mob,constraintAreaMinX,unit,m,
General-317-20260718-15:48:02-5193,param,Florasat_Individual_Sats.terminal[35].mob,constraintAreaMinY,,,-inf m
General-317-20260718-15:48:02-5193,attr,Florasat_Individual_Sats.terminal[35].mob,constraintAreaMinY,unit,m,
General-317-20260718-15:48:02-5193,param,Florasat_Individual_Sats.terminal[35].mob,constraintAreaMinZ,,,-inf m
General-317-20260718-15:48:02-5193,attr,Florasat_Individual_Sats.terminal[35].mob,constraintAreaMinZ,unit,m,
General-317-20260718-15:48:02-5193,param,Florasat_Individual_Sats.terminal[35].mob,constraintAreaMaxX,,,inf m
General-317-20260718-15:48:02-5193,attr,Florasat_Individual_Sats.terminal[35].mob,constraintAreaMaxX,unit,m,
General-317-20260718-15:48:02-5193,param,Florasat_Individual_Sats.terminal[35].mob,constraintAreaMaxY,,,inf m
General-317-20260718-15:48:02-5193,attr,Florasat_Individual_Sats.terminal[35].mob,constraintAreaMaxY,unit,m,
General-317-20260718-15:48:02-5193,param,Florasat_Individual_Sats.terminal[35].mob,constraintAreaMaxZ,,,inf m
General-317-20260718-15:48:02-5193,attr,Florasat_Individual_Sats.terminal[35].mob,constraintAreaMaxZ,unit,m,
General-317-20260718-15:48:02-5193,param,Florasat_Individual_Sats.terminal[35].mob,initialX,,,nan m
General-317-20260718-15:48:02-5193,attr,Florasat_Individual_Sats.terminal[35].mob,initialX,unit,m,
General-317-20260718-15:48:02-5193,param,Florasat_Individual_Sats.terminal[35].mob,initialY,,,nan m
General-317-20260718-15:48:02-5193,attr,Florasat_Individual_Sats.terminal[35].mob,initialY,unit,m,
General-317-20260718-15:48:02-5193,param,Florasat_Individual_Sats.terminal[35].mob,initialZ,,,0m
General-317-20260718-15:48:02-5193,attr,Florasat_Individual_Sats.terminal[35].mob,initialZ,unit,m,
General-317-20260718-15:48:02-5193,param,Florasat_Individual_Sats.terminal[35].mob,initialLatitude,,,nan deg
General-317-20260718-15:48:02-5193,attr,Florasat_Individual_Sats.terminal[35].mob,initialLatitude,unit,deg,
General-317-20260718-15:48:02-5193,param,Florasat_Individual_Sats.terminal[35].mob,initialLongitude,,,nan deg
General-317-20260718-15:48:02-5193,attr,Florasat_Individual_Sats.terminal[35].mob,initialLongitude,unit,deg,
General-317-20260718-15:48:02-5193,param,Florasat_Individual_Sats.terminal[35].mob,initialAltitude,,,0m
General-317-20260718-15:48:02-5193,attr,Florasat_Individual_Sats.terminal[35].mob,initialAltitude,unit,m,
General-317-20260718-15:48:02-5193,param,Florasat_Individual_Sats.terminal[35].mob,initialHeading,,,0deg
General-317-20260718-15:48:02-5193,attr,Florasat_Individual_Sats.terminal[35].mob,initialHeading,unit,deg,
General-317-20260718-15:48:02-5193,param,Florasat_Individual_Sats.terminal[35].mob,initialElevation,,,0deg
General-317-20260718-15:48:02-5193,attr,Florasat_Individual_Sats.terminal[35].mob,initialElevation,unit,deg,
General-317-20260718-15:48:02-5193,param,Florasat_Individual_Sats.terminal[35].mob,initialBank,,,0deg
General-317-20260718-15:48:02-5193,attr,Florasat_Individual_Sats.terminal[35].mob,initialBank,unit,deg,
General-317-20260718-15:48:02-5193,param,Florasat_Individual_Sats.terminal[35].mob,initFromDisplayString,,,false
General-317-20260718-15:48:02-5193,param,Florasat_Individual_Sats.terminal[35].mob,updateFromDisplayString,,,false
General-317-20260718-15:48:02-5193,param,Florasat_Individual_Sats.terminal[35].mob,centerLatitude,,,44.837
General-317-20260718-15:48:02-5193,param,Florasat_Individual_Sats.terminal[35].mob,centerLongitude,,,-0.579
General-317-20260718-15:48:02-5193,param,Florasat_Individual_Sats.terminal[35].mob,deploymentRadius,,,200
General-317-20260718-15:48:02-5193,param,Florasat_Individual_Sats.terminal[35],typename,,,"""Nodes._10_Terminal.Terminal"""
General-317-20260718-15:48:02-5193,param,Florasat_Individual_Sats.terminal[35],layerName,,,"""Terminal"""
General-317-20260718-15:48:02-5193,attr,Florasat_Individual_Sats.terminal[35],layerName,optional,,
General-317-20260718-15:48:02-5193,param,Florasat_Individual_Sats.terminal[35],sendData,,,true
General-317-20260718-15:48:02-5193,attr,Florasat_Individual_Sats.terminal[35],sendData,mutable,,
General-317-20260718-15:48:02-5193,param,Florasat_Individual_Sats.terminal[35],dstGsOrDev,,,0
General-317-20260718-15:48:02-5193,param,Florasat_Individual_Sats.terminal[36].phy.radio.antenna,typename,,,"""inet.physicallayer.wireless.common.antenna.IsotropicAntenna"""
General-317-20260718-15:48:02-5193,param,Florasat_Individual_Sats.terminal[36].phy.radio.antenna,mobilityModule,,,"""^.^.^.mob"""
General-317-20260718-15:48:02-5193,param,Florasat_Individual_Sats.terminal[36].phy.radio.antenna,numAntennas,,,1
General-317-20260718-15:48:02-5193,param,Florasat_Individual_Sats.terminal[36].phy.radio.transmitter,typename,,,"""Global.Transceiver.LoRaTransmitter"""
General-317-20260718-15:48:02-5193,param,Florasat_Individual_Sats.terminal[36].phy.radio.transmitter,preambleDuration,,,0.001s
General-317-20260718-15:48:02-5193,attr,Florasat_Individual_Sats.terminal[36].phy.radio.transmitter,preambleDuration,unit,s,
General-317-20260718-15:48:02-5193,param,Florasat_Individual_Sats.terminal[36].phy.radio.transmitter,headerLength,,,40b
General-317-20260718-15:48:02-5193,attr,Florasat_Individual_Sats.terminal[36].phy.radio.transmitter,headerLength,unit,b,
General-317-20260718-15:48:02-5193,param,Florasat_Individual_Sats.terminal[36].phy.radio.transmitter,bitrate,,,250000bps
General-317-20260718-15:48:02-5193,attr,Florasat_Individual_Sats.terminal[36].phy.radio.transmitter,bitrate,unit,bps,
General-317-20260718-15:48:02-5193,param,Florasat_Individual_Sats.terminal[36].phy.radio.transmitter,power,,,0.025118W
General-317-20260718-15:48:02-5193,attr,Florasat_Individual_Sats.terminal[36].phy.radio.transmitter,power,unit,W,
General-317-20260718-15:48:02-5193,param,Florasat_Individual_Sats.terminal[36].phy.radio.transmitter,centerFrequency,,,8.68e+08Hz
General-317-20260718-15:48:02-5193,attr,Florasat_Individual_Sats.terminal[36].phy.radio.transmitter,centerFrequency,unit,Hz,
General-317-20260718-15:48:02-5193,param,Florasat_Individual_Sats.terminal[36].phy.radio.transmitter,bandwidth,,,250000Hz
General-317-20260718-15:48:02-5193,attr,Florasat_Individual_Sats.terminal[36].phy.radio.transmitter,bandwidth,unit,Hz,
General-317-20260718-15:48:02-5193,param,Florasat_Individual_Sats.terminal[36].phy.radio.transmitter,codeRate,,,1
General-317-20260718-15:48:02-5193,param,Florasat_Individual_Sats.terminal[36].phy.radio.transmitter,modulation,,,"""LoRaModulation"""
General-317-20260718-15:48:02-5193,param,Florasat_Individual_Sats.terminal[36].phy.radio.receiver,typename,,,"""Global.Transceiver.LoRaReceiver"""
General-317-20260718-15:48:02-5193,param,Florasat_Individual_Sats.terminal[36].phy.radio.receiver,energyDetection,,,-90dBm
General-317-20260718-15:48:02-5193,attr,Florasat_Individual_Sats.terminal[36].phy.radio.receiver,energyDetection,unit,dBm,
General-317-20260718-15:48:02-5193,param,Florasat_Individual_Sats.terminal[36].phy.radio.receiver,sensitivity,,,-137dBm
General-317-20260718-15:48:02-5193,attr,Florasat_Individual_Sats.terminal[36].phy.radio.receiver,sensitivity,unit,dBm,
General-317-20260718-15:48:02-5193,param,Florasat_Individual_Sats.terminal[36].phy.radio.receiver,snirThreshold,,,-8dB
General-317-20260718-15:48:02-5193,attr,Florasat_Individual_Sats.terminal[36].phy.radio.receiver,snirThreshold,unit,dB,
General-317-20260718-15:48:02-5193,param,Florasat_Individual_Sats.terminal[36].phy.radio.receiver,centerFrequency,,,8.68e+08Hz
General-317-20260718-15:48:02-5193,attr,Florasat_Individual_Sats.terminal[36].phy.radio.receiver,centerFrequency,unit,Hz,
General-317-20260718-15:48:02-5193,param,Florasat_Individual_Sats.terminal[36].phy.radio.receiver,bandwidth,,,250000Hz
General-317-20260718-15:48:02-5193,attr,Florasat_Individual_Sats.terminal[36].phy.radio.receiver,bandwidth,unit,Hz,
General-317-20260718-15:48:02-5193,param,Florasat_Individual_Sats.terminal[36].phy.radio.receiver,alohaChannelModel,,,false
General-317-20260718-15:48:02-5193,param,Florasat_Individual_Sats.terminal[36].phy.radio.receiver,errorModelType,,,""""""
General-317-20260718-15:48:02-5193,param,Florasat_Individual_Sats.terminal[36].phy.radio.receiver,ignoreInterference,,,false
General-317-20260718-15:48:02-5193,param,Florasat_Individual_Sats.terminal[36].phy.radio.receiver,enableCollisionOverlap,,,false
General-317-20260718-15:48:02-5193,param,Florasat_Individual_Sats.terminal[36].phy.radio.receiver,minCollisionOverlap,,,0s
General-317-20260718-15:48:02-5193,attr,Florasat_Individual_Sats.terminal[36].phy.radio.receiver,minCollisionOverlap,unit,s,
General-317-20260718-15:48:02-5193,param,Florasat_Individual_Sats.terminal[36].phy.radio.IdealEpEnergyStorage,typename,,,"""inet.power.storage.IdealEpEnergyStorage"""
General-317-20260718-15:48:02-5193,param,Florasat_Individual_Sats.terminal[36].phy.radio,typename,,,"""Nodes._10_Terminal._10_Physical.Ter_Phy_LoRaRadio"""
General-317-20260718-15:48:02-5193,param,Florasat_Individual_Sats.terminal[36].phy.radio,radioMediumModule,,,"""radioMedium"""
General-317-20260718-15:48:02-5193,param,Florasat_Individual_Sats.terminal[36].phy.radio,energySourceModule,,,""""""
General-317-20260718-15:48:02-5193,param,Florasat_Individual_Sats.terminal[36].phy.radio,initialRadioMode,,,"""off"""
General-317-20260718-15:48:02-5193,attr,Florasat_Individual_Sats.terminal[36].phy.radio,initialRadioMode,enum,"off,sleep,receiver,transmitter,transceiver",
General-317-20260718-15:48:02-5193,param,Florasat_Individual_Sats.terminal[36].phy.radio,switchingTimes,,,"""ms 0 0 0 0 0 0 0 0 0 0 0 0 0 0 0 0 0 0 0 0 0 0 0 0 0"""
General-317-20260718-15:48:02-5193,param,Florasat_Individual_Sats.terminal[36].phy.radio,sendRawBytes,,,false
General-317-20260718-15:48:02-5193,param,Florasat_Individual_Sats.terminal[36].phy.radio,separateTransmissionParts,,,false
General-317-20260718-15:48:02-5193,param,Florasat_Individual_Sats.terminal[36].phy.radio,separateReceptionParts,,,false
General-317-20260718-15:48:02-5193,param,Florasat_Individual_Sats.terminal[36].phy.radio,displayCommunicationRange,,,false
General-317-20260718-15:48:02-5193,param,Florasat_Individual_Sats.terminal[36].phy.radio,displayInterferenceRange,,,false
General-317-20260718-15:48:02-5193,param,Florasat_Individual_Sats.terminal[36].phy.radio,centerFrequency,,,8.68e+08Hz
General-317-20260718-15:48:02-5193,attr,Florasat_Individual_Sats.terminal[36].phy.radio,centerFrequency,unit,Hz,
General-317-20260718-15:48:02-5193,param,Florasat_Individual_Sats.terminal[36].phy.radio,bandwidth,,,250000Hz
General-317-20260718-15:48:02-5193,attr,Florasat_Individual_Sats.terminal[36].phy.radio,bandwidth,unit,Hz,
General-317-20260718-15:48:02-5193,param,Florasat_Individual_Sats.terminal[36].phy.radio,iAmGateway,,,false
General-317-20260718-15:48:02-5193,param,Florasat_Individual_Sats.terminal[36].phy,typename,,,"""Nodes._10_Terminal._10_Physical.Ter_Phy"""
General-317-20260718-15:48:02-5193,param,Florasat_Individual_Sats.terminal[36].phy,layerName,,,"""Ter_Phy"""
General-317-20260718-15:48:02-5193,attr,Florasat_Individual_Sats.terminal[36].phy,layerName,optional,,
General-317-20260718-15:48:02-5193,param,Florasat_Individual_Sats.terminal[36].dlk.mac.queue,typename,,,"""inet.queueing.queue.DropTailQueue"""
General-317-20260718-15:48:02-5193,param,Florasat_Individual_Sats.terminal[36].dlk.mac.queue,displayStringTextFormat,,,"""contains %p pk (%l) pushed %u\npulled %o removed %r dropped %d"""
General-317-20260718-15:48:02-5193,param,Florasat_Individual_Sats.terminal[36].dlk.mac.queue,packetCapacity,,,-1
General-317-20260718-15:48:02-5193,param,Florasat_Individual_Sats.terminal[36].dlk.mac.queue,dataCapacity,,,-1b
General-317-20260718-15:48:02-5193,attr,Florasat_Individual_Sats.terminal[36].dlk.mac.queue,dataCapacity,unit,b,
General-317-20260718-15:48:02-5193,param,Florasat_Individual_Sats.terminal[36].dlk.mac.queue,dropperClass,,,"""inet::queueing::PacketAtCollectionEndDropper"""
General-317-20260718-15:48:02-5193,param,Florasat_Individual_Sats.terminal[36].dlk.mac.queue,comparatorClass,,,""""""
General-317-20260718-15:48:02-5193,param,Florasat_Individual_Sats.terminal[36].dlk.mac.queue,bufferModule,,,""""""
General-317-20260718-15:48:02-5193,param,Florasat_Individual_Sats.terminal[36].dlk.mac.mlBox,typename,,,"""Nodes._10_Terminal._20_Data_Link.Transmission_Predictor.Transmission_Predictor"""
General-317-20260718-15:48:02-5193,param,Florasat_Individual_Sats.terminal[36].dlk.mac.mlBox,modelPath,,,"""/home/ylnner/Documents/omnet++/omnetpp-6.3.0/projects/florasat_v4_ult_routing/simulations/Test_Individual/mlmodels/transformer_scripted.pt"""
General-317-20260718-15:48:02-5193,param,Florasat_Individual_Sats.terminal[36].dlk.mac.mlBox,threshold,,,0.2
General-317-20260718-15:48:02-5193,param,Florasat_Individual_Sats.terminal[36].dlk.mac.mlBox,scalerPath,,,""""""
General-317-20260718-15:48:02-5193,param,Florasat_Individual_Sats.terminal[36].dlk.mac,typename,,,"""Nodes._10_Terminal._20_Data_Link.Ter_Dlk_KiWan"""
General-317-20260718-15:48:02-5193,param,Florasat_Individual_Sats.terminal[36].dlk.mac,interfaceTableModule,,,""""""
General-317-20260718-15:48:02-5193,param,Florasat_Individual_Sats.terminal[36].dlk.mac,radioModule,,,"""^.^.phy.radio"""
General-317-20260718-15:48:02-5193,param,Florasat_Individual_Sats.terminal[36].dlk.mac,address,,,"""0A-AA-00-00-00-25"""
General-317-20260718-15:48:02-5193,attr,Florasat_Individual_Sats.terminal[36].dlk.mac,address,mutable,,
General-317-20260718-15:48:02-5193,param,Florasat_Individual_Sats.terminal[36].dlk.mac,mtu,,,1500
General-317-20260718-15:48:02-5193,param,Florasat_Individual_Sats.terminal[36].dlk.mac,ttwDuration,,,100s
General-317-20260718-15:48:02-5193,attr,Florasat_Individual_Sats.terminal[36].dlk.mac,ttwDuration,unit,s,
General-317-20260718-15:48:02-5193,param,Florasat_Individual_Sats.terminal[36].dlk.mac,ttwIdle,,,0s
General-317-20260718-15:48:02-5193,attr,Florasat_Individual_Sats.terminal[36].dlk.mac,ttwIdle,unit,s,
General-317-20260718-15:48:02-5193,param,Florasat_Individual_Sats.terminal[36].dlk.mac,ttxStart_min,,,0s
General-317-20260718-15:48:02-5193,attr,Florasat_Individual_Sats.terminal[36].dlk.mac,ttxStart_min,unit,s,
General-317-20260718-15:48:02-5193,param,Florasat_Individual_Sats.terminal[36].dlk.mac,ttxStart_max,,,1s
General-317-20260718-15:48:02-5193,attr,Florasat_Individual_Sats.terminal[36].dlk.mac,ttxStart_max,unit,s,
General-317-20260718-15:48:02-5193,param,Florasat_Individual_Sats.terminal[36].dlk.mac,ttxIdle_min,,,10s
General-317-20260718-15:48:02-5193,attr,Florasat_Individual_Sats.terminal[36].dlk.mac,ttxIdle_min,unit,s,
General-317-20260718-15:48:02-5193,param,Florasat_Individual_Sats.terminal[36].dlk.mac,ttxIdle_max,,,15s
General-317-20260718-15:48:02-5193,attr,Florasat_Individual_Sats.terminal[36].dlk.mac,ttxIdle_max,unit,s,
General-317-20260718-15:48:02-5193,param,Florasat_Individual_Sats.terminal[36].dlk.mac,Ntw,,,1
General-317-20260718-15:48:02-5193,param,Florasat_Individual_Sats.terminal[36].dlk.mac,Ntx,,,5
General-317-20260718-15:48:02-5193,param,Florasat_Individual_Sats.terminal[36].dlk.mac,enableSatDetect,,,false
General-317-20260718-15:48:02-5193,param,Florasat_Individual_Sats.terminal[36].dlk.mac,tsdStart_min,,,0s
General-317-20260718-15:48:02-5193,attr,Florasat_Individual_Sats.terminal[36].dlk.mac,tsdStart_min,unit,s,
General-317-20260718-15:48:02-5193,param,Florasat_Individual_Sats.terminal[36].dlk.mac,tsdStart_max,,,60s
General-317-20260718-15:48:02-5193,attr,Florasat_Individual_Sats.terminal[36].dlk.mac,tsdStart_max,unit,s,
General-317-20260718-15:48:02-5193,param,Florasat_Individual_Sats.terminal[36].dlk.mac,Ndetect,,,4
General-317-20260718-15:48:02-5193,param,Florasat_Individual_Sats.terminal[36].dlk.mac,NsdSync,,,2
General-317-20260718-15:48:02-5193,param,Florasat_Individual_Sats.terminal[36].dlk.mac,tsyncIdle,,,60s
General-317-20260718-15:48:02-5193,attr,Florasat_Individual_Sats.terminal[36].dlk.mac,tsyncIdle,unit,s,
General-317-20260718-15:48:02-5193,param,Florasat_Individual_Sats.terminal[36].dlk.mac,tsdIdle,,,240s
General-317-20260718-15:48:02-5193,attr,Florasat_Individual_Sats.terminal[36].dlk.mac,tsdIdle,unit,s,
General-317-20260718-15:48:02-5193,param,Florasat_Individual_Sats.terminal[36].dlk.mac,satelliteDetectionProbability,,,0.9
General-317-20260718-15:48:02-5193,param,Florasat_Individual_Sats.terminal[36].dlk.mac,minimumElevation,,,5
General-317-20260718-15:48:02-5193,param,Florasat_Individual_Sats.terminal[36].dlk.mac,detectInitialListen,,,0.33s
General-317-20260718-15:48:02-5193,attr,Florasat_Individual_Sats.terminal[36].dlk.mac,detectInitialListen,unit,s,
General-317-20260718-15:48:02-5193,param,Florasat_Individual_Sats.terminal[36].dlk.mac,detectSuccessExtraMin,,,0.075s
General-317-20260718-15:48:02-5193,attr,Florasat_Individual_Sats.terminal[36].dlk.mac,detectSuccessExtraMin,unit,s,
General-317-20260718-15:48:02-5193,param,Florasat_Individual_Sats.terminal[36].dlk.mac,detectSuccessExtraMax,,,1.67s
General-317-20260718-15:48:02-5193,attr,Florasat_Individual_Sats.terminal[36].dlk.mac,detectSuccessExtraMax,unit,s,
General-317-20260718-15:48:02-5193,param,Florasat_Individual_Sats.terminal[36].dlk.mac,detectMissExtra,,,1.67s
General-317-20260718-15:48:02-5193,attr,Florasat_Individual_Sats.terminal[36].dlk.mac,detectMissExtra,unit,s,
General-317-20260718-15:48:02-5193,param,Florasat_Individual_Sats.terminal[36].dlk.mac,LoRaSF,,,12
General-317-20260718-15:48:02-5193,param,Florasat_Individual_Sats.terminal[36].dlk.mac,LoRaTP,,,13
General-317-20260718-15:48:02-5193,param,Florasat_Individual_Sats.terminal[36].dlk.mac,LoRaCF,,,8.68e+08
General-317-20260718-15:48:02-5193,param,Florasat_Individual_Sats.terminal[36].dlk.mac,LoRaBW,,,125000
General-317-20260718-15:48:02-5193,param,Florasat_Individual_Sats.terminal[36].dlk.mac,LoRaCR,,,1
General-317-20260718-15:48:02-5193,param,Florasat_Individual_Sats.terminal[36].dlk.mac,useMLBox,,,true
General-317-20260718-15:48:02-5193,param,Florasat_Individual_Sats.terminal[36].dlk.mac,useMLBoxBiLSTM,,,false
General-317-20260718-15:48:02-5193,param,Florasat_Individual_Sats.terminal[36].dlk.mac,useAnalytical,,,false
General-317-20260718-15:48:02-5193,param,Florasat_Individual_Sats.terminal[36].dlk,typename,,,"""Nodes._10_Terminal._20_Data_Link.Ter_Dlk"""
General-317-20260718-15:48:02-5193,param,Florasat_Individual_Sats.terminal[36].net.routing,typename,,,"""Global.Base._30_Network.Ter_Null_Routing"""
General-317-20260718-15:48:02-5193,param,Florasat_Individual_Sats.terminal[36].net,typename,,,"""Nodes._10_Terminal._30_Network.Ter_Net"""
General-317-20260718-15:48:02-5193,param,Florasat_Individual_Sats.terminal[36].net,layerName,,,"""Ter_Net"""
General-317-20260718-15:48:02-5193,attr,Florasat_Individual_Sats.terminal[36].net,layerName,optional,,
General-317-20260718-15:48:02-5193,param,Florasat_Individual_Sats.terminal[36].net,routingType,,,"""Ter_Null_Routing"""
General-317-20260718-15:48:02-5193,param,Florasat_Individual_Sats.terminal[36].app,typename,,,"""Nodes._10_Terminal._40_Application.Ter_App"""
General-317-20260718-15:48:02-5193,param,Florasat_Individual_Sats.terminal[36].app,layerName,,,"""TerminalApplicationLayer"""
General-317-20260718-15:48:02-5193,attr,Florasat_Individual_Sats.terminal[36].app,layerName,optional,,
General-317-20260718-15:48:02-5193,param,Florasat_Individual_Sats.terminal[36].app,numberOfPacketsToSend,,,0
General-317-20260718-15:48:02-5193,param,Florasat_Individual_Sats.terminal[36].app,timeToFirstPacket,,,1s
General-317-20260718-15:48:02-5193,attr,Florasat_Individual_Sats.terminal[36].app,timeToFirstPacket,unit,s,
General-317-20260718-15:48:02-5193,param,Florasat_Individual_Sats.terminal[36].app,timeToNextPacket,,,115s
General-317-20260718-15:48:02-5193,attr,Florasat_Individual_Sats.terminal[36].app,timeToNextPacket,unit,s,
General-317-20260718-15:48:02-5193,param,Florasat_Individual_Sats.terminal[36].app,timeToResponse,,,30s
General-317-20260718-15:48:02-5193,attr,Florasat_Individual_Sats.terminal[36].app,timeToResponse,unit,s,
General-317-20260718-15:48:02-5193,param,Florasat_Individual_Sats.terminal[36].app,timeToRetry,,,10s
General-317-20260718-15:48:02-5193,attr,Florasat_Individual_Sats.terminal[36].app,timeToRetry,unit,s,
General-317-20260718-15:48:02-5193,param,Florasat_Individual_Sats.terminal[36].app,ackTimeout,,,7s
General-317-20260718-15:48:02-5193,attr,Florasat_Individual_Sats.terminal[36].app,ackTimeout,unit,s,
General-317-20260718-15:48:02-5193,param,Florasat_Individual_Sats.terminal[36].app,timer,,,1s
General-317-20260718-15:48:02-5193,attr,Florasat_Individual_Sats.terminal[36].app,timer,unit,s,
General-317-20260718-15:48:02-5193,param,Florasat_Individual_Sats.terminal[36].app,initialLoRaTP,,,14dBm
General-317-20260718-15:48:02-5193,attr,Florasat_Individual_Sats.terminal[36].app,initialLoRaTP,unit,dBm,
General-317-20260718-15:48:02-5193,param,Florasat_Individual_Sats.terminal[36].app,initialLoRaCF,,,8.68e+08Hz
General-317-20260718-15:48:02-5193,attr,Florasat_Individual_Sats.terminal[36].app,initialLoRaCF,unit,Hz,
General-317-20260718-15:48:02-5193,param,Florasat_Individual_Sats.terminal[36].app,initialLoRaSF,,,12
General-317-20260718-15:48:02-5193,param,Florasat_Individual_Sats.terminal[36].app,initialLoRaBW,,,125000Hz
General-317-20260718-15:48:02-5193,attr,Florasat_Individual_Sats.terminal[36].app,initialLoRaBW,unit,Hz,
General-317-20260718-15:48:02-5193,param,Florasat_Individual_Sats.terminal[36].app,initialLoRaCR,,,4
General-317-20260718-15:48:02-5193,param,Florasat_Individual_Sats.terminal[36].app,initialUseHeader,,,true
General-317-20260718-15:48:02-5193,param,Florasat_Individual_Sats.terminal[36].app,initialPingSlot,,,1
General-317-20260718-15:48:02-5193,param,Florasat_Individual_Sats.terminal[36].app,InitClassA,,,true
General-317-20260718-15:48:02-5193,param,Florasat_Individual_Sats.terminal[36].app,InitClassB,,,false
General-317-20260718-15:48:02-5193,param,Florasat_Individual_Sats.terminal[36].app,evaluateADRinNode,,,false
General-317-20260718-15:48:02-5193,param,Florasat_Individual_Sats.terminal[36].app,payloadSize,,,10B
General-317-20260718-15:48:02-5193,attr,Florasat_Individual_Sats.terminal[36].app,payloadSize,unit,B,
General-317-20260718-15:48:02-5193,param,Florasat_Individual_Sats.terminal[36].app,usingAck,,,true
General-317-20260718-15:48:02-5193,param,Florasat_Individual_Sats.terminal[36].app,numGroundLinks,,,40
General-317-20260718-15:48:02-5193,param,Florasat_Individual_Sats.terminal[36].app,maxHops,,,50
General-317-20260718-15:48:02-5193,param,Florasat_Individual_Sats.terminal[36].app,nroMaxAttempts,,,0
General-317-20260718-15:48:02-5193,param,Florasat_Individual_Sats.terminal[36].eng,typename,,,"""Nodes._10_Terminal._50_Energy.Ter_Ene"""
General-317-20260718-15:48:02-5193,param,Florasat_Individual_Sats.terminal[36].mob,typename,,,"""Nodes._10_Terminal._60_Mobility.Ter_Mob"""
General-317-20260718-15:48:02-5193,param,Florasat_Individual_Sats.terminal[36].mob,subjectModule,,,"""^"""
General-317-20260718-15:48:02-5193,param,Florasat_Individual_Sats.terminal[36].mob,coordinateSystemModule,,,""""""
General-317-20260718-15:48:02-5193,param,Florasat_Individual_Sats.terminal[36].mob,displayStringTextFormat,,,"""p: %p\nv: %v"""
General-317-20260718-15:48:02-5193,attr,Florasat_Individual_Sats.terminal[36].mob,displayStringTextFormat,mutable,,
General-317-20260718-15:48:02-5193,param,Florasat_Individual_Sats.terminal[36].mob,updateDisplayString,,,true
General-317-20260718-15:48:02-5193,param,Florasat_Individual_Sats.terminal[36].mob,constraintAreaMinX,,,-inf m
General-317-20260718-15:48:02-5193,attr,Florasat_Individual_Sats.terminal[36].mob,constraintAreaMinX,unit,m,
General-317-20260718-15:48:02-5193,param,Florasat_Individual_Sats.terminal[36].mob,constraintAreaMinY,,,-inf m
General-317-20260718-15:48:02-5193,attr,Florasat_Individual_Sats.terminal[36].mob,constraintAreaMinY,unit,m,
General-317-20260718-15:48:02-5193,param,Florasat_Individual_Sats.terminal[36].mob,constraintAreaMinZ,,,-inf m
General-317-20260718-15:48:02-5193,attr,Florasat_Individual_Sats.terminal[36].mob,constraintAreaMinZ,unit,m,
General-317-20260718-15:48:02-5193,param,Florasat_Individual_Sats.terminal[36].mob,constraintAreaMaxX,,,inf m
General-317-20260718-15:48:02-5193,attr,Florasat_Individual_Sats.terminal[36].mob,constraintAreaMaxX,unit,m,
General-317-20260718-15:48:02-5193,param,Florasat_Individual_Sats.terminal[36].mob,constraintAreaMaxY,,,inf m
General-317-20260718-15:48:02-5193,attr,Florasat_Individual_Sats.terminal[36].mob,constraintAreaMaxY,unit,m,
General-317-20260718-15:48:02-5193,param,Florasat_Individual_Sats.terminal[36].mob,constraintAreaMaxZ,,,inf m
General-317-20260718-15:48:02-5193,attr,Florasat_Individual_Sats.terminal[36].mob,constraintAreaMaxZ,unit,m,
General-317-20260718-15:48:02-5193,param,Florasat_Individual_Sats.terminal[36].mob,initialX,,,nan m
General-317-20260718-15:48:02-5193,attr,Florasat_Individual_Sats.terminal[36].mob,initialX,unit,m,
General-317-20260718-15:48:02-5193,param,Florasat_Individual_Sats.terminal[36].mob,initialY,,,nan m
General-317-20260718-15:48:02-5193,attr,Florasat_Individual_Sats.terminal[36].mob,initialY,unit,m,
General-317-20260718-15:48:02-5193,param,Florasat_Individual_Sats.terminal[36].mob,initialZ,,,0m
General-317-20260718-15:48:02-5193,attr,Florasat_Individual_Sats.terminal[36].mob,initialZ,unit,m,
General-317-20260718-15:48:02-5193,param,Florasat_Individual_Sats.terminal[36].mob,initialLatitude,,,nan deg
General-317-20260718-15:48:02-5193,attr,Florasat_Individual_Sats.terminal[36].mob,initialLatitude,unit,deg,
General-317-20260718-15:48:02-5193,param,Florasat_Individual_Sats.terminal[36].mob,initialLongitude,,,nan deg
General-317-20260718-15:48:02-5193,attr,Florasat_Individual_Sats.terminal[36].mob,initialLongitude,unit,deg,
General-317-20260718-15:48:02-5193,param,Florasat_Individual_Sats.terminal[36].mob,initialAltitude,,,0m
General-317-20260718-15:48:02-5193,attr,Florasat_Individual_Sats.terminal[36].mob,initialAltitude,unit,m,
General-317-20260718-15:48:02-5193,param,Florasat_Individual_Sats.terminal[36].mob,initialHeading,,,0deg
General-317-20260718-15:48:02-5193,attr,Florasat_Individual_Sats.terminal[36].mob,initialHeading,unit,deg,
General-317-20260718-15:48:02-5193,param,Florasat_Individual_Sats.terminal[36].mob,initialElevation,,,0deg
General-317-20260718-15:48:02-5193,attr,Florasat_Individual_Sats.terminal[36].mob,initialElevation,unit,deg,
General-317-20260718-15:48:02-5193,param,Florasat_Individual_Sats.terminal[36].mob,initialBank,,,0deg
General-317-20260718-15:48:02-5193,attr,Florasat_Individual_Sats.terminal[36].mob,initialBank,unit,deg,
General-317-20260718-15:48:02-5193,param,Florasat_Individual_Sats.terminal[36].mob,initFromDisplayString,,,false
General-317-20260718-15:48:02-5193,param,Florasat_Individual_Sats.terminal[36].mob,updateFromDisplayString,,,false
General-317-20260718-15:48:02-5193,param,Florasat_Individual_Sats.terminal[36].mob,centerLatitude,,,41.385
General-317-20260718-15:48:02-5193,param,Florasat_Individual_Sats.terminal[36].mob,centerLongitude,,,2.173
General-317-20260718-15:48:02-5193,param,Florasat_Individual_Sats.terminal[36].mob,deploymentRadius,,,200
General-317-20260718-15:48:02-5193,param,Florasat_Individual_Sats.terminal[36],typename,,,"""Nodes._10_Terminal.Terminal"""
General-317-20260718-15:48:02-5193,param,Florasat_Individual_Sats.terminal[36],layerName,,,"""Terminal"""
General-317-20260718-15:48:02-5193,attr,Florasat_Individual_Sats.terminal[36],layerName,optional,,
General-317-20260718-15:48:02-5193,param,Florasat_Individual_Sats.terminal[36],sendData,,,true
General-317-20260718-15:48:02-5193,attr,Florasat_Individual_Sats.terminal[36],sendData,mutable,,
General-317-20260718-15:48:02-5193,param,Florasat_Individual_Sats.terminal[36],dstGsOrDev,,,0
General-317-20260718-15:48:02-5193,param,Florasat_Individual_Sats.terminal[37].phy.radio.antenna,typename,,,"""inet.physicallayer.wireless.common.antenna.IsotropicAntenna"""
General-317-20260718-15:48:02-5193,param,Florasat_Individual_Sats.terminal[37].phy.radio.antenna,mobilityModule,,,"""^.^.^.mob"""
General-317-20260718-15:48:02-5193,param,Florasat_Individual_Sats.terminal[37].phy.radio.antenna,numAntennas,,,1
General-317-20260718-15:48:02-5193,param,Florasat_Individual_Sats.terminal[37].phy.radio.transmitter,typename,,,"""Global.Transceiver.LoRaTransmitter"""
General-317-20260718-15:48:02-5193,param,Florasat_Individual_Sats.terminal[37].phy.radio.transmitter,preambleDuration,,,0.001s
General-317-20260718-15:48:02-5193,attr,Florasat_Individual_Sats.terminal[37].phy.radio.transmitter,preambleDuration,unit,s,
General-317-20260718-15:48:02-5193,param,Florasat_Individual_Sats.terminal[37].phy.radio.transmitter,headerLength,,,40b
General-317-20260718-15:48:02-5193,attr,Florasat_Individual_Sats.terminal[37].phy.radio.transmitter,headerLength,unit,b,
General-317-20260718-15:48:02-5193,param,Florasat_Individual_Sats.terminal[37].phy.radio.transmitter,bitrate,,,250000bps
General-317-20260718-15:48:02-5193,attr,Florasat_Individual_Sats.terminal[37].phy.radio.transmitter,bitrate,unit,bps,
General-317-20260718-15:48:02-5193,param,Florasat_Individual_Sats.terminal[37].phy.radio.transmitter,power,,,0.025118W
General-317-20260718-15:48:02-5193,attr,Florasat_Individual_Sats.terminal[37].phy.radio.transmitter,power,unit,W,
General-317-20260718-15:48:02-5193,param,Florasat_Individual_Sats.terminal[37].phy.radio.transmitter,centerFrequency,,,8.68e+08Hz
General-317-20260718-15:48:02-5193,attr,Florasat_Individual_Sats.terminal[37].phy.radio.transmitter,centerFrequency,unit,Hz,
General-317-20260718-15:48:02-5193,param,Florasat_Individual_Sats.terminal[37].phy.radio.transmitter,bandwidth,,,250000Hz
General-317-20260718-15:48:02-5193,attr,Florasat_Individual_Sats.terminal[37].phy.radio.transmitter,bandwidth,unit,Hz,
General-317-20260718-15:48:02-5193,param,Florasat_Individual_Sats.terminal[37].phy.radio.transmitter,codeRate,,,1
General-317-20260718-15:48:02-5193,param,Florasat_Individual_Sats.terminal[37].phy.radio.transmitter,modulation,,,"""LoRaModulation"""
General-317-20260718-15:48:02-5193,param,Florasat_Individual_Sats.terminal[37].phy.radio.receiver,typename,,,"""Global.Transceiver.LoRaReceiver"""
General-317-20260718-15:48:02-5193,param,Florasat_Individual_Sats.terminal[37].phy.radio.receiver,energyDetection,,,-90dBm
General-317-20260718-15:48:02-5193,attr,Florasat_Individual_Sats.terminal[37].phy.radio.receiver,energyDetection,unit,dBm,
General-317-20260718-15:48:02-5193,param,Florasat_Individual_Sats.terminal[37].phy.radio.receiver,sensitivity,,,-137dBm
General-317-20260718-15:48:02-5193,attr,Florasat_Individual_Sats.terminal[37].phy.radio.receiver,sensitivity,unit,dBm,
General-317-20260718-15:48:02-5193,param,Florasat_Individual_Sats.terminal[37].phy.radio.receiver,snirThreshold,,,-8dB
General-317-20260718-15:48:02-5193,attr,Florasat_Individual_Sats.terminal[37].phy.radio.receiver,snirThreshold,unit,dB,
General-317-20260718-15:48:02-5193,param,Florasat_Individual_Sats.terminal[37].phy.radio.receiver,centerFrequency,,,8.68e+08Hz
General-317-20260718-15:48:02-5193,attr,Florasat_Individual_Sats.terminal[37].phy.radio.receiver,centerFrequency,unit,Hz,
General-317-20260718-15:48:02-5193,param,Florasat_Individual_Sats.terminal[37].phy.radio.receiver,bandwidth,,,250000Hz
General-317-20260718-15:48:02-5193,attr,Florasat_Individual_Sats.terminal[37].phy.radio.receiver,bandwidth,unit,Hz,
General-317-20260718-15:48:02-5193,param,Florasat_Individual_Sats.terminal[37].phy.radio.receiver,alohaChannelModel,,,false
General-317-20260718-15:48:02-5193,param,Florasat_Individual_Sats.terminal[37].phy.radio.receiver,errorModelType,,,""""""
General-317-20260718-15:48:02-5193,param,Florasat_Individual_Sats.terminal[37].phy.radio.receiver,ignoreInterference,,,false
General-317-20260718-15:48:02-5193,param,Florasat_Individual_Sats.terminal[37].phy.radio.receiver,enableCollisionOverlap,,,false
General-317-20260718-15:48:02-5193,param,Florasat_Individual_Sats.terminal[37].phy.radio.receiver,minCollisionOverlap,,,0s
General-317-20260718-15:48:02-5193,attr,Florasat_Individual_Sats.terminal[37].phy.radio.receiver,minCollisionOverlap,unit,s,
General-317-20260718-15:48:02-5193,param,Florasat_Individual_Sats.terminal[37].phy.radio.IdealEpEnergyStorage,typename,,,"""inet.power.storage.IdealEpEnergyStorage"""
General-317-20260718-15:48:02-5193,param,Florasat_Individual_Sats.terminal[37].phy.radio,typename,,,"""Nodes._10_Terminal._10_Physical.Ter_Phy_LoRaRadio"""
General-317-20260718-15:48:02-5193,param,Florasat_Individual_Sats.terminal[37].phy.radio,radioMediumModule,,,"""radioMedium"""
General-317-20260718-15:48:02-5193,param,Florasat_Individual_Sats.terminal[37].phy.radio,energySourceModule,,,""""""
General-317-20260718-15:48:02-5193,param,Florasat_Individual_Sats.terminal[37].phy.radio,initialRadioMode,,,"""off"""
General-317-20260718-15:48:02-5193,attr,Florasat_Individual_Sats.terminal[37].phy.radio,initialRadioMode,enum,"off,sleep,receiver,transmitter,transceiver",
General-317-20260718-15:48:02-5193,param,Florasat_Individual_Sats.terminal[37].phy.radio,switchingTimes,,,"""ms 0 0 0 0 0 0 0 0 0 0 0 0 0 0 0 0 0 0 0 0 0 0 0 0 0"""
General-317-20260718-15:48:02-5193,param,Florasat_Individual_Sats.terminal[37].phy.radio,sendRawBytes,,,false
General-317-20260718-15:48:02-5193,param,Florasat_Individual_Sats.terminal[37].phy.radio,separateTransmissionParts,,,false
General-317-20260718-15:48:02-5193,param,Florasat_Individual_Sats.terminal[37].phy.radio,separateReceptionParts,,,false
General-317-20260718-15:48:02-5193,param,Florasat_Individual_Sats.terminal[37].phy.radio,displayCommunicationRange,,,false
General-317-20260718-15:48:02-5193,param,Florasat_Individual_Sats.terminal[37].phy.radio,displayInterferenceRange,,,false
General-317-20260718-15:48:02-5193,param,Florasat_Individual_Sats.terminal[37].phy.radio,centerFrequency,,,8.68e+08Hz
General-317-20260718-15:48:02-5193,attr,Florasat_Individual_Sats.terminal[37].phy.radio,centerFrequency,unit,Hz,
General-317-20260718-15:48:02-5193,param,Florasat_Individual_Sats.terminal[37].phy.radio,bandwidth,,,250000Hz
General-317-20260718-15:48:02-5193,attr,Florasat_Individual_Sats.terminal[37].phy.radio,bandwidth,unit,Hz,
General-317-20260718-15:48:02-5193,param,Florasat_Individual_Sats.terminal[37].phy.radio,iAmGateway,,,false
General-317-20260718-15:48:02-5193,param,Florasat_Individual_Sats.terminal[37].phy,typename,,,"""Nodes._10_Terminal._10_Physical.Ter_Phy"""
General-317-20260718-15:48:02-5193,param,Florasat_Individual_Sats.terminal[37].phy,layerName,,,"""Ter_Phy"""
General-317-20260718-15:48:02-5193,attr,Florasat_Individual_Sats.terminal[37].phy,layerName,optional,,
General-317-20260718-15:48:02-5193,param,Florasat_Individual_Sats.terminal[37].dlk.mac.queue,typename,,,"""inet.queueing.queue.DropTailQueue"""
General-317-20260718-15:48:02-5193,param,Florasat_Individual_Sats.terminal[37].dlk.mac.queue,displayStringTextFormat,,,"""contains %p pk (%l) pushed %u\npulled %o removed %r dropped %d"""
General-317-20260718-15:48:02-5193,param,Florasat_Individual_Sats.terminal[37].dlk.mac.queue,packetCapacity,,,-1
General-317-20260718-15:48:02-5193,param,Florasat_Individual_Sats.terminal[37].dlk.mac.queue,dataCapacity,,,-1b
General-317-20260718-15:48:02-5193,attr,Florasat_Individual_Sats.terminal[37].dlk.mac.queue,dataCapacity,unit,b,
General-317-20260718-15:48:02-5193,param,Florasat_Individual_Sats.terminal[37].dlk.mac.queue,dropperClass,,,"""inet::queueing::PacketAtCollectionEndDropper"""
General-317-20260718-15:48:02-5193,param,Florasat_Individual_Sats.terminal[37].dlk.mac.queue,comparatorClass,,,""""""
General-317-20260718-15:48:02-5193,param,Florasat_Individual_Sats.terminal[37].dlk.mac.queue,bufferModule,,,""""""
General-317-20260718-15:48:02-5193,param,Florasat_Individual_Sats.terminal[37].dlk.mac.mlBox,typename,,,"""Nodes._10_Terminal._20_Data_Link.Transmission_Predictor.Transmission_Predictor"""
General-317-20260718-15:48:02-5193,param,Florasat_Individual_Sats.terminal[37].dlk.mac.mlBox,modelPath,,,"""/home/ylnner/Documents/omnet++/omnetpp-6.3.0/projects/florasat_v4_ult_routing/simulations/Test_Individual/mlmodels/transformer_scripted.pt"""
General-317-20260718-15:48:02-5193,param,Florasat_Individual_Sats.terminal[37].dlk.mac.mlBox,threshold,,,0.2
General-317-20260718-15:48:02-5193,param,Florasat_Individual_Sats.terminal[37].dlk.mac.mlBox,scalerPath,,,""""""
General-317-20260718-15:48:02-5193,param,Florasat_Individual_Sats.terminal[37].dlk.mac,typename,,,"""Nodes._10_Terminal._20_Data_Link.Ter_Dlk_KiWan"""
General-317-20260718-15:48:02-5193,param,Florasat_Individual_Sats.terminal[37].dlk.mac,interfaceTableModule,,,""""""
General-317-20260718-15:48:02-5193,param,Florasat_Individual_Sats.terminal[37].dlk.mac,radioModule,,,"""^.^.phy.radio"""
General-317-20260718-15:48:02-5193,param,Florasat_Individual_Sats.terminal[37].dlk.mac,address,,,"""0A-AA-00-00-00-26"""
General-317-20260718-15:48:02-5193,attr,Florasat_Individual_Sats.terminal[37].dlk.mac,address,mutable,,
General-317-20260718-15:48:02-5193,param,Florasat_Individual_Sats.terminal[37].dlk.mac,mtu,,,1500
General-317-20260718-15:48:02-5193,param,Florasat_Individual_Sats.terminal[37].dlk.mac,ttwDuration,,,100s
General-317-20260718-15:48:02-5193,attr,Florasat_Individual_Sats.terminal[37].dlk.mac,ttwDuration,unit,s,
General-317-20260718-15:48:02-5193,param,Florasat_Individual_Sats.terminal[37].dlk.mac,ttwIdle,,,0s
General-317-20260718-15:48:02-5193,attr,Florasat_Individual_Sats.terminal[37].dlk.mac,ttwIdle,unit,s,
General-317-20260718-15:48:02-5193,param,Florasat_Individual_Sats.terminal[37].dlk.mac,ttxStart_min,,,0s
General-317-20260718-15:48:02-5193,attr,Florasat_Individual_Sats.terminal[37].dlk.mac,ttxStart_min,unit,s,
General-317-20260718-15:48:02-5193,param,Florasat_Individual_Sats.terminal[37].dlk.mac,ttxStart_max,,,1s
General-317-20260718-15:48:02-5193,attr,Florasat_Individual_Sats.terminal[37].dlk.mac,ttxStart_max,unit,s,
General-317-20260718-15:48:02-5193,param,Florasat_Individual_Sats.terminal[37].dlk.mac,ttxIdle_min,,,10s
General-317-20260718-15:48:02-5193,attr,Florasat_Individual_Sats.terminal[37].dlk.mac,ttxIdle_min,unit,s,
General-317-20260718-15:48:02-5193,param,Florasat_Individual_Sats.terminal[37].dlk.mac,ttxIdle_max,,,15s
General-317-20260718-15:48:02-5193,attr,Florasat_Individual_Sats.terminal[37].dlk.mac,ttxIdle_max,unit,s,
General-317-20260718-15:48:02-5193,param,Florasat_Individual_Sats.terminal[37].dlk.mac,Ntw,,,1
General-317-20260718-15:48:02-5193,param,Florasat_Individual_Sats.terminal[37].dlk.mac,Ntx,,,5
General-317-20260718-15:48:02-5193,param,Florasat_Individual_Sats.terminal[37].dlk.mac,enableSatDetect,,,false
General-317-20260718-15:48:02-5193,param,Florasat_Individual_Sats.terminal[37].dlk.mac,tsdStart_min,,,0s
General-317-20260718-15:48:02-5193,attr,Florasat_Individual_Sats.terminal[37].dlk.mac,tsdStart_min,unit,s,
General-317-20260718-15:48:02-5193,param,Florasat_Individual_Sats.terminal[37].dlk.mac,tsdStart_max,,,60s
General-317-20260718-15:48:02-5193,attr,Florasat_Individual_Sats.terminal[37].dlk.mac,tsdStart_max,unit,s,
General-317-20260718-15:48:02-5193,param,Florasat_Individual_Sats.terminal[37].dlk.mac,Ndetect,,,4
General-317-20260718-15:48:02-5193,param,Florasat_Individual_Sats.terminal[37].dlk.mac,NsdSync,,,2
General-317-20260718-15:48:02-5193,param,Florasat_Individual_Sats.terminal[37].dlk.mac,tsyncIdle,,,60s
General-317-20260718-15:48:02-5193,attr,Florasat_Individual_Sats.terminal[37].dlk.mac,tsyncIdle,unit,s,
General-317-20260718-15:48:02-5193,param,Florasat_Individual_Sats.terminal[37].dlk.mac,tsdIdle,,,240s
General-317-20260718-15:48:02-5193,attr,Florasat_Individual_Sats.terminal[37].dlk.mac,tsdIdle,unit,s,
General-317-20260718-15:48:02-5193,param,Florasat_Individual_Sats.terminal[37].dlk.mac,satelliteDetectionProbability,,,0.9
General-317-20260718-15:48:02-5193,param,Florasat_Individual_Sats.terminal[37].dlk.mac,minimumElevation,,,5
General-317-20260718-15:48:02-5193,param,Florasat_Individual_Sats.terminal[37].dlk.mac,detectInitialListen,,,0.33s
General-317-20260718-15:48:02-5193,attr,Florasat_Individual_Sats.terminal[37].dlk.mac,detectInitialListen,unit,s,
General-317-20260718-15:48:02-5193,param,Florasat_Individual_Sats.terminal[37].dlk.mac,detectSuccessExtraMin,,,0.075s
General-317-20260718-15:48:02-5193,attr,Florasat_Individual_Sats.terminal[37].dlk.mac,detectSuccessExtraMin,unit,s,
General-317-20260718-15:48:02-5193,param,Florasat_Individual_Sats.terminal[37].dlk.mac,detectSuccessExtraMax,,,1.67s
General-317-20260718-15:48:02-5193,attr,Florasat_Individual_Sats.terminal[37].dlk.mac,detectSuccessExtraMax,unit,s,
General-317-20260718-15:48:02-5193,param,Florasat_Individual_Sats.terminal[37].dlk.mac,detectMissExtra,,,1.67s
General-317-20260718-15:48:02-5193,attr,Florasat_Individual_Sats.terminal[37].dlk.mac,detectMissExtra,unit,s,
General-317-20260718-15:48:02-5193,param,Florasat_Individual_Sats.terminal[37].dlk.mac,LoRaSF,,,12
General-317-20260718-15:48:02-5193,param,Florasat_Individual_Sats.terminal[37].dlk.mac,LoRaTP,,,14
General-317-20260718-15:48:02-5193,param,Florasat_Individual_Sats.terminal[37].dlk.mac,LoRaCF,,,8.68e+08
General-317-20260718-15:48:02-5193,param,Florasat_Individual_Sats.terminal[37].dlk.mac,LoRaBW,,,125000
General-317-20260718-15:48:02-5193,param,Florasat_Individual_Sats.terminal[37].dlk.mac,LoRaCR,,,1
General-317-20260718-15:48:02-5193,param,Florasat_Individual_Sats.terminal[37].dlk.mac,useMLBox,,,true
General-317-20260718-15:48:02-5193,param,Florasat_Individual_Sats.terminal[37].dlk.mac,useMLBoxBiLSTM,,,false
General-317-20260718-15:48:02-5193,param,Florasat_Individual_Sats.terminal[37].dlk.mac,useAnalytical,,,false
General-317-20260718-15:48:02-5193,param,Florasat_Individual_Sats.terminal[37].dlk,typename,,,"""Nodes._10_Terminal._20_Data_Link.Ter_Dlk"""
General-317-20260718-15:48:02-5193,param,Florasat_Individual_Sats.terminal[37].net.routing,typename,,,"""Global.Base._30_Network.Ter_Null_Routing"""
General-317-20260718-15:48:02-5193,param,Florasat_Individual_Sats.terminal[37].net,typename,,,"""Nodes._10_Terminal._30_Network.Ter_Net"""
General-317-20260718-15:48:02-5193,param,Florasat_Individual_Sats.terminal[37].net,layerName,,,"""Ter_Net"""
General-317-20260718-15:48:02-5193,attr,Florasat_Individual_Sats.terminal[37].net,layerName,optional,,
General-317-20260718-15:48:02-5193,param,Florasat_Individual_Sats.terminal[37].net,routingType,,,"""Ter_Null_Routing"""
General-317-20260718-15:48:02-5193,param,Florasat_Individual_Sats.terminal[37].app,typename,,,"""Nodes._10_Terminal._40_Application.Ter_App"""
General-317-20260718-15:48:02-5193,param,Florasat_Individual_Sats.terminal[37].app,layerName,,,"""TerminalApplicationLayer"""
General-317-20260718-15:48:02-5193,attr,Florasat_Individual_Sats.terminal[37].app,layerName,optional,,
General-317-20260718-15:48:02-5193,param,Florasat_Individual_Sats.terminal[37].app,numberOfPacketsToSend,,,0
General-317-20260718-15:48:02-5193,param,Florasat_Individual_Sats.terminal[37].app,timeToFirstPacket,,,1s
General-317-20260718-15:48:02-5193,attr,Florasat_Individual_Sats.terminal[37].app,timeToFirstPacket,unit,s,
General-317-20260718-15:48:02-5193,param,Florasat_Individual_Sats.terminal[37].app,timeToNextPacket,,,115s
General-317-20260718-15:48:02-5193,attr,Florasat_Individual_Sats.terminal[37].app,timeToNextPacket,unit,s,
General-317-20260718-15:48:02-5193,param,Florasat_Individual_Sats.terminal[37].app,timeToResponse,,,30s
General-317-20260718-15:48:02-5193,attr,Florasat_Individual_Sats.terminal[37].app,timeToResponse,unit,s,
General-317-20260718-15:48:02-5193,param,Florasat_Individual_Sats.terminal[37].app,timeToRetry,,,10s
General-317-20260718-15:48:02-5193,attr,Florasat_Individual_Sats.terminal[37].app,timeToRetry,unit,s,
General-317-20260718-15:48:02-5193,param,Florasat_Individual_Sats.terminal[37].app,ackTimeout,,,7s
General-317-20260718-15:48:02-5193,attr,Florasat_Individual_Sats.terminal[37].app,ackTimeout,unit,s,
General-317-20260718-15:48:02-5193,param,Florasat_Individual_Sats.terminal[37].app,timer,,,1s
General-317-20260718-15:48:02-5193,attr,Florasat_Individual_Sats.terminal[37].app,timer,unit,s,
General-317-20260718-15:48:02-5193,param,Florasat_Individual_Sats.terminal[37].app,initialLoRaTP,,,14dBm
General-317-20260718-15:48:02-5193,attr,Florasat_Individual_Sats.terminal[37].app,initialLoRaTP,unit,dBm,
General-317-20260718-15:48:02-5193,param,Florasat_Individual_Sats.terminal[37].app,initialLoRaCF,,,8.68e+08Hz
General-317-20260718-15:48:02-5193,attr,Florasat_Individual_Sats.terminal[37].app,initialLoRaCF,unit,Hz,
General-317-20260718-15:48:02-5193,param,Florasat_Individual_Sats.terminal[37].app,initialLoRaSF,,,12
General-317-20260718-15:48:02-5193,param,Florasat_Individual_Sats.terminal[37].app,initialLoRaBW,,,125000Hz
General-317-20260718-15:48:02-5193,attr,Florasat_Individual_Sats.terminal[37].app,initialLoRaBW,unit,Hz,
General-317-20260718-15:48:02-5193,param,Florasat_Individual_Sats.terminal[37].app,initialLoRaCR,,,4
General-317-20260718-15:48:02-5193,param,Florasat_Individual_Sats.terminal[37].app,initialUseHeader,,,true
General-317-20260718-15:48:02-5193,param,Florasat_Individual_Sats.terminal[37].app,initialPingSlot,,,1
General-317-20260718-15:48:02-5193,param,Florasat_Individual_Sats.terminal[37].app,InitClassA,,,true
General-317-20260718-15:48:02-5193,param,Florasat_Individual_Sats.terminal[37].app,InitClassB,,,false
General-317-20260718-15:48:02-5193,param,Florasat_Individual_Sats.terminal[37].app,evaluateADRinNode,,,false
General-317-20260718-15:48:02-5193,param,Florasat_Individual_Sats.terminal[37].app,payloadSize,,,10B
General-317-20260718-15:48:02-5193,attr,Florasat_Individual_Sats.terminal[37].app,payloadSize,unit,B,
General-317-20260718-15:48:02-5193,param,Florasat_Individual_Sats.terminal[37].app,usingAck,,,true
General-317-20260718-15:48:02-5193,param,Florasat_Individual_Sats.terminal[37].app,numGroundLinks,,,40
General-317-20260718-15:48:02-5193,param,Florasat_Individual_Sats.terminal[37].app,maxHops,,,50
General-317-20260718-15:48:02-5193,param,Florasat_Individual_Sats.terminal[37].app,nroMaxAttempts,,,0
General-317-20260718-15:48:02-5193,param,Florasat_Individual_Sats.terminal[37].eng,typename,,,"""Nodes._10_Terminal._50_Energy.Ter_Ene"""
General-317-20260718-15:48:02-5193,param,Florasat_Individual_Sats.terminal[37].mob,typename,,,"""Nodes._10_Terminal._60_Mobility.Ter_Mob"""
General-317-20260718-15:48:02-5193,param,Florasat_Individual_Sats.terminal[37].mob,subjectModule,,,"""^"""
General-317-20260718-15:48:02-5193,param,Florasat_Individual_Sats.terminal[37].mob,coordinateSystemModule,,,""""""
General-317-20260718-15:48:02-5193,param,Florasat_Individual_Sats.terminal[37].mob,displayStringTextFormat,,,"""p: %p\nv: %v"""
General-317-20260718-15:48:02-5193,attr,Florasat_Individual_Sats.terminal[37].mob,displayStringTextFormat,mutable,,
General-317-20260718-15:48:02-5193,param,Florasat_Individual_Sats.terminal[37].mob,updateDisplayString,,,true
General-317-20260718-15:48:02-5193,param,Florasat_Individual_Sats.terminal[37].mob,constraintAreaMinX,,,-inf m
General-317-20260718-15:48:02-5193,attr,Florasat_Individual_Sats.terminal[37].mob,constraintAreaMinX,unit,m,
General-317-20260718-15:48:02-5193,param,Florasat_Individual_Sats.terminal[37].mob,constraintAreaMinY,,,-inf m
General-317-20260718-15:48:02-5193,attr,Florasat_Individual_Sats.terminal[37].mob,constraintAreaMinY,unit,m,
General-317-20260718-15:48:02-5193,param,Florasat_Individual_Sats.terminal[37].mob,constraintAreaMinZ,,,-inf m
General-317-20260718-15:48:02-5193,attr,Florasat_Individual_Sats.terminal[37].mob,constraintAreaMinZ,unit,m,
General-317-20260718-15:48:02-5193,param,Florasat_Individual_Sats.terminal[37].mob,constraintAreaMaxX,,,inf m
General-317-20260718-15:48:02-5193,attr,Florasat_Individual_Sats.terminal[37].mob,constraintAreaMaxX,unit,m,
General-317-20260718-15:48:02-5193,param,Florasat_Individual_Sats.terminal[37].mob,constraintAreaMaxY,,,inf m
General-317-20260718-15:48:02-5193,attr,Florasat_Individual_Sats.terminal[37].mob,constraintAreaMaxY,unit,m,
General-317-20260718-15:48:02-5193,param,Florasat_Individual_Sats.terminal[37].mob,constraintAreaMaxZ,,,inf m
General-317-20260718-15:48:02-5193,attr,Florasat_Individual_Sats.terminal[37].mob,constraintAreaMaxZ,unit,m,
General-317-20260718-15:48:02-5193,param,Florasat_Individual_Sats.terminal[37].mob,initialX,,,nan m
General-317-20260718-15:48:02-5193,attr,Florasat_Individual_Sats.terminal[37].mob,initialX,unit,m,
General-317-20260718-15:48:02-5193,param,Florasat_Individual_Sats.terminal[37].mob,initialY,,,nan m
General-317-20260718-15:48:02-5193,attr,Florasat_Individual_Sats.terminal[37].mob,initialY,unit,m,
General-317-20260718-15:48:02-5193,param,Florasat_Individual_Sats.terminal[37].mob,initialZ,,,0m
General-317-20260718-15:48:02-5193,attr,Florasat_Individual_Sats.terminal[37].mob,initialZ,unit,m,
General-317-20260718-15:48:02-5193,param,Florasat_Individual_Sats.terminal[37].mob,initialLatitude,,,nan deg
General-317-20260718-15:48:02-5193,attr,Florasat_Individual_Sats.terminal[37].mob,initialLatitude,unit,deg,
General-317-20260718-15:48:02-5193,param,Florasat_Individual_Sats.terminal[37].mob,initialLongitude,,,nan deg
General-317-20260718-15:48:02-5193,attr,Florasat_Individual_Sats.terminal[37].mob,initialLongitude,unit,deg,
General-317-20260718-15:48:02-5193,param,Florasat_Individual_Sats.terminal[37].mob,initialAltitude,,,0m
General-317-20260718-15:48:02-5193,attr,Florasat_Individual_Sats.terminal[37].mob,initialAltitude,unit,m,
General-317-20260718-15:48:02-5193,param,Florasat_Individual_Sats.terminal[37].mob,initialHeading,,,0deg
General-317-20260718-15:48:02-5193,attr,Florasat_Individual_Sats.terminal[37].mob,initialHeading,unit,deg,
General-317-20260718-15:48:02-5193,param,Florasat_Individual_Sats.terminal[37].mob,initialElevation,,,0deg
General-317-20260718-15:48:02-5193,attr,Florasat_Individual_Sats.terminal[37].mob,initialElevation,unit,deg,
General-317-20260718-15:48:02-5193,param,Florasat_Individual_Sats.terminal[37].mob,initialBank,,,0deg
General-317-20260718-15:48:02-5193,attr,Florasat_Individual_Sats.terminal[37].mob,initialBank,unit,deg,
General-317-20260718-15:48:02-5193,param,Florasat_Individual_Sats.terminal[37].mob,initFromDisplayString,,,false
General-317-20260718-15:48:02-5193,param,Florasat_Individual_Sats.terminal[37].mob,updateFromDisplayString,,,false
General-317-20260718-15:48:02-5193,param,Florasat_Individual_Sats.terminal[37].mob,centerLatitude,,,41.157
General-317-20260718-15:48:02-5193,param,Florasat_Individual_Sats.terminal[37].mob,centerLongitude,,,-8.629
General-317-20260718-15:48:02-5193,param,Florasat_Individual_Sats.terminal[37].mob,deploymentRadius,,,200
General-317-20260718-15:48:02-5193,param,Florasat_Individual_Sats.terminal[37],typename,,,"""Nodes._10_Terminal.Terminal"""
General-317-20260718-15:48:02-5193,param,Florasat_Individual_Sats.terminal[37],layerName,,,"""Terminal"""
General-317-20260718-15:48:02-5193,attr,Florasat_Individual_Sats.terminal[37],layerName,optional,,
General-317-20260718-15:48:02-5193,param,Florasat_Individual_Sats.terminal[37],sendData,,,true
General-317-20260718-15:48:02-5193,attr,Florasat_Individual_Sats.terminal[37],sendData,mutable,,
General-317-20260718-15:48:02-5193,param,Florasat_Individual_Sats.terminal[37],dstGsOrDev,,,0
General-317-20260718-15:48:02-5193,param,Florasat_Individual_Sats.terminal[38].phy.radio.antenna,typename,,,"""inet.physicallayer.wireless.common.antenna.IsotropicAntenna"""
General-317-20260718-15:48:02-5193,param,Florasat_Individual_Sats.terminal[38].phy.radio.antenna,mobilityModule,,,"""^.^.^.mob"""
General-317-20260718-15:48:02-5193,param,Florasat_Individual_Sats.terminal[38].phy.radio.antenna,numAntennas,,,1
General-317-20260718-15:48:02-5193,param,Florasat_Individual_Sats.terminal[38].phy.radio.transmitter,typename,,,"""Global.Transceiver.LoRaTransmitter"""
General-317-20260718-15:48:02-5193,param,Florasat_Individual_Sats.terminal[38].phy.radio.transmitter,preambleDuration,,,0.001s
General-317-20260718-15:48:02-5193,attr,Florasat_Individual_Sats.terminal[38].phy.radio.transmitter,preambleDuration,unit,s,
General-317-20260718-15:48:02-5193,param,Florasat_Individual_Sats.terminal[38].phy.radio.transmitter,headerLength,,,40b
General-317-20260718-15:48:02-5193,attr,Florasat_Individual_Sats.terminal[38].phy.radio.transmitter,headerLength,unit,b,
General-317-20260718-15:48:02-5193,param,Florasat_Individual_Sats.terminal[38].phy.radio.transmitter,bitrate,,,250000bps
General-317-20260718-15:48:02-5193,attr,Florasat_Individual_Sats.terminal[38].phy.radio.transmitter,bitrate,unit,bps,
General-317-20260718-15:48:02-5193,param,Florasat_Individual_Sats.terminal[38].phy.radio.transmitter,power,,,0.025118W
General-317-20260718-15:48:02-5193,attr,Florasat_Individual_Sats.terminal[38].phy.radio.transmitter,power,unit,W,
General-317-20260718-15:48:02-5193,param,Florasat_Individual_Sats.terminal[38].phy.radio.transmitter,centerFrequency,,,8.68e+08Hz
General-317-20260718-15:48:02-5193,attr,Florasat_Individual_Sats.terminal[38].phy.radio.transmitter,centerFrequency,unit,Hz,
General-317-20260718-15:48:02-5193,param,Florasat_Individual_Sats.terminal[38].phy.radio.transmitter,bandwidth,,,250000Hz
General-317-20260718-15:48:02-5193,attr,Florasat_Individual_Sats.terminal[38].phy.radio.transmitter,bandwidth,unit,Hz,
General-317-20260718-15:48:02-5193,param,Florasat_Individual_Sats.terminal[38].phy.radio.transmitter,codeRate,,,1
General-317-20260718-15:48:02-5193,param,Florasat_Individual_Sats.terminal[38].phy.radio.transmitter,modulation,,,"""LoRaModulation"""
General-317-20260718-15:48:02-5193,param,Florasat_Individual_Sats.terminal[38].phy.radio.receiver,typename,,,"""Global.Transceiver.LoRaReceiver"""
General-317-20260718-15:48:02-5193,param,Florasat_Individual_Sats.terminal[38].phy.radio.receiver,energyDetection,,,-90dBm
General-317-20260718-15:48:02-5193,attr,Florasat_Individual_Sats.terminal[38].phy.radio.receiver,energyDetection,unit,dBm,
General-317-20260718-15:48:02-5193,param,Florasat_Individual_Sats.terminal[38].phy.radio.receiver,sensitivity,,,-137dBm
General-317-20260718-15:48:02-5193,attr,Florasat_Individual_Sats.terminal[38].phy.radio.receiver,sensitivity,unit,dBm,
General-317-20260718-15:48:02-5193,param,Florasat_Individual_Sats.terminal[38].phy.radio.receiver,snirThreshold,,,-8dB
General-317-20260718-15:48:02-5193,attr,Florasat_Individual_Sats.terminal[38].phy.radio.receiver,snirThreshold,unit,dB,
General-317-20260718-15:48:02-5193,param,Florasat_Individual_Sats.terminal[38].phy.radio.receiver,centerFrequency,,,8.68e+08Hz
General-317-20260718-15:48:02-5193,attr,Florasat_Individual_Sats.terminal[38].phy.radio.receiver,centerFrequency,unit,Hz,
General-317-20260718-15:48:02-5193,param,Florasat_Individual_Sats.terminal[38].phy.radio.receiver,bandwidth,,,250000Hz
General-317-20260718-15:48:02-5193,attr,Florasat_Individual_Sats.terminal[38].phy.radio.receiver,bandwidth,unit,Hz,
General-317-20260718-15:48:02-5193,param,Florasat_Individual_Sats.terminal[38].phy.radio.receiver,alohaChannelModel,,,false
General-317-20260718-15:48:02-5193,param,Florasat_Individual_Sats.terminal[38].phy.radio.receiver,errorModelType,,,""""""
General-317-20260718-15:48:02-5193,param,Florasat_Individual_Sats.terminal[38].phy.radio.receiver,ignoreInterference,,,false
General-317-20260718-15:48:02-5193,param,Florasat_Individual_Sats.terminal[38].phy.radio.receiver,enableCollisionOverlap,,,false
General-317-20260718-15:48:02-5193,param,Florasat_Individual_Sats.terminal[38].phy.radio.receiver,minCollisionOverlap,,,0s
General-317-20260718-15:48:02-5193,attr,Florasat_Individual_Sats.terminal[38].phy.radio.receiver,minCollisionOverlap,unit,s,
General-317-20260718-15:48:02-5193,param,Florasat_Individual_Sats.terminal[38].phy.radio.IdealEpEnergyStorage,typename,,,"""inet.power.storage.IdealEpEnergyStorage"""
General-317-20260718-15:48:02-5193,param,Florasat_Individual_Sats.terminal[38].phy.radio,typename,,,"""Nodes._10_Terminal._10_Physical.Ter_Phy_LoRaRadio"""
General-317-20260718-15:48:02-5193,param,Florasat_Individual_Sats.terminal[38].phy.radio,radioMediumModule,,,"""radioMedium"""
General-317-20260718-15:48:02-5193,param,Florasat_Individual_Sats.terminal[38].phy.radio,energySourceModule,,,""""""
General-317-20260718-15:48:02-5193,param,Florasat_Individual_Sats.terminal[38].phy.radio,initialRadioMode,,,"""off"""
General-317-20260718-15:48:02-5193,attr,Florasat_Individual_Sats.terminal[38].phy.radio,initialRadioMode,enum,"off,sleep,receiver,transmitter,transceiver",
General-317-20260718-15:48:02-5193,param,Florasat_Individual_Sats.terminal[38].phy.radio,switchingTimes,,,"""ms 0 0 0 0 0 0 0 0 0 0 0 0 0 0 0 0 0 0 0 0 0 0 0 0 0"""
General-317-20260718-15:48:02-5193,param,Florasat_Individual_Sats.terminal[38].phy.radio,sendRawBytes,,,false
General-317-20260718-15:48:02-5193,param,Florasat_Individual_Sats.terminal[38].phy.radio,separateTransmissionParts,,,false
General-317-20260718-15:48:02-5193,param,Florasat_Individual_Sats.terminal[38].phy.radio,separateReceptionParts,,,false
General-317-20260718-15:48:02-5193,param,Florasat_Individual_Sats.terminal[38].phy.radio,displayCommunicationRange,,,false
General-317-20260718-15:48:02-5193,param,Florasat_Individual_Sats.terminal[38].phy.radio,displayInterferenceRange,,,false
General-317-20260718-15:48:02-5193,param,Florasat_Individual_Sats.terminal[38].phy.radio,centerFrequency,,,8.68e+08Hz
General-317-20260718-15:48:02-5193,attr,Florasat_Individual_Sats.terminal[38].phy.radio,centerFrequency,unit,Hz,
General-317-20260718-15:48:02-5193,param,Florasat_Individual_Sats.terminal[38].phy.radio,bandwidth,,,250000Hz
General-317-20260718-15:48:02-5193,attr,Florasat_Individual_Sats.terminal[38].phy.radio,bandwidth,unit,Hz,
General-317-20260718-15:48:02-5193,param,Florasat_Individual_Sats.terminal[38].phy.radio,iAmGateway,,,false
General-317-20260718-15:48:02-5193,param,Florasat_Individual_Sats.terminal[38].phy,typename,,,"""Nodes._10_Terminal._10_Physical.Ter_Phy"""
General-317-20260718-15:48:02-5193,param,Florasat_Individual_Sats.terminal[38].phy,layerName,,,"""Ter_Phy"""
General-317-20260718-15:48:02-5193,attr,Florasat_Individual_Sats.terminal[38].phy,layerName,optional,,
General-317-20260718-15:48:02-5193,param,Florasat_Individual_Sats.terminal[38].dlk.mac.queue,typename,,,"""inet.queueing.queue.DropTailQueue"""
General-317-20260718-15:48:02-5193,param,Florasat_Individual_Sats.terminal[38].dlk.mac.queue,displayStringTextFormat,,,"""contains %p pk (%l) pushed %u\npulled %o removed %r dropped %d"""
General-317-20260718-15:48:02-5193,param,Florasat_Individual_Sats.terminal[38].dlk.mac.queue,packetCapacity,,,-1
General-317-20260718-15:48:02-5193,param,Florasat_Individual_Sats.terminal[38].dlk.mac.queue,dataCapacity,,,-1b
General-317-20260718-15:48:02-5193,attr,Florasat_Individual_Sats.terminal[38].dlk.mac.queue,dataCapacity,unit,b,
General-317-20260718-15:48:02-5193,param,Florasat_Individual_Sats.terminal[38].dlk.mac.queue,dropperClass,,,"""inet::queueing::PacketAtCollectionEndDropper"""
General-317-20260718-15:48:02-5193,param,Florasat_Individual_Sats.terminal[38].dlk.mac.queue,comparatorClass,,,""""""
General-317-20260718-15:48:02-5193,param,Florasat_Individual_Sats.terminal[38].dlk.mac.queue,bufferModule,,,""""""
General-317-20260718-15:48:02-5193,param,Florasat_Individual_Sats.terminal[38].dlk.mac.mlBox,typename,,,"""Nodes._10_Terminal._20_Data_Link.Transmission_Predictor.Transmission_Predictor"""
General-317-20260718-15:48:02-5193,param,Florasat_Individual_Sats.terminal[38].dlk.mac.mlBox,modelPath,,,"""/home/ylnner/Documents/omnet++/omnetpp-6.3.0/projects/florasat_v4_ult_routing/simulations/Test_Individual/mlmodels/transformer_scripted.pt"""
General-317-20260718-15:48:02-5193,param,Florasat_Individual_Sats.terminal[38].dlk.mac.mlBox,threshold,,,0.2
General-317-20260718-15:48:02-5193,param,Florasat_Individual_Sats.terminal[38].dlk.mac.mlBox,scalerPath,,,""""""
General-317-20260718-15:48:02-5193,param,Florasat_Individual_Sats.terminal[38].dlk.mac,typename,,,"""Nodes._10_Terminal._20_Data_Link.Ter_Dlk_KiWan"""
General-317-20260718-15:48:02-5193,param,Florasat_Individual_Sats.terminal[38].dlk.mac,interfaceTableModule,,,""""""
General-317-20260718-15:48:02-5193,param,Florasat_Individual_Sats.terminal[38].dlk.mac,radioModule,,,"""^.^.phy.radio"""
General-317-20260718-15:48:02-5193,param,Florasat_Individual_Sats.terminal[38].dlk.mac,address,,,"""0A-AA-00-00-00-27"""
General-317-20260718-15:48:02-5193,attr,Florasat_Individual_Sats.terminal[38].dlk.mac,address,mutable,,
General-317-20260718-15:48:02-5193,param,Florasat_Individual_Sats.terminal[38].dlk.mac,mtu,,,1500
General-317-20260718-15:48:02-5193,param,Florasat_Individual_Sats.terminal[38].dlk.mac,ttwDuration,,,100s
General-317-20260718-15:48:02-5193,attr,Florasat_Individual_Sats.terminal[38].dlk.mac,ttwDuration,unit,s,
General-317-20260718-15:48:02-5193,param,Florasat_Individual_Sats.terminal[38].dlk.mac,ttwIdle,,,0s
General-317-20260718-15:48:02-5193,attr,Florasat_Individual_Sats.terminal[38].dlk.mac,ttwIdle,unit,s,
General-317-20260718-15:48:02-5193,param,Florasat_Individual_Sats.terminal[38].dlk.mac,ttxStart_min,,,0s
General-317-20260718-15:48:02-5193,attr,Florasat_Individual_Sats.terminal[38].dlk.mac,ttxStart_min,unit,s,
General-317-20260718-15:48:02-5193,param,Florasat_Individual_Sats.terminal[38].dlk.mac,ttxStart_max,,,1s
General-317-20260718-15:48:02-5193,attr,Florasat_Individual_Sats.terminal[38].dlk.mac,ttxStart_max,unit,s,
General-317-20260718-15:48:02-5193,param,Florasat_Individual_Sats.terminal[38].dlk.mac,ttxIdle_min,,,10s
General-317-20260718-15:48:02-5193,attr,Florasat_Individual_Sats.terminal[38].dlk.mac,ttxIdle_min,unit,s,
General-317-20260718-15:48:02-5193,param,Florasat_Individual_Sats.terminal[38].dlk.mac,ttxIdle_max,,,15s
General-317-20260718-15:48:02-5193,attr,Florasat_Individual_Sats.terminal[38].dlk.mac,ttxIdle_max,unit,s,
General-317-20260718-15:48:02-5193,param,Florasat_Individual_Sats.terminal[38].dlk.mac,Ntw,,,1
General-317-20260718-15:48:02-5193,param,Florasat_Individual_Sats.terminal[38].dlk.mac,Ntx,,,5
General-317-20260718-15:48:02-5193,param,Florasat_Individual_Sats.terminal[38].dlk.mac,enableSatDetect,,,false
General-317-20260718-15:48:02-5193,param,Florasat_Individual_Sats.terminal[38].dlk.mac,tsdStart_min,,,0s
General-317-20260718-15:48:02-5193,attr,Florasat_Individual_Sats.terminal[38].dlk.mac,tsdStart_min,unit,s,
General-317-20260718-15:48:02-5193,param,Florasat_Individual_Sats.terminal[38].dlk.mac,tsdStart_max,,,60s
General-317-20260718-15:48:02-5193,attr,Florasat_Individual_Sats.terminal[38].dlk.mac,tsdStart_max,unit,s,
General-317-20260718-15:48:02-5193,param,Florasat_Individual_Sats.terminal[38].dlk.mac,Ndetect,,,4
General-317-20260718-15:48:02-5193,param,Florasat_Individual_Sats.terminal[38].dlk.mac,NsdSync,,,2
General-317-20260718-15:48:02-5193,param,Florasat_Individual_Sats.terminal[38].dlk.mac,tsyncIdle,,,60s
General-317-20260718-15:48:02-5193,attr,Florasat_Individual_Sats.terminal[38].dlk.mac,tsyncIdle,unit,s,
General-317-20260718-15:48:02-5193,param,Florasat_Individual_Sats.terminal[38].dlk.mac,tsdIdle,,,240s
General-317-20260718-15:48:02-5193,attr,Florasat_Individual_Sats.terminal[38].dlk.mac,tsdIdle,unit,s,
General-317-20260718-15:48:02-5193,param,Florasat_Individual_Sats.terminal[38].dlk.mac,satelliteDetectionProbability,,,0.9
General-317-20260718-15:48:02-5193,param,Florasat_Individual_Sats.terminal[38].dlk.mac,minimumElevation,,,5
General-317-20260718-15:48:02-5193,param,Florasat_Individual_Sats.terminal[38].dlk.mac,detectInitialListen,,,0.33s
General-317-20260718-15:48:02-5193,attr,Florasat_Individual_Sats.terminal[38].dlk.mac,detectInitialListen,unit,s,
General-317-20260718-15:48:02-5193,param,Florasat_Individual_Sats.terminal[38].dlk.mac,detectSuccessExtraMin,,,0.075s
General-317-20260718-15:48:02-5193,attr,Florasat_Individual_Sats.terminal[38].dlk.mac,detectSuccessExtraMin,unit,s,
General-317-20260718-15:48:02-5193,param,Florasat_Individual_Sats.terminal[38].dlk.mac,detectSuccessExtraMax,,,1.67s
General-317-20260718-15:48:02-5193,attr,Florasat_Individual_Sats.terminal[38].dlk.mac,detectSuccessExtraMax,unit,s,
General-317-20260718-15:48:02-5193,param,Florasat_Individual_Sats.terminal[38].dlk.mac,detectMissExtra,,,1.67s
General-317-20260718-15:48:02-5193,attr,Florasat_Individual_Sats.terminal[38].dlk.mac,detectMissExtra,unit,s,
General-317-20260718-15:48:02-5193,param,Florasat_Individual_Sats.terminal[38].dlk.mac,LoRaSF,,,11
General-317-20260718-15:48:02-5193,param,Florasat_Individual_Sats.terminal[38].dlk.mac,LoRaTP,,,14
General-317-20260718-15:48:02-5193,param,Florasat_Individual_Sats.terminal[38].dlk.mac,LoRaCF,,,8.68e+08
General-317-20260718-15:48:02-5193,param,Florasat_Individual_Sats.terminal[38].dlk.mac,LoRaBW,,,125000
General-317-20260718-15:48:02-5193,param,Florasat_Individual_Sats.terminal[38].dlk.mac,LoRaCR,,,1
General-317-20260718-15:48:02-5193,param,Florasat_Individual_Sats.terminal[38].dlk.mac,useMLBox,,,true
General-317-20260718-15:48:02-5193,param,Florasat_Individual_Sats.terminal[38].dlk.mac,useMLBoxBiLSTM,,,false
General-317-20260718-15:48:02-5193,param,Florasat_Individual_Sats.terminal[38].dlk.mac,useAnalytical,,,false
General-317-20260718-15:48:02-5193,param,Florasat_Individual_Sats.terminal[38].dlk,typename,,,"""Nodes._10_Terminal._20_Data_Link.Ter_Dlk"""
General-317-20260718-15:48:02-5193,param,Florasat_Individual_Sats.terminal[38].net.routing,typename,,,"""Global.Base._30_Network.Ter_Null_Routing"""
General-317-20260718-15:48:02-5193,param,Florasat_Individual_Sats.terminal[38].net,typename,,,"""Nodes._10_Terminal._30_Network.Ter_Net"""
General-317-20260718-15:48:02-5193,param,Florasat_Individual_Sats.terminal[38].net,layerName,,,"""Ter_Net"""
General-317-20260718-15:48:02-5193,attr,Florasat_Individual_Sats.terminal[38].net,layerName,optional,,
General-317-20260718-15:48:02-5193,param,Florasat_Individual_Sats.terminal[38].net,routingType,,,"""Ter_Null_Routing"""
General-317-20260718-15:48:02-5193,param,Florasat_Individual_Sats.terminal[38].app,typename,,,"""Nodes._10_Terminal._40_Application.Ter_App"""
General-317-20260718-15:48:02-5193,param,Florasat_Individual_Sats.terminal[38].app,layerName,,,"""TerminalApplicationLayer"""
General-317-20260718-15:48:02-5193,attr,Florasat_Individual_Sats.terminal[38].app,layerName,optional,,
General-317-20260718-15:48:02-5193,param,Florasat_Individual_Sats.terminal[38].app,numberOfPacketsToSend,,,0
General-317-20260718-15:48:02-5193,param,Florasat_Individual_Sats.terminal[38].app,timeToFirstPacket,,,1s
General-317-20260718-15:48:02-5193,attr,Florasat_Individual_Sats.terminal[38].app,timeToFirstPacket,unit,s,
General-317-20260718-15:48:02-5193,param,Florasat_Individual_Sats.terminal[38].app,timeToNextPacket,,,115s
General-317-20260718-15:48:02-5193,attr,Florasat_Individual_Sats.terminal[38].app,timeToNextPacket,unit,s,
General-317-20260718-15:48:02-5193,param,Florasat_Individual_Sats.terminal[38].app,timeToResponse,,,30s
General-317-20260718-15:48:02-5193,attr,Florasat_Individual_Sats.terminal[38].app,timeToResponse,unit,s,
General-317-20260718-15:48:02-5193,param,Florasat_Individual_Sats.terminal[38].app,timeToRetry,,,10s
General-317-20260718-15:48:02-5193,attr,Florasat_Individual_Sats.terminal[38].app,timeToRetry,unit,s,
General-317-20260718-15:48:02-5193,param,Florasat_Individual_Sats.terminal[38].app,ackTimeout,,,7s
General-317-20260718-15:48:02-5193,attr,Florasat_Individual_Sats.terminal[38].app,ackTimeout,unit,s,
General-317-20260718-15:48:02-5193,param,Florasat_Individual_Sats.terminal[38].app,timer,,,1s
General-317-20260718-15:48:02-5193,attr,Florasat_Individual_Sats.terminal[38].app,timer,unit,s,
General-317-20260718-15:48:02-5193,param,Florasat_Individual_Sats.terminal[38].app,initialLoRaTP,,,14dBm
General-317-20260718-15:48:02-5193,attr,Florasat_Individual_Sats.terminal[38].app,initialLoRaTP,unit,dBm,
General-317-20260718-15:48:02-5193,param,Florasat_Individual_Sats.terminal[38].app,initialLoRaCF,,,8.68e+08Hz
General-317-20260718-15:48:02-5193,attr,Florasat_Individual_Sats.terminal[38].app,initialLoRaCF,unit,Hz,
General-317-20260718-15:48:02-5193,param,Florasat_Individual_Sats.terminal[38].app,initialLoRaSF,,,12
General-317-20260718-15:48:02-5193,param,Florasat_Individual_Sats.terminal[38].app,initialLoRaBW,,,125000Hz
General-317-20260718-15:48:02-5193,attr,Florasat_Individual_Sats.terminal[38].app,initialLoRaBW,unit,Hz,
General-317-20260718-15:48:02-5193,param,Florasat_Individual_Sats.terminal[38].app,initialLoRaCR,,,4
General-317-20260718-15:48:02-5193,param,Florasat_Individual_Sats.terminal[38].app,initialUseHeader,,,true
General-317-20260718-15:48:02-5193,param,Florasat_Individual_Sats.terminal[38].app,initialPingSlot,,,1
General-317-20260718-15:48:02-5193,param,Florasat_Individual_Sats.terminal[38].app,InitClassA,,,true
General-317-20260718-15:48:02-5193,param,Florasat_Individual_Sats.terminal[38].app,InitClassB,,,false
General-317-20260718-15:48:02-5193,param,Florasat_Individual_Sats.terminal[38].app,evaluateADRinNode,,,false
General-317-20260718-15:48:02-5193,param,Florasat_Individual_Sats.terminal[38].app,payloadSize,,,10B
General-317-20260718-15:48:02-5193,attr,Florasat_Individual_Sats.terminal[38].app,payloadSize,unit,B,
General-317-20260718-15:48:02-5193,param,Florasat_Individual_Sats.terminal[38].app,usingAck,,,true
General-317-20260718-15:48:02-5193,param,Florasat_Individual_Sats.terminal[38].app,numGroundLinks,,,40
General-317-20260718-15:48:02-5193,param,Florasat_Individual_Sats.terminal[38].app,maxHops,,,50
General-317-20260718-15:48:02-5193,param,Florasat_Individual_Sats.terminal[38].app,nroMaxAttempts,,,0
General-317-20260718-15:48:02-5193,param,Florasat_Individual_Sats.terminal[38].eng,typename,,,"""Nodes._10_Terminal._50_Energy.Ter_Ene"""
General-317-20260718-15:48:02-5193,param,Florasat_Individual_Sats.terminal[38].mob,typename,,,"""Nodes._10_Terminal._60_Mobility.Ter_Mob"""
General-317-20260718-15:48:02-5193,param,Florasat_Individual_Sats.terminal[38].mob,subjectModule,,,"""^"""
General-317-20260718-15:48:02-5193,param,Florasat_Individual_Sats.terminal[38].mob,coordinateSystemModule,,,""""""
General-317-20260718-15:48:02-5193,param,Florasat_Individual_Sats.terminal[38].mob,displayStringTextFormat,,,"""p: %p\nv: %v"""
General-317-20260718-15:48:02-5193,attr,Florasat_Individual_Sats.terminal[38].mob,displayStringTextFormat,mutable,,
General-317-20260718-15:48:02-5193,param,Florasat_Individual_Sats.terminal[38].mob,updateDisplayString,,,true
General-317-20260718-15:48:02-5193,param,Florasat_Individual_Sats.terminal[38].mob,constraintAreaMinX,,,-inf m
General-317-20260718-15:48:02-5193,attr,Florasat_Individual_Sats.terminal[38].mob,constraintAreaMinX,unit,m,
General-317-20260718-15:48:02-5193,param,Florasat_Individual_Sats.terminal[38].mob,constraintAreaMinY,,,-inf m
General-317-20260718-15:48:02-5193,attr,Florasat_Individual_Sats.terminal[38].mob,constraintAreaMinY,unit,m,
General-317-20260718-15:48:02-5193,param,Florasat_Individual_Sats.terminal[38].mob,constraintAreaMinZ,,,-inf m
General-317-20260718-15:48:02-5193,attr,Florasat_Individual_Sats.terminal[38].mob,constraintAreaMinZ,unit,m,
General-317-20260718-15:48:02-5193,param,Florasat_Individual_Sats.terminal[38].mob,constraintAreaMaxX,,,inf m
General-317-20260718-15:48:02-5193,attr,Florasat_Individual_Sats.terminal[38].mob,constraintAreaMaxX,unit,m,
General-317-20260718-15:48:02-5193,param,Florasat_Individual_Sats.terminal[38].mob,constraintAreaMaxY,,,inf m
General-317-20260718-15:48:02-5193,attr,Florasat_Individual_Sats.terminal[38].mob,constraintAreaMaxY,unit,m,
General-317-20260718-15:48:02-5193,param,Florasat_Individual_Sats.terminal[38].mob,constraintAreaMaxZ,,,inf m
General-317-20260718-15:48:02-5193,attr,Florasat_Individual_Sats.terminal[38].mob,constraintAreaMaxZ,unit,m,
General-317-20260718-15:48:02-5193,param,Florasat_Individual_Sats.terminal[38].mob,initialX,,,nan m
General-317-20260718-15:48:02-5193,attr,Florasat_Individual_Sats.terminal[38].mob,initialX,unit,m,
General-317-20260718-15:48:02-5193,param,Florasat_Individual_Sats.terminal[38].mob,initialY,,,nan m
General-317-20260718-15:48:02-5193,attr,Florasat_Individual_Sats.terminal[38].mob,initialY,unit,m,
General-317-20260718-15:48:02-5193,param,Florasat_Individual_Sats.terminal[38].mob,initialZ,,,0m
General-317-20260718-15:48:02-5193,attr,Florasat_Individual_Sats.terminal[38].mob,initialZ,unit,m,
General-317-20260718-15:48:02-5193,param,Florasat_Individual_Sats.terminal[38].mob,initialLatitude,,,nan deg
General-317-20260718-15:48:02-5193,attr,Florasat_Individual_Sats.terminal[38].mob,initialLatitude,unit,deg,
General-317-20260718-15:48:02-5193,param,Florasat_Individual_Sats.terminal[38].mob,initialLongitude,,,nan deg
General-317-20260718-15:48:02-5193,attr,Florasat_Individual_Sats.terminal[38].mob,initialLongitude,unit,deg,
General-317-20260718-15:48:02-5193,param,Florasat_Individual_Sats.terminal[38].mob,initialAltitude,,,0m
General-317-20260718-15:48:02-5193,attr,Florasat_Individual_Sats.terminal[38].mob,initialAltitude,unit,m,
General-317-20260718-15:48:02-5193,param,Florasat_Individual_Sats.terminal[38].mob,initialHeading,,,0deg
General-317-20260718-15:48:02-5193,attr,Florasat_Individual_Sats.terminal[38].mob,initialHeading,unit,deg,
General-317-20260718-15:48:02-5193,param,Florasat_Individual_Sats.terminal[38].mob,initialElevation,,,0deg
General-317-20260718-15:48:02-5193,attr,Florasat_Individual_Sats.terminal[38].mob,initialElevation,unit,deg,
General-317-20260718-15:48:02-5193,param,Florasat_Individual_Sats.terminal[38].mob,initialBank,,,0deg
General-317-20260718-15:48:02-5193,attr,Florasat_Individual_Sats.terminal[38].mob,initialBank,unit,deg,
General-317-20260718-15:48:02-5193,param,Florasat_Individual_Sats.terminal[38].mob,initFromDisplayString,,,false
General-317-20260718-15:48:02-5193,param,Florasat_Individual_Sats.terminal[38].mob,updateFromDisplayString,,,false
General-317-20260718-15:48:02-5193,param,Florasat_Individual_Sats.terminal[38].mob,centerLatitude,,,37.389
General-317-20260718-15:48:02-5193,param,Florasat_Individual_Sats.terminal[38].mob,centerLongitude,,,-5.984
General-317-20260718-15:48:02-5193,param,Florasat_Individual_Sats.terminal[38].mob,deploymentRadius,,,200
General-317-20260718-15:48:02-5193,param,Florasat_Individual_Sats.terminal[38],typename,,,"""Nodes._10_Terminal.Terminal"""
General-317-20260718-15:48:02-5193,param,Florasat_Individual_Sats.terminal[38],layerName,,,"""Terminal"""
General-317-20260718-15:48:02-5193,attr,Florasat_Individual_Sats.terminal[38],layerName,optional,,
General-317-20260718-15:48:02-5193,param,Florasat_Individual_Sats.terminal[38],sendData,,,true
General-317-20260718-15:48:02-5193,attr,Florasat_Individual_Sats.terminal[38],sendData,mutable,,
General-317-20260718-15:48:02-5193,param,Florasat_Individual_Sats.terminal[38],dstGsOrDev,,,0
General-317-20260718-15:48:02-5193,param,Florasat_Individual_Sats.terminal[39].phy.radio.antenna,typename,,,"""inet.physicallayer.wireless.common.antenna.IsotropicAntenna"""
General-317-20260718-15:48:02-5193,param,Florasat_Individual_Sats.terminal[39].phy.radio.antenna,mobilityModule,,,"""^.^.^.mob"""
General-317-20260718-15:48:02-5193,param,Florasat_Individual_Sats.terminal[39].phy.radio.antenna,numAntennas,,,1
General-317-20260718-15:48:02-5193,param,Florasat_Individual_Sats.terminal[39].phy.radio.transmitter,typename,,,"""Global.Transceiver.LoRaTransmitter"""
General-317-20260718-15:48:02-5193,param,Florasat_Individual_Sats.terminal[39].phy.radio.transmitter,preambleDuration,,,0.001s
General-317-20260718-15:48:02-5193,attr,Florasat_Individual_Sats.terminal[39].phy.radio.transmitter,preambleDuration,unit,s,
General-317-20260718-15:48:02-5193,param,Florasat_Individual_Sats.terminal[39].phy.radio.transmitter,headerLength,,,40b
General-317-20260718-15:48:02-5193,attr,Florasat_Individual_Sats.terminal[39].phy.radio.transmitter,headerLength,unit,b,
General-317-20260718-15:48:02-5193,param,Florasat_Individual_Sats.terminal[39].phy.radio.transmitter,bitrate,,,250000bps
General-317-20260718-15:48:02-5193,attr,Florasat_Individual_Sats.terminal[39].phy.radio.transmitter,bitrate,unit,bps,
General-317-20260718-15:48:02-5193,param,Florasat_Individual_Sats.terminal[39].phy.radio.transmitter,power,,,0.025118W
General-317-20260718-15:48:02-5193,attr,Florasat_Individual_Sats.terminal[39].phy.radio.transmitter,power,unit,W,
General-317-20260718-15:48:02-5193,param,Florasat_Individual_Sats.terminal[39].phy.radio.transmitter,centerFrequency,,,8.68e+08Hz
General-317-20260718-15:48:02-5193,attr,Florasat_Individual_Sats.terminal[39].phy.radio.transmitter,centerFrequency,unit,Hz,
General-317-20260718-15:48:02-5193,param,Florasat_Individual_Sats.terminal[39].phy.radio.transmitter,bandwidth,,,250000Hz
General-317-20260718-15:48:02-5193,attr,Florasat_Individual_Sats.terminal[39].phy.radio.transmitter,bandwidth,unit,Hz,
General-317-20260718-15:48:02-5193,param,Florasat_Individual_Sats.terminal[39].phy.radio.transmitter,codeRate,,,1
General-317-20260718-15:48:02-5193,param,Florasat_Individual_Sats.terminal[39].phy.radio.transmitter,modulation,,,"""LoRaModulation"""
General-317-20260718-15:48:02-5193,param,Florasat_Individual_Sats.terminal[39].phy.radio.receiver,typename,,,"""Global.Transceiver.LoRaReceiver"""
General-317-20260718-15:48:02-5193,param,Florasat_Individual_Sats.terminal[39].phy.radio.receiver,energyDetection,,,-90dBm
General-317-20260718-15:48:02-5193,attr,Florasat_Individual_Sats.terminal[39].phy.radio.receiver,energyDetection,unit,dBm,
General-317-20260718-15:48:02-5193,param,Florasat_Individual_Sats.terminal[39].phy.radio.receiver,sensitivity,,,-137dBm
General-317-20260718-15:48:02-5193,attr,Florasat_Individual_Sats.terminal[39].phy.radio.receiver,sensitivity,unit,dBm,
General-317-20260718-15:48:02-5193,param,Florasat_Individual_Sats.terminal[39].phy.radio.receiver,snirThreshold,,,-8dB
General-317-20260718-15:48:02-5193,attr,Florasat_Individual_Sats.terminal[39].phy.radio.receiver,snirThreshold,unit,dB,
General-317-20260718-15:48:02-5193,param,Florasat_Individual_Sats.terminal[39].phy.radio.receiver,centerFrequency,,,8.68e+08Hz
General-317-20260718-15:48:02-5193,attr,Florasat_Individual_Sats.terminal[39].phy.radio.receiver,centerFrequency,unit,Hz,
General-317-20260718-15:48:02-5193,param,Florasat_Individual_Sats.terminal[39].phy.radio.receiver,bandwidth,,,250000Hz
General-317-20260718-15:48:02-5193,attr,Florasat_Individual_Sats.terminal[39].phy.radio.receiver,bandwidth,unit,Hz,
General-317-20260718-15:48:02-5193,param,Florasat_Individual_Sats.terminal[39].phy.radio.receiver,alohaChannelModel,,,false
General-317-20260718-15:48:02-5193,param,Florasat_Individual_Sats.terminal[39].phy.radio.receiver,errorModelType,,,""""""
General-317-20260718-15:48:02-5193,param,Florasat_Individual_Sats.terminal[39].phy.radio.receiver,ignoreInterference,,,false
General-317-20260718-15:48:02-5193,param,Florasat_Individual_Sats.terminal[39].phy.radio.receiver,enableCollisionOverlap,,,false
General-317-20260718-15:48:02-5193,param,Florasat_Individual_Sats.terminal[39].phy.radio.receiver,minCollisionOverlap,,,0s
General-317-20260718-15:48:02-5193,attr,Florasat_Individual_Sats.terminal[39].phy.radio.receiver,minCollisionOverlap,unit,s,
General-317-20260718-15:48:02-5193,param,Florasat_Individual_Sats.terminal[39].phy.radio.IdealEpEnergyStorage,typename,,,"""inet.power.storage.IdealEpEnergyStorage"""
General-317-20260718-15:48:02-5193,param,Florasat_Individual_Sats.terminal[39].phy.radio,typename,,,"""Nodes._10_Terminal._10_Physical.Ter_Phy_LoRaRadio"""
General-317-20260718-15:48:02-5193,param,Florasat_Individual_Sats.terminal[39].phy.radio,radioMediumModule,,,"""radioMedium"""
General-317-20260718-15:48:02-5193,param,Florasat_Individual_Sats.terminal[39].phy.radio,energySourceModule,,,""""""
General-317-20260718-15:48:02-5193,param,Florasat_Individual_Sats.terminal[39].phy.radio,initialRadioMode,,,"""off"""
General-317-20260718-15:48:02-5193,attr,Florasat_Individual_Sats.terminal[39].phy.radio,initialRadioMode,enum,"off,sleep,receiver,transmitter,transceiver",
General-317-20260718-15:48:02-5193,param,Florasat_Individual_Sats.terminal[39].phy.radio,switchingTimes,,,"""ms 0 0 0 0 0 0 0 0 0 0 0 0 0 0 0 0 0 0 0 0 0 0 0 0 0"""
General-317-20260718-15:48:02-5193,param,Florasat_Individual_Sats.terminal[39].phy.radio,sendRawBytes,,,false
General-317-20260718-15:48:02-5193,param,Florasat_Individual_Sats.terminal[39].phy.radio,separateTransmissionParts,,,false
General-317-20260718-15:48:02-5193,param,Florasat_Individual_Sats.terminal[39].phy.radio,separateReceptionParts,,,false
General-317-20260718-15:48:02-5193,param,Florasat_Individual_Sats.terminal[39].phy.radio,displayCommunicationRange,,,false
General-317-20260718-15:48:02-5193,param,Florasat_Individual_Sats.terminal[39].phy.radio,displayInterferenceRange,,,false
General-317-20260718-15:48:02-5193,param,Florasat_Individual_Sats.terminal[39].phy.radio,centerFrequency,,,8.68e+08Hz
General-317-20260718-15:48:02-5193,attr,Florasat_Individual_Sats.terminal[39].phy.radio,centerFrequency,unit,Hz,
General-317-20260718-15:48:02-5193,param,Florasat_Individual_Sats.terminal[39].phy.radio,bandwidth,,,250000Hz
General-317-20260718-15:48:02-5193,attr,Florasat_Individual_Sats.terminal[39].phy.radio,bandwidth,unit,Hz,
General-317-20260718-15:48:02-5193,param,Florasat_Individual_Sats.terminal[39].phy.radio,iAmGateway,,,false
General-317-20260718-15:48:02-5193,param,Florasat_Individual_Sats.terminal[39].phy,typename,,,"""Nodes._10_Terminal._10_Physical.Ter_Phy"""
General-317-20260718-15:48:02-5193,param,Florasat_Individual_Sats.terminal[39].phy,layerName,,,"""Ter_Phy"""
General-317-20260718-15:48:02-5193,attr,Florasat_Individual_Sats.terminal[39].phy,layerName,optional,,
General-317-20260718-15:48:02-5193,param,Florasat_Individual_Sats.terminal[39].dlk.mac.queue,typename,,,"""inet.queueing.queue.DropTailQueue"""
General-317-20260718-15:48:02-5193,param,Florasat_Individual_Sats.terminal[39].dlk.mac.queue,displayStringTextFormat,,,"""contains %p pk (%l) pushed %u\npulled %o removed %r dropped %d"""
General-317-20260718-15:48:02-5193,param,Florasat_Individual_Sats.terminal[39].dlk.mac.queue,packetCapacity,,,-1
General-317-20260718-15:48:02-5193,param,Florasat_Individual_Sats.terminal[39].dlk.mac.queue,dataCapacity,,,-1b
General-317-20260718-15:48:02-5193,attr,Florasat_Individual_Sats.terminal[39].dlk.mac.queue,dataCapacity,unit,b,
General-317-20260718-15:48:02-5193,param,Florasat_Individual_Sats.terminal[39].dlk.mac.queue,dropperClass,,,"""inet::queueing::PacketAtCollectionEndDropper"""
General-317-20260718-15:48:02-5193,param,Florasat_Individual_Sats.terminal[39].dlk.mac.queue,comparatorClass,,,""""""
General-317-20260718-15:48:02-5193,param,Florasat_Individual_Sats.terminal[39].dlk.mac.queue,bufferModule,,,""""""
General-317-20260718-15:48:02-5193,param,Florasat_Individual_Sats.terminal[39].dlk.mac.mlBox,typename,,,"""Nodes._10_Terminal._20_Data_Link.Transmission_Predictor.Transmission_Predictor"""
General-317-20260718-15:48:02-5193,param,Florasat_Individual_Sats.terminal[39].dlk.mac.mlBox,modelPath,,,"""/home/ylnner/Documents/omnet++/omnetpp-6.3.0/projects/florasat_v4_ult_routing/simulations/Test_Individual/mlmodels/transformer_scripted.pt"""
General-317-20260718-15:48:02-5193,param,Florasat_Individual_Sats.terminal[39].dlk.mac.mlBox,threshold,,,0.2
General-317-20260718-15:48:02-5193,param,Florasat_Individual_Sats.terminal[39].dlk.mac.mlBox,scalerPath,,,""""""
General-317-20260718-15:48:02-5193,param,Florasat_Individual_Sats.terminal[39].dlk.mac,typename,,,"""Nodes._10_Terminal._20_Data_Link.Ter_Dlk_KiWan"""
General-317-20260718-15:48:02-5193,param,Florasat_Individual_Sats.terminal[39].dlk.mac,interfaceTableModule,,,""""""
General-317-20260718-15:48:02-5193,param,Florasat_Individual_Sats.terminal[39].dlk.mac,radioModule,,,"""^.^.phy.radio"""
General-317-20260718-15:48:02-5193,param,Florasat_Individual_Sats.terminal[39].dlk.mac,address,,,"""0A-AA-00-00-00-28"""
General-317-20260718-15:48:02-5193,attr,Florasat_Individual_Sats.terminal[39].dlk.mac,address,mutable,,
General-317-20260718-15:48:02-5193,param,Florasat_Individual_Sats.terminal[39].dlk.mac,mtu,,,1500
General-317-20260718-15:48:02-5193,param,Florasat_Individual_Sats.terminal[39].dlk.mac,ttwDuration,,,100s
General-317-20260718-15:48:02-5193,attr,Florasat_Individual_Sats.terminal[39].dlk.mac,ttwDuration,unit,s,
General-317-20260718-15:48:02-5193,param,Florasat_Individual_Sats.terminal[39].dlk.mac,ttwIdle,,,0s
General-317-20260718-15:48:02-5193,attr,Florasat_Individual_Sats.terminal[39].dlk.mac,ttwIdle,unit,s,
General-317-20260718-15:48:02-5193,param,Florasat_Individual_Sats.terminal[39].dlk.mac,ttxStart_min,,,0s
General-317-20260718-15:48:02-5193,attr,Florasat_Individual_Sats.terminal[39].dlk.mac,ttxStart_min,unit,s,
General-317-20260718-15:48:02-5193,param,Florasat_Individual_Sats.terminal[39].dlk.mac,ttxStart_max,,,1s
General-317-20260718-15:48:02-5193,attr,Florasat_Individual_Sats.terminal[39].dlk.mac,ttxStart_max,unit,s,
General-317-20260718-15:48:02-5193,param,Florasat_Individual_Sats.terminal[39].dlk.mac,ttxIdle_min,,,10s
General-317-20260718-15:48:02-5193,attr,Florasat_Individual_Sats.terminal[39].dlk.mac,ttxIdle_min,unit,s,
General-317-20260718-15:48:02-5193,param,Florasat_Individual_Sats.terminal[39].dlk.mac,ttxIdle_max,,,15s
General-317-20260718-15:48:02-5193,attr,Florasat_Individual_Sats.terminal[39].dlk.mac,ttxIdle_max,unit,s,
General-317-20260718-15:48:02-5193,param,Florasat_Individual_Sats.terminal[39].dlk.mac,Ntw,,,1
General-317-20260718-15:48:02-5193,param,Florasat_Individual_Sats.terminal[39].dlk.mac,Ntx,,,5
General-317-20260718-15:48:02-5193,param,Florasat_Individual_Sats.terminal[39].dlk.mac,enableSatDetect,,,false
General-317-20260718-15:48:02-5193,param,Florasat_Individual_Sats.terminal[39].dlk.mac,tsdStart_min,,,0s
General-317-20260718-15:48:02-5193,attr,Florasat_Individual_Sats.terminal[39].dlk.mac,tsdStart_min,unit,s,
General-317-20260718-15:48:02-5193,param,Florasat_Individual_Sats.terminal[39].dlk.mac,tsdStart_max,,,60s
General-317-20260718-15:48:02-5193,attr,Florasat_Individual_Sats.terminal[39].dlk.mac,tsdStart_max,unit,s,
General-317-20260718-15:48:02-5193,param,Florasat_Individual_Sats.terminal[39].dlk.mac,Ndetect,,,4
General-317-20260718-15:48:02-5193,param,Florasat_Individual_Sats.terminal[39].dlk.mac,NsdSync,,,2
General-317-20260718-15:48:02-5193,param,Florasat_Individual_Sats.terminal[39].dlk.mac,tsyncIdle,,,60s
General-317-20260718-15:48:02-5193,attr,Florasat_Individual_Sats.terminal[39].dlk.mac,tsyncIdle,unit,s,
General-317-20260718-15:48:02-5193,param,Florasat_Individual_Sats.terminal[39].dlk.mac,tsdIdle,,,240s
General-317-20260718-15:48:02-5193,attr,Florasat_Individual_Sats.terminal[39].dlk.mac,tsdIdle,unit,s,
General-317-20260718-15:48:02-5193,param,Florasat_Individual_Sats.terminal[39].dlk.mac,satelliteDetectionProbability,,,0.9
General-317-20260718-15:48:02-5193,param,Florasat_Individual_Sats.terminal[39].dlk.mac,minimumElevation,,,5
General-317-20260718-15:48:02-5193,param,Florasat_Individual_Sats.terminal[39].dlk.mac,detectInitialListen,,,0.33s
General-317-20260718-15:48:02-5193,attr,Florasat_Individual_Sats.terminal[39].dlk.mac,detectInitialListen,unit,s,
General-317-20260718-15:48:02-5193,param,Florasat_Individual_Sats.terminal[39].dlk.mac,detectSuccessExtraMin,,,0.075s
General-317-20260718-15:48:02-5193,attr,Florasat_Individual_Sats.terminal[39].dlk.mac,detectSuccessExtraMin,unit,s,
General-317-20260718-15:48:02-5193,param,Florasat_Individual_Sats.terminal[39].dlk.mac,detectSuccessExtraMax,,,1.67s
General-317-20260718-15:48:02-5193,attr,Florasat_Individual_Sats.terminal[39].dlk.mac,detectSuccessExtraMax,unit,s,
General-317-20260718-15:48:02-5193,param,Florasat_Individual_Sats.terminal[39].dlk.mac,detectMissExtra,,,1.67s
General-317-20260718-15:48:02-5193,attr,Florasat_Individual_Sats.terminal[39].dlk.mac,detectMissExtra,unit,s,
General-317-20260718-15:48:02-5193,param,Florasat_Individual_Sats.terminal[39].dlk.mac,LoRaSF,,,10
General-317-20260718-15:48:02-5193,param,Florasat_Individual_Sats.terminal[39].dlk.mac,LoRaTP,,,14
General-317-20260718-15:48:02-5193,param,Florasat_Individual_Sats.terminal[39].dlk.mac,LoRaCF,,,8.68e+08
General-317-20260718-15:48:02-5193,param,Florasat_Individual_Sats.terminal[39].dlk.mac,LoRaBW,,,125000
General-317-20260718-15:48:02-5193,param,Florasat_Individual_Sats.terminal[39].dlk.mac,LoRaCR,,,1
General-317-20260718-15:48:02-5193,param,Florasat_Individual_Sats.terminal[39].dlk.mac,useMLBox,,,true
General-317-20260718-15:48:02-5193,param,Florasat_Individual_Sats.terminal[39].dlk.mac,useMLBoxBiLSTM,,,false
General-317-20260718-15:48:02-5193,param,Florasat_Individual_Sats.terminal[39].dlk.mac,useAnalytical,,,false
General-317-20260718-15:48:02-5193,param,Florasat_Individual_Sats.terminal[39].dlk,typename,,,"""Nodes._10_Terminal._20_Data_Link.Ter_Dlk"""
General-317-20260718-15:48:02-5193,param,Florasat_Individual_Sats.terminal[39].net.routing,typename,,,"""Global.Base._30_Network.Ter_Null_Routing"""
General-317-20260718-15:48:02-5193,param,Florasat_Individual_Sats.terminal[39].net,typename,,,"""Nodes._10_Terminal._30_Network.Ter_Net"""
General-317-20260718-15:48:02-5193,param,Florasat_Individual_Sats.terminal[39].net,layerName,,,"""Ter_Net"""
General-317-20260718-15:48:02-5193,attr,Florasat_Individual_Sats.terminal[39].net,layerName,optional,,
General-317-20260718-15:48:02-5193,param,Florasat_Individual_Sats.terminal[39].net,routingType,,,"""Ter_Null_Routing"""
General-317-20260718-15:48:02-5193,param,Florasat_Individual_Sats.terminal[39].app,typename,,,"""Nodes._10_Terminal._40_Application.Ter_App"""
General-317-20260718-15:48:02-5193,param,Florasat_Individual_Sats.terminal[39].app,layerName,,,"""TerminalApplicationLayer"""
General-317-20260718-15:48:02-5193,attr,Florasat_Individual_Sats.terminal[39].app,layerName,optional,,
General-317-20260718-15:48:02-5193,param,Florasat_Individual_Sats.terminal[39].app,numberOfPacketsToSend,,,0
General-317-20260718-15:48:02-5193,param,Florasat_Individual_Sats.terminal[39].app,timeToFirstPacket,,,1s
General-317-20260718-15:48:02-5193,attr,Florasat_Individual_Sats.terminal[39].app,timeToFirstPacket,unit,s,
General-317-20260718-15:48:02-5193,param,Florasat_Individual_Sats.terminal[39].app,timeToNextPacket,,,115s
General-317-20260718-15:48:02-5193,attr,Florasat_Individual_Sats.terminal[39].app,timeToNextPacket,unit,s,
General-317-20260718-15:48:02-5193,param,Florasat_Individual_Sats.terminal[39].app,timeToResponse,,,30s
General-317-20260718-15:48:02-5193,attr,Florasat_Individual_Sats.terminal[39].app,timeToResponse,unit,s,
General-317-20260718-15:48:02-5193,param,Florasat_Individual_Sats.terminal[39].app,timeToRetry,,,10s
General-317-20260718-15:48:02-5193,attr,Florasat_Individual_Sats.terminal[39].app,timeToRetry,unit,s,
General-317-20260718-15:48:02-5193,param,Florasat_Individual_Sats.terminal[39].app,ackTimeout,,,7s
General-317-20260718-15:48:02-5193,attr,Florasat_Individual_Sats.terminal[39].app,ackTimeout,unit,s,
General-317-20260718-15:48:02-5193,param,Florasat_Individual_Sats.terminal[39].app,timer,,,1s
General-317-20260718-15:48:02-5193,attr,Florasat_Individual_Sats.terminal[39].app,timer,unit,s,
General-317-20260718-15:48:02-5193,param,Florasat_Individual_Sats.terminal[39].app,initialLoRaTP,,,14dBm
General-317-20260718-15:48:02-5193,attr,Florasat_Individual_Sats.terminal[39].app,initialLoRaTP,unit,dBm,
General-317-20260718-15:48:02-5193,param,Florasat_Individual_Sats.terminal[39].app,initialLoRaCF,,,8.68e+08Hz
General-317-20260718-15:48:02-5193,attr,Florasat_Individual_Sats.terminal[39].app,initialLoRaCF,unit,Hz,
General-317-20260718-15:48:02-5193,param,Florasat_Individual_Sats.terminal[39].app,initialLoRaSF,,,12
General-317-20260718-15:48:02-5193,param,Florasat_Individual_Sats.terminal[39].app,initialLoRaBW,,,125000Hz
General-317-20260718-15:48:02-5193,attr,Florasat_Individual_Sats.terminal[39].app,initialLoRaBW,unit,Hz,
General-317-20260718-15:48:02-5193,param,Florasat_Individual_Sats.terminal[39].app,initialLoRaCR,,,4
General-317-20260718-15:48:02-5193,param,Florasat_Individual_Sats.terminal[39].app,initialUseHeader,,,true
General-317-20260718-15:48:02-5193,param,Florasat_Individual_Sats.terminal[39].app,initialPingSlot,,,1
General-317-20260718-15:48:02-5193,param,Florasat_Individual_Sats.terminal[39].app,InitClassA,,,true
General-317-20260718-15:48:02-5193,param,Florasat_Individual_Sats.terminal[39].app,InitClassB,,,false
General-317-20260718-15:48:02-5193,param,Florasat_Individual_Sats.terminal[39].app,evaluateADRinNode,,,false
General-317-20260718-15:48:02-5193,param,Florasat_Individual_Sats.terminal[39].app,payloadSize,,,10B
General-317-20260718-15:48:02-5193,attr,Florasat_Individual_Sats.terminal[39].app,payloadSize,unit,B,
General-317-20260718-15:48:02-5193,param,Florasat_Individual_Sats.terminal[39].app,usingAck,,,true
General-317-20260718-15:48:02-5193,param,Florasat_Individual_Sats.terminal[39].app,numGroundLinks,,,40
General-317-20260718-15:48:02-5193,param,Florasat_Individual_Sats.terminal[39].app,maxHops,,,50
General-317-20260718-15:48:02-5193,param,Florasat_Individual_Sats.terminal[39].app,nroMaxAttempts,,,0
General-317-20260718-15:48:02-5193,param,Florasat_Individual_Sats.terminal[39].eng,typename,,,"""Nodes._10_Terminal._50_Energy.Ter_Ene"""
General-317-20260718-15:48:02-5193,param,Florasat_Individual_Sats.terminal[39].mob,typename,,,"""Nodes._10_Terminal._60_Mobility.Ter_Mob"""
General-317-20260718-15:48:02-5193,param,Florasat_Individual_Sats.terminal[39].mob,subjectModule,,,"""^"""
General-317-20260718-15:48:02-5193,param,Florasat_Individual_Sats.terminal[39].mob,coordinateSystemModule,,,""""""
General-317-20260718-15:48:02-5193,param,Florasat_Individual_Sats.terminal[39].mob,displayStringTextFormat,,,"""p: %p\nv: %v"""
General-317-20260718-15:48:02-5193,attr,Florasat_Individual_Sats.terminal[39].mob,displayStringTextFormat,mutable,,
General-317-20260718-15:48:02-5193,param,Florasat_Individual_Sats.terminal[39].mob,updateDisplayString,,,true
General-317-20260718-15:48:02-5193,param,Florasat_Individual_Sats.terminal[39].mob,constraintAreaMinX,,,-inf m
General-317-20260718-15:48:02-5193,attr,Florasat_Individual_Sats.terminal[39].mob,constraintAreaMinX,unit,m,
General-317-20260718-15:48:02-5193,param,Florasat_Individual_Sats.terminal[39].mob,constraintAreaMinY,,,-inf m
General-317-20260718-15:48:02-5193,attr,Florasat_Individual_Sats.terminal[39].mob,constraintAreaMinY,unit,m,
General-317-20260718-15:48:02-5193,param,Florasat_Individual_Sats.terminal[39].mob,constraintAreaMinZ,,,-inf m
General-317-20260718-15:48:02-5193,attr,Florasat_Individual_Sats.terminal[39].mob,constraintAreaMinZ,unit,m,
General-317-20260718-15:48:02-5193,param,Florasat_Individual_Sats.terminal[39].mob,constraintAreaMaxX,,,inf m
General-317-20260718-15:48:02-5193,attr,Florasat_Individual_Sats.terminal[39].mob,constraintAreaMaxX,unit,m,
General-317-20260718-15:48:02-5193,param,Florasat_Individual_Sats.terminal[39].mob,constraintAreaMaxY,,,inf m
General-317-20260718-15:48:02-5193,attr,Florasat_Individual_Sats.terminal[39].mob,constraintAreaMaxY,unit,m,
General-317-20260718-15:48:02-5193,param,Florasat_Individual_Sats.terminal[39].mob,constraintAreaMaxZ,,,inf m
General-317-20260718-15:48:02-5193,attr,Florasat_Individual_Sats.terminal[39].mob,constraintAreaMaxZ,unit,m,
General-317-20260718-15:48:02-5193,param,Florasat_Individual_Sats.terminal[39].mob,initialX,,,nan m
General-317-20260718-15:48:02-5193,attr,Florasat_Individual_Sats.terminal[39].mob,initialX,unit,m,
General-317-20260718-15:48:02-5193,param,Florasat_Individual_Sats.terminal[39].mob,initialY,,,nan m
General-317-20260718-15:48:02-5193,attr,Florasat_Individual_Sats.terminal[39].mob,initialY,unit,m,
General-317-20260718-15:48:02-5193,param,Florasat_Individual_Sats.terminal[39].mob,initialZ,,,0m
General-317-20260718-15:48:02-5193,attr,Florasat_Individual_Sats.terminal[39].mob,initialZ,unit,m,
General-317-20260718-15:48:02-5193,param,Florasat_Individual_Sats.terminal[39].mob,initialLatitude,,,nan deg
General-317-20260718-15:48:02-5193,attr,Florasat_Individual_Sats.terminal[39].mob,initialLatitude,unit,deg,
General-317-20260718-15:48:02-5193,param,Florasat_Individual_Sats.terminal[39].mob,initialLongitude,,,nan deg
General-317-20260718-15:48:02-5193,attr,Florasat_Individual_Sats.terminal[39].mob,initialLongitude,unit,deg,
General-317-20260718-15:48:02-5193,param,Florasat_Individual_Sats.terminal[39].mob,initialAltitude,,,0m
General-317-20260718-15:48:02-5193,attr,Florasat_Individual_Sats.terminal[39].mob,initialAltitude,unit,m,
General-317-20260718-15:48:02-5193,param,Florasat_Individual_Sats.terminal[39].mob,initialHeading,,,0deg
General-317-20260718-15:48:02-5193,attr,Florasat_Individual_Sats.terminal[39].mob,initialHeading,unit,deg,
General-317-20260718-15:48:02-5193,param,Florasat_Individual_Sats.terminal[39].mob,initialElevation,,,0deg
General-317-20260718-15:48:02-5193,attr,Florasat_Individual_Sats.terminal[39].mob,initialElevation,unit,deg,
General-317-20260718-15:48:02-5193,param,Florasat_Individual_Sats.terminal[39].mob,initialBank,,,0deg
General-317-20260718-15:48:02-5193,attr,Florasat_Individual_Sats.terminal[39].mob,initialBank,unit,deg,
General-317-20260718-15:48:02-5193,param,Florasat_Individual_Sats.terminal[39].mob,initFromDisplayString,,,false
General-317-20260718-15:48:02-5193,param,Florasat_Individual_Sats.terminal[39].mob,updateFromDisplayString,,,false
General-317-20260718-15:48:02-5193,param,Florasat_Individual_Sats.terminal[39].mob,centerLatitude,,,53.551
General-317-20260718-15:48:02-5193,param,Florasat_Individual_Sats.terminal[39].mob,centerLongitude,,,9.993
General-317-20260718-15:48:02-5193,param,Florasat_Individual_Sats.terminal[39].mob,deploymentRadius,,,200
General-317-20260718-15:48:02-5193,param,Florasat_Individual_Sats.terminal[39],typename,,,"""Nodes._10_Terminal.Terminal"""
General-317-20260718-15:48:02-5193,param,Florasat_Individual_Sats.terminal[39],layerName,,,"""Terminal"""
General-317-20260718-15:48:02-5193,attr,Florasat_Individual_Sats.terminal[39],layerName,optional,,
General-317-20260718-15:48:02-5193,param,Florasat_Individual_Sats.terminal[39],sendData,,,true
General-317-20260718-15:48:02-5193,attr,Florasat_Individual_Sats.terminal[39],sendData,mutable,,
General-317-20260718-15:48:02-5193,param,Florasat_Individual_Sats.terminal[39],dstGsOrDev,,,0
General-317-20260718-15:48:02-5193,param,Florasat_Individual_Sats.terminal[40].phy.radio.antenna,typename,,,"""inet.physicallayer.wireless.common.antenna.IsotropicAntenna"""
General-317-20260718-15:48:02-5193,param,Florasat_Individual_Sats.terminal[40].phy.radio.antenna,mobilityModule,,,"""^.^.^.mob"""
General-317-20260718-15:48:02-5193,param,Florasat_Individual_Sats.terminal[40].phy.radio.antenna,numAntennas,,,1
General-317-20260718-15:48:02-5193,param,Florasat_Individual_Sats.terminal[40].phy.radio.transmitter,typename,,,"""Global.Transceiver.LoRaTransmitter"""
General-317-20260718-15:48:02-5193,param,Florasat_Individual_Sats.terminal[40].phy.radio.transmitter,preambleDuration,,,0.001s
General-317-20260718-15:48:02-5193,attr,Florasat_Individual_Sats.terminal[40].phy.radio.transmitter,preambleDuration,unit,s,
General-317-20260718-15:48:02-5193,param,Florasat_Individual_Sats.terminal[40].phy.radio.transmitter,headerLength,,,40b
General-317-20260718-15:48:02-5193,attr,Florasat_Individual_Sats.terminal[40].phy.radio.transmitter,headerLength,unit,b,
General-317-20260718-15:48:02-5193,param,Florasat_Individual_Sats.terminal[40].phy.radio.transmitter,bitrate,,,250000bps
General-317-20260718-15:48:02-5193,attr,Florasat_Individual_Sats.terminal[40].phy.radio.transmitter,bitrate,unit,bps,
General-317-20260718-15:48:02-5193,param,Florasat_Individual_Sats.terminal[40].phy.radio.transmitter,power,,,0.025118W
General-317-20260718-15:48:02-5193,attr,Florasat_Individual_Sats.terminal[40].phy.radio.transmitter,power,unit,W,
General-317-20260718-15:48:02-5193,param,Florasat_Individual_Sats.terminal[40].phy.radio.transmitter,centerFrequency,,,8.68e+08Hz
General-317-20260718-15:48:02-5193,attr,Florasat_Individual_Sats.terminal[40].phy.radio.transmitter,centerFrequency,unit,Hz,
General-317-20260718-15:48:02-5193,param,Florasat_Individual_Sats.terminal[40].phy.radio.transmitter,bandwidth,,,250000Hz
General-317-20260718-15:48:02-5193,attr,Florasat_Individual_Sats.terminal[40].phy.radio.transmitter,bandwidth,unit,Hz,
General-317-20260718-15:48:02-5193,param,Florasat_Individual_Sats.terminal[40].phy.radio.transmitter,codeRate,,,1
General-317-20260718-15:48:02-5193,param,Florasat_Individual_Sats.terminal[40].phy.radio.transmitter,modulation,,,"""LoRaModulation"""
General-317-20260718-15:48:02-5193,param,Florasat_Individual_Sats.terminal[40].phy.radio.receiver,typename,,,"""Global.Transceiver.LoRaReceiver"""
General-317-20260718-15:48:02-5193,param,Florasat_Individual_Sats.terminal[40].phy.radio.receiver,energyDetection,,,-90dBm
General-317-20260718-15:48:02-5193,attr,Florasat_Individual_Sats.terminal[40].phy.radio.receiver,energyDetection,unit,dBm,
General-317-20260718-15:48:02-5193,param,Florasat_Individual_Sats.terminal[40].phy.radio.receiver,sensitivity,,,-137dBm
General-317-20260718-15:48:02-5193,attr,Florasat_Individual_Sats.terminal[40].phy.radio.receiver,sensitivity,unit,dBm,
General-317-20260718-15:48:02-5193,param,Florasat_Individual_Sats.terminal[40].phy.radio.receiver,snirThreshold,,,-8dB
General-317-20260718-15:48:02-5193,attr,Florasat_Individual_Sats.terminal[40].phy.radio.receiver,snirThreshold,unit,dB,
General-317-20260718-15:48:02-5193,param,Florasat_Individual_Sats.terminal[40].phy.radio.receiver,centerFrequency,,,8.68e+08Hz
General-317-20260718-15:48:02-5193,attr,Florasat_Individual_Sats.terminal[40].phy.radio.receiver,centerFrequency,unit,Hz,
General-317-20260718-15:48:02-5193,param,Florasat_Individual_Sats.terminal[40].phy.radio.receiver,bandwidth,,,250000Hz
General-317-20260718-15:48:02-5193,attr,Florasat_Individual_Sats.terminal[40].phy.radio.receiver,bandwidth,unit,Hz,
General-317-20260718-15:48:02-5193,param,Florasat_Individual_Sats.terminal[40].phy.radio.receiver,alohaChannelModel,,,false
General-317-20260718-15:48:02-5193,param,Florasat_Individual_Sats.terminal[40].phy.radio.receiver,errorModelType,,,""""""
General-317-20260718-15:48:02-5193,param,Florasat_Individual_Sats.terminal[40].phy.radio.receiver,ignoreInterference,,,false
General-317-20260718-15:48:02-5193,param,Florasat_Individual_Sats.terminal[40].phy.radio.receiver,enableCollisionOverlap,,,false
General-317-20260718-15:48:02-5193,param,Florasat_Individual_Sats.terminal[40].phy.radio.receiver,minCollisionOverlap,,,0s
General-317-20260718-15:48:02-5193,attr,Florasat_Individual_Sats.terminal[40].phy.radio.receiver,minCollisionOverlap,unit,s,
General-317-20260718-15:48:02-5193,param,Florasat_Individual_Sats.terminal[40].phy.radio.IdealEpEnergyStorage,typename,,,"""inet.power.storage.IdealEpEnergyStorage"""
General-317-20260718-15:48:02-5193,param,Florasat_Individual_Sats.terminal[40].phy.radio,typename,,,"""Nodes._10_Terminal._10_Physical.Ter_Phy_LoRaRadio"""
General-317-20260718-15:48:02-5193,param,Florasat_Individual_Sats.terminal[40].phy.radio,radioMediumModule,,,"""radioMedium"""
General-317-20260718-15:48:02-5193,param,Florasat_Individual_Sats.terminal[40].phy.radio,energySourceModule,,,""""""
General-317-20260718-15:48:02-5193,param,Florasat_Individual_Sats.terminal[40].phy.radio,initialRadioMode,,,"""off"""
General-317-20260718-15:48:02-5193,attr,Florasat_Individual_Sats.terminal[40].phy.radio,initialRadioMode,enum,"off,sleep,receiver,transmitter,transceiver",
General-317-20260718-15:48:02-5193,param,Florasat_Individual_Sats.terminal[40].phy.radio,switchingTimes,,,"""ms 0 0 0 0 0 0 0 0 0 0 0 0 0 0 0 0 0 0 0 0 0 0 0 0 0"""
General-317-20260718-15:48:02-5193,param,Florasat_Individual_Sats.terminal[40].phy.radio,sendRawBytes,,,false
General-317-20260718-15:48:02-5193,param,Florasat_Individual_Sats.terminal[40].phy.radio,separateTransmissionParts,,,false
General-317-20260718-15:48:02-5193,param,Florasat_Individual_Sats.terminal[40].phy.radio,separateReceptionParts,,,false
General-317-20260718-15:48:02-5193,param,Florasat_Individual_Sats.terminal[40].phy.radio,displayCommunicationRange,,,false
General-317-20260718-15:48:02-5193,param,Florasat_Individual_Sats.terminal[40].phy.radio,displayInterferenceRange,,,false
General-317-20260718-15:48:02-5193,param,Florasat_Individual_Sats.terminal[40].phy.radio,centerFrequency,,,8.68e+08Hz
General-317-20260718-15:48:02-5193,attr,Florasat_Individual_Sats.terminal[40].phy.radio,centerFrequency,unit,Hz,
General-317-20260718-15:48:02-5193,param,Florasat_Individual_Sats.terminal[40].phy.radio,bandwidth,,,250000Hz
General-317-20260718-15:48:02-5193,attr,Florasat_Individual_Sats.terminal[40].phy.radio,bandwidth,unit,Hz,
General-317-20260718-15:48:02-5193,param,Florasat_Individual_Sats.terminal[40].phy.radio,iAmGateway,,,false
General-317-20260718-15:48:02-5193,param,Florasat_Individual_Sats.terminal[40].phy,typename,,,"""Nodes._10_Terminal._10_Physical.Ter_Phy"""
General-317-20260718-15:48:02-5193,param,Florasat_Individual_Sats.terminal[40].phy,layerName,,,"""Ter_Phy"""
General-317-20260718-15:48:02-5193,attr,Florasat_Individual_Sats.terminal[40].phy,layerName,optional,,
General-317-20260718-15:48:02-5193,param,Florasat_Individual_Sats.terminal[40].dlk.mac.queue,typename,,,"""inet.queueing.queue.DropTailQueue"""
General-317-20260718-15:48:02-5193,param,Florasat_Individual_Sats.terminal[40].dlk.mac.queue,displayStringTextFormat,,,"""contains %p pk (%l) pushed %u\npulled %o removed %r dropped %d"""
General-317-20260718-15:48:02-5193,param,Florasat_Individual_Sats.terminal[40].dlk.mac.queue,packetCapacity,,,-1
General-317-20260718-15:48:02-5193,param,Florasat_Individual_Sats.terminal[40].dlk.mac.queue,dataCapacity,,,-1b
General-317-20260718-15:48:02-5193,attr,Florasat_Individual_Sats.terminal[40].dlk.mac.queue,dataCapacity,unit,b,
General-317-20260718-15:48:02-5193,param,Florasat_Individual_Sats.terminal[40].dlk.mac.queue,dropperClass,,,"""inet::queueing::PacketAtCollectionEndDropper"""
General-317-20260718-15:48:02-5193,param,Florasat_Individual_Sats.terminal[40].dlk.mac.queue,comparatorClass,,,""""""
General-317-20260718-15:48:02-5193,param,Florasat_Individual_Sats.terminal[40].dlk.mac.queue,bufferModule,,,""""""
General-317-20260718-15:48:02-5193,param,Florasat_Individual_Sats.terminal[40].dlk.mac.mlBox,typename,,,"""Nodes._10_Terminal._20_Data_Link.Transmission_Predictor.Transmission_Predictor"""
General-317-20260718-15:48:02-5193,param,Florasat_Individual_Sats.terminal[40].dlk.mac.mlBox,modelPath,,,"""/home/ylnner/Documents/omnet++/omnetpp-6.3.0/projects/florasat_v4_ult_routing/simulations/Test_Individual/mlmodels/transformer_scripted.pt"""
General-317-20260718-15:48:02-5193,param,Florasat_Individual_Sats.terminal[40].dlk.mac.mlBox,threshold,,,0.2
General-317-20260718-15:48:02-5193,param,Florasat_Individual_Sats.terminal[40].dlk.mac.mlBox,scalerPath,,,""""""
General-317-20260718-15:48:02-5193,param,Florasat_Individual_Sats.terminal[40].dlk.mac,typename,,,"""Nodes._10_Terminal._20_Data_Link.Ter_Dlk_KiWan"""
General-317-20260718-15:48:02-5193,param,Florasat_Individual_Sats.terminal[40].dlk.mac,interfaceTableModule,,,""""""
General-317-20260718-15:48:02-5193,param,Florasat_Individual_Sats.terminal[40].dlk.mac,radioModule,,,"""^.^.phy.radio"""
General-317-20260718-15:48:02-5193,param,Florasat_Individual_Sats.terminal[40].dlk.mac,address,,,"""0A-AA-00-00-00-29"""
General-317-20260718-15:48:02-5193,attr,Florasat_Individual_Sats.terminal[40].dlk.mac,address,mutable,,
General-317-20260718-15:48:02-5193,param,Florasat_Individual_Sats.terminal[40].dlk.mac,mtu,,,1500
General-317-20260718-15:48:02-5193,param,Florasat_Individual_Sats.terminal[40].dlk.mac,ttwDuration,,,100s
General-317-20260718-15:48:02-5193,attr,Florasat_Individual_Sats.terminal[40].dlk.mac,ttwDuration,unit,s,
General-317-20260718-15:48:02-5193,param,Florasat_Individual_Sats.terminal[40].dlk.mac,ttwIdle,,,0s
General-317-20260718-15:48:02-5193,attr,Florasat_Individual_Sats.terminal[40].dlk.mac,ttwIdle,unit,s,
General-317-20260718-15:48:02-5193,param,Florasat_Individual_Sats.terminal[40].dlk.mac,ttxStart_min,,,0s
General-317-20260718-15:48:02-5193,attr,Florasat_Individual_Sats.terminal[40].dlk.mac,ttxStart_min,unit,s,
General-317-20260718-15:48:02-5193,param,Florasat_Individual_Sats.terminal[40].dlk.mac,ttxStart_max,,,1s
General-317-20260718-15:48:02-5193,attr,Florasat_Individual_Sats.terminal[40].dlk.mac,ttxStart_max,unit,s,
General-317-20260718-15:48:02-5193,param,Florasat_Individual_Sats.terminal[40].dlk.mac,ttxIdle_min,,,10s
General-317-20260718-15:48:02-5193,attr,Florasat_Individual_Sats.terminal[40].dlk.mac,ttxIdle_min,unit,s,
General-317-20260718-15:48:02-5193,param,Florasat_Individual_Sats.terminal[40].dlk.mac,ttxIdle_max,,,15s
General-317-20260718-15:48:02-5193,attr,Florasat_Individual_Sats.terminal[40].dlk.mac,ttxIdle_max,unit,s,
General-317-20260718-15:48:02-5193,param,Florasat_Individual_Sats.terminal[40].dlk.mac,Ntw,,,1
General-317-20260718-15:48:02-5193,param,Florasat_Individual_Sats.terminal[40].dlk.mac,Ntx,,,5
General-317-20260718-15:48:02-5193,param,Florasat_Individual_Sats.terminal[40].dlk.mac,enableSatDetect,,,false
General-317-20260718-15:48:02-5193,param,Florasat_Individual_Sats.terminal[40].dlk.mac,tsdStart_min,,,0s
General-317-20260718-15:48:02-5193,attr,Florasat_Individual_Sats.terminal[40].dlk.mac,tsdStart_min,unit,s,
General-317-20260718-15:48:02-5193,param,Florasat_Individual_Sats.terminal[40].dlk.mac,tsdStart_max,,,60s
General-317-20260718-15:48:02-5193,attr,Florasat_Individual_Sats.terminal[40].dlk.mac,tsdStart_max,unit,s,
General-317-20260718-15:48:02-5193,param,Florasat_Individual_Sats.terminal[40].dlk.mac,Ndetect,,,4
General-317-20260718-15:48:02-5193,param,Florasat_Individual_Sats.terminal[40].dlk.mac,NsdSync,,,2
General-317-20260718-15:48:02-5193,param,Florasat_Individual_Sats.terminal[40].dlk.mac,tsyncIdle,,,60s
General-317-20260718-15:48:02-5193,attr,Florasat_Individual_Sats.terminal[40].dlk.mac,tsyncIdle,unit,s,
General-317-20260718-15:48:02-5193,param,Florasat_Individual_Sats.terminal[40].dlk.mac,tsdIdle,,,240s
General-317-20260718-15:48:02-5193,attr,Florasat_Individual_Sats.terminal[40].dlk.mac,tsdIdle,unit,s,
General-317-20260718-15:48:02-5193,param,Florasat_Individual_Sats.terminal[40].dlk.mac,satelliteDetectionProbability,,,0.9
General-317-20260718-15:48:02-5193,param,Florasat_Individual_Sats.terminal[40].dlk.mac,minimumElevation,,,5
General-317-20260718-15:48:02-5193,param,Florasat_Individual_Sats.terminal[40].dlk.mac,detectInitialListen,,,0.33s
General-317-20260718-15:48:02-5193,attr,Florasat_Individual_Sats.terminal[40].dlk.mac,detectInitialListen,unit,s,
General-317-20260718-15:48:02-5193,param,Florasat_Individual_Sats.terminal[40].dlk.mac,detectSuccessExtraMin,,,0.075s
General-317-20260718-15:48:02-5193,attr,Florasat_Individual_Sats.terminal[40].dlk.mac,detectSuccessExtraMin,unit,s,
General-317-20260718-15:48:02-5193,param,Florasat_Individual_Sats.terminal[40].dlk.mac,detectSuccessExtraMax,,,1.67s
General-317-20260718-15:48:02-5193,attr,Florasat_Individual_Sats.terminal[40].dlk.mac,detectSuccessExtraMax,unit,s,
General-317-20260718-15:48:02-5193,param,Florasat_Individual_Sats.terminal[40].dlk.mac,detectMissExtra,,,1.67s
General-317-20260718-15:48:02-5193,attr,Florasat_Individual_Sats.terminal[40].dlk.mac,detectMissExtra,unit,s,
General-317-20260718-15:48:02-5193,param,Florasat_Individual_Sats.terminal[40].dlk.mac,LoRaSF,,,12
General-317-20260718-15:48:02-5193,param,Florasat_Individual_Sats.terminal[40].dlk.mac,LoRaTP,,,12
General-317-20260718-15:48:02-5193,param,Florasat_Individual_Sats.terminal[40].dlk.mac,LoRaCF,,,8.68e+08
General-317-20260718-15:48:02-5193,param,Florasat_Individual_Sats.terminal[40].dlk.mac,LoRaBW,,,125000
General-317-20260718-15:48:02-5193,param,Florasat_Individual_Sats.terminal[40].dlk.mac,LoRaCR,,,1
General-317-20260718-15:48:02-5193,param,Florasat_Individual_Sats.terminal[40].dlk.mac,useMLBox,,,true
General-317-20260718-15:48:02-5193,param,Florasat_Individual_Sats.terminal[40].dlk.mac,useMLBoxBiLSTM,,,false
General-317-20260718-15:48:02-5193,param,Florasat_Individual_Sats.terminal[40].dlk.mac,useAnalytical,,,false
General-317-20260718-15:48:02-5193,param,Florasat_Individual_Sats.terminal[40].dlk,typename,,,"""Nodes._10_Terminal._20_Data_Link.Ter_Dlk"""
General-317-20260718-15:48:02-5193,param,Florasat_Individual_Sats.terminal[40].net.routing,typename,,,"""Global.Base._30_Network.Ter_Null_Routing"""
General-317-20260718-15:48:02-5193,param,Florasat_Individual_Sats.terminal[40].net,typename,,,"""Nodes._10_Terminal._30_Network.Ter_Net"""
General-317-20260718-15:48:02-5193,param,Florasat_Individual_Sats.terminal[40].net,layerName,,,"""Ter_Net"""
General-317-20260718-15:48:02-5193,attr,Florasat_Individual_Sats.terminal[40].net,layerName,optional,,
General-317-20260718-15:48:02-5193,param,Florasat_Individual_Sats.terminal[40].net,routingType,,,"""Ter_Null_Routing"""
General-317-20260718-15:48:02-5193,param,Florasat_Individual_Sats.terminal[40].app,typename,,,"""Nodes._10_Terminal._40_Application.Ter_App"""
General-317-20260718-15:48:02-5193,param,Florasat_Individual_Sats.terminal[40].app,layerName,,,"""TerminalApplicationLayer"""
General-317-20260718-15:48:02-5193,attr,Florasat_Individual_Sats.terminal[40].app,layerName,optional,,
General-317-20260718-15:48:02-5193,param,Florasat_Individual_Sats.terminal[40].app,numberOfPacketsToSend,,,0
General-317-20260718-15:48:02-5193,param,Florasat_Individual_Sats.terminal[40].app,timeToFirstPacket,,,1s
General-317-20260718-15:48:02-5193,attr,Florasat_Individual_Sats.terminal[40].app,timeToFirstPacket,unit,s,
General-317-20260718-15:48:02-5193,param,Florasat_Individual_Sats.terminal[40].app,timeToNextPacket,,,115s
General-317-20260718-15:48:02-5193,attr,Florasat_Individual_Sats.terminal[40].app,timeToNextPacket,unit,s,
General-317-20260718-15:48:02-5193,param,Florasat_Individual_Sats.terminal[40].app,timeToResponse,,,30s
General-317-20260718-15:48:02-5193,attr,Florasat_Individual_Sats.terminal[40].app,timeToResponse,unit,s,
General-317-20260718-15:48:02-5193,param,Florasat_Individual_Sats.terminal[40].app,timeToRetry,,,10s
General-317-20260718-15:48:02-5193,attr,Florasat_Individual_Sats.terminal[40].app,timeToRetry,unit,s,
General-317-20260718-15:48:02-5193,param,Florasat_Individual_Sats.terminal[40].app,ackTimeout,,,7s
General-317-20260718-15:48:02-5193,attr,Florasat_Individual_Sats.terminal[40].app,ackTimeout,unit,s,
General-317-20260718-15:48:02-5193,param,Florasat_Individual_Sats.terminal[40].app,timer,,,1s
General-317-20260718-15:48:02-5193,attr,Florasat_Individual_Sats.terminal[40].app,timer,unit,s,
General-317-20260718-15:48:02-5193,param,Florasat_Individual_Sats.terminal[40].app,initialLoRaTP,,,14dBm
General-317-20260718-15:48:02-5193,attr,Florasat_Individual_Sats.terminal[40].app,initialLoRaTP,unit,dBm,
General-317-20260718-15:48:02-5193,param,Florasat_Individual_Sats.terminal[40].app,initialLoRaCF,,,8.68e+08Hz
General-317-20260718-15:48:02-5193,attr,Florasat_Individual_Sats.terminal[40].app,initialLoRaCF,unit,Hz,
General-317-20260718-15:48:02-5193,param,Florasat_Individual_Sats.terminal[40].app,initialLoRaSF,,,12
General-317-20260718-15:48:02-5193,param,Florasat_Individual_Sats.terminal[40].app,initialLoRaBW,,,125000Hz
General-317-20260718-15:48:02-5193,attr,Florasat_Individual_Sats.terminal[40].app,initialLoRaBW,unit,Hz,
General-317-20260718-15:48:02-5193,param,Florasat_Individual_Sats.terminal[40].app,initialLoRaCR,,,4
General-317-20260718-15:48:02-5193,param,Florasat_Individual_Sats.terminal[40].app,initialUseHeader,,,true
General-317-20260718-15:48:02-5193,param,Florasat_Individual_Sats.terminal[40].app,initialPingSlot,,,1
General-317-20260718-15:48:02-5193,param,Florasat_Individual_Sats.terminal[40].app,InitClassA,,,true
General-317-20260718-15:48:02-5193,param,Florasat_Individual_Sats.terminal[40].app,InitClassB,,,false
General-317-20260718-15:48:02-5193,param,Florasat_Individual_Sats.terminal[40].app,evaluateADRinNode,,,false
General-317-20260718-15:48:02-5193,param,Florasat_Individual_Sats.terminal[40].app,payloadSize,,,10B
General-317-20260718-15:48:02-5193,attr,Florasat_Individual_Sats.terminal[40].app,payloadSize,unit,B,
General-317-20260718-15:48:02-5193,param,Florasat_Individual_Sats.terminal[40].app,usingAck,,,true
General-317-20260718-15:48:02-5193,param,Florasat_Individual_Sats.terminal[40].app,numGroundLinks,,,40
General-317-20260718-15:48:02-5193,param,Florasat_Individual_Sats.terminal[40].app,maxHops,,,50
General-317-20260718-15:48:02-5193,param,Florasat_Individual_Sats.terminal[40].app,nroMaxAttempts,,,0
General-317-20260718-15:48:02-5193,param,Florasat_Individual_Sats.terminal[40].eng,typename,,,"""Nodes._10_Terminal._50_Energy.Ter_Ene"""
General-317-20260718-15:48:02-5193,param,Florasat_Individual_Sats.terminal[40].mob,typename,,,"""Nodes._10_Terminal._60_Mobility.Ter_Mob"""
General-317-20260718-15:48:02-5193,param,Florasat_Individual_Sats.terminal[40].mob,subjectModule,,,"""^"""
General-317-20260718-15:48:02-5193,param,Florasat_Individual_Sats.terminal[40].mob,coordinateSystemModule,,,""""""
General-317-20260718-15:48:02-5193,param,Florasat_Individual_Sats.terminal[40].mob,displayStringTextFormat,,,"""p: %p\nv: %v"""
General-317-20260718-15:48:02-5193,attr,Florasat_Individual_Sats.terminal[40].mob,displayStringTextFormat,mutable,,
General-317-20260718-15:48:02-5193,param,Florasat_Individual_Sats.terminal[40].mob,updateDisplayString,,,true
General-317-20260718-15:48:02-5193,param,Florasat_Individual_Sats.terminal[40].mob,constraintAreaMinX,,,-inf m
General-317-20260718-15:48:02-5193,attr,Florasat_Individual_Sats.terminal[40].mob,constraintAreaMinX,unit,m,
General-317-20260718-15:48:02-5193,param,Florasat_Individual_Sats.terminal[40].mob,constraintAreaMinY,,,-inf m
General-317-20260718-15:48:02-5193,attr,Florasat_Individual_Sats.terminal[40].mob,constraintAreaMinY,unit,m,
General-317-20260718-15:48:02-5193,param,Florasat_Individual_Sats.terminal[40].mob,constraintAreaMinZ,,,-inf m
General-317-20260718-15:48:02-5193,attr,Florasat_Individual_Sats.terminal[40].mob,constraintAreaMinZ,unit,m,
General-317-20260718-15:48:02-5193,param,Florasat_Individual_Sats.terminal[40].mob,constraintAreaMaxX,,,inf m
General-317-20260718-15:48:02-5193,attr,Florasat_Individual_Sats.terminal[40].mob,constraintAreaMaxX,unit,m,
General-317-20260718-15:48:02-5193,param,Florasat_Individual_Sats.terminal[40].mob,constraintAreaMaxY,,,inf m
General-317-20260718-15:48:02-5193,attr,Florasat_Individual_Sats.terminal[40].mob,constraintAreaMaxY,unit,m,
General-317-20260718-15:48:02-5193,param,Florasat_Individual_Sats.terminal[40].mob,constraintAreaMaxZ,,,inf m
General-317-20260718-15:48:02-5193,attr,Florasat_Individual_Sats.terminal[40].mob,constraintAreaMaxZ,unit,m,
General-317-20260718-15:48:02-5193,param,Florasat_Individual_Sats.terminal[40].mob,initialX,,,nan m
General-317-20260718-15:48:02-5193,attr,Florasat_Individual_Sats.terminal[40].mob,initialX,unit,m,
General-317-20260718-15:48:02-5193,param,Florasat_Individual_Sats.terminal[40].mob,initialY,,,nan m
General-317-20260718-15:48:02-5193,attr,Florasat_Individual_Sats.terminal[40].mob,initialY,unit,m,
General-317-20260718-15:48:02-5193,param,Florasat_Individual_Sats.terminal[40].mob,initialZ,,,0m
General-317-20260718-15:48:02-5193,attr,Florasat_Individual_Sats.terminal[40].mob,initialZ,unit,m,
General-317-20260718-15:48:02-5193,param,Florasat_Individual_Sats.terminal[40].mob,initialLatitude,,,nan deg
General-317-20260718-15:48:02-5193,attr,Florasat_Individual_Sats.terminal[40].mob,initialLatitude,unit,deg,
General-317-20260718-15:48:02-5193,param,Florasat_Individual_Sats.terminal[40].mob,initialLongitude,,,nan deg
General-317-20260718-15:48:02-5193,attr,Florasat_Individual_Sats.terminal[40].mob,initialLongitude,unit,deg,
General-317-20260718-15:48:02-5193,param,Florasat_Individual_Sats.terminal[40].mob,initialAltitude,,,0m
General-317-20260718-15:48:02-5193,attr,Florasat_Individual_Sats.terminal[40].mob,initialAltitude,unit,m,
General-317-20260718-15:48:02-5193,param,Florasat_Individual_Sats.terminal[40].mob,initialHeading,,,0deg
General-317-20260718-15:48:02-5193,attr,Florasat_Individual_Sats.terminal[40].mob,initialHeading,unit,deg,
General-317-20260718-15:48:02-5193,param,Florasat_Individual_Sats.terminal[40].mob,initialElevation,,,0deg
General-317-20260718-15:48:02-5193,attr,Florasat_Individual_Sats.terminal[40].mob,initialElevation,unit,deg,
General-317-20260718-15:48:02-5193,param,Florasat_Individual_Sats.terminal[40].mob,initialBank,,,0deg
General-317-20260718-15:48:02-5193,attr,Florasat_Individual_Sats.terminal[40].mob,initialBank,unit,deg,
General-317-20260718-15:48:02-5193,param,Florasat_Individual_Sats.terminal[40].mob,initFromDisplayString,,,false
General-317-20260718-15:48:02-5193,param,Florasat_Individual_Sats.terminal[40].mob,updateFromDisplayString,,,false
General-317-20260718-15:48:02-5193,param,Florasat_Individual_Sats.terminal[40].mob,centerLatitude,,,48.135
General-317-20260718-15:48:02-5193,param,Florasat_Individual_Sats.terminal[40].mob,centerLongitude,,,11.582
General-317-20260718-15:48:02-5193,param,Florasat_Individual_Sats.terminal[40].mob,deploymentRadius,,,200
General-317-20260718-15:48:02-5193,param,Florasat_Individual_Sats.terminal[40],typename,,,"""Nodes._10_Terminal.Terminal"""
General-317-20260718-15:48:02-5193,param,Florasat_Individual_Sats.terminal[40],layerName,,,"""Terminal"""
General-317-20260718-15:48:02-5193,attr,Florasat_Individual_Sats.terminal[40],layerName,optional,,
General-317-20260718-15:48:02-5193,param,Florasat_Individual_Sats.terminal[40],sendData,,,true
General-317-20260718-15:48:02-5193,attr,Florasat_Individual_Sats.terminal[40],sendData,mutable,,
General-317-20260718-15:48:02-5193,param,Florasat_Individual_Sats.terminal[40],dstGsOrDev,,,0
General-317-20260718-15:48:02-5193,param,Florasat_Individual_Sats.terminal[41].phy.radio.antenna,typename,,,"""inet.physicallayer.wireless.common.antenna.IsotropicAntenna"""
General-317-20260718-15:48:02-5193,param,Florasat_Individual_Sats.terminal[41].phy.radio.antenna,mobilityModule,,,"""^.^.^.mob"""
General-317-20260718-15:48:02-5193,param,Florasat_Individual_Sats.terminal[41].phy.radio.antenna,numAntennas,,,1
General-317-20260718-15:48:02-5193,param,Florasat_Individual_Sats.terminal[41].phy.radio.transmitter,typename,,,"""Global.Transceiver.LoRaTransmitter"""
General-317-20260718-15:48:02-5193,param,Florasat_Individual_Sats.terminal[41].phy.radio.transmitter,preambleDuration,,,0.001s
General-317-20260718-15:48:02-5193,attr,Florasat_Individual_Sats.terminal[41].phy.radio.transmitter,preambleDuration,unit,s,
General-317-20260718-15:48:02-5193,param,Florasat_Individual_Sats.terminal[41].phy.radio.transmitter,headerLength,,,40b
General-317-20260718-15:48:02-5193,attr,Florasat_Individual_Sats.terminal[41].phy.radio.transmitter,headerLength,unit,b,
General-317-20260718-15:48:02-5193,param,Florasat_Individual_Sats.terminal[41].phy.radio.transmitter,bitrate,,,250000bps
General-317-20260718-15:48:02-5193,attr,Florasat_Individual_Sats.terminal[41].phy.radio.transmitter,bitrate,unit,bps,
General-317-20260718-15:48:02-5193,param,Florasat_Individual_Sats.terminal[41].phy.radio.transmitter,power,,,0.025118W
General-317-20260718-15:48:02-5193,attr,Florasat_Individual_Sats.terminal[41].phy.radio.transmitter,power,unit,W,
General-317-20260718-15:48:02-5193,param,Florasat_Individual_Sats.terminal[41].phy.radio.transmitter,centerFrequency,,,8.68e+08Hz
General-317-20260718-15:48:02-5193,attr,Florasat_Individual_Sats.terminal[41].phy.radio.transmitter,centerFrequency,unit,Hz,
General-317-20260718-15:48:02-5193,param,Florasat_Individual_Sats.terminal[41].phy.radio.transmitter,bandwidth,,,250000Hz
General-317-20260718-15:48:02-5193,attr,Florasat_Individual_Sats.terminal[41].phy.radio.transmitter,bandwidth,unit,Hz,
General-317-20260718-15:48:02-5193,param,Florasat_Individual_Sats.terminal[41].phy.radio.transmitter,codeRate,,,1
General-317-20260718-15:48:02-5193,param,Florasat_Individual_Sats.terminal[41].phy.radio.transmitter,modulation,,,"""LoRaModulation"""
General-317-20260718-15:48:02-5193,param,Florasat_Individual_Sats.terminal[41].phy.radio.receiver,typename,,,"""Global.Transceiver.LoRaReceiver"""
General-317-20260718-15:48:02-5193,param,Florasat_Individual_Sats.terminal[41].phy.radio.receiver,energyDetection,,,-90dBm
General-317-20260718-15:48:02-5193,attr,Florasat_Individual_Sats.terminal[41].phy.radio.receiver,energyDetection,unit,dBm,
General-317-20260718-15:48:02-5193,param,Florasat_Individual_Sats.terminal[41].phy.radio.receiver,sensitivity,,,-137dBm
General-317-20260718-15:48:02-5193,attr,Florasat_Individual_Sats.terminal[41].phy.radio.receiver,sensitivity,unit,dBm,
General-317-20260718-15:48:02-5193,param,Florasat_Individual_Sats.terminal[41].phy.radio.receiver,snirThreshold,,,-8dB
General-317-20260718-15:48:02-5193,attr,Florasat_Individual_Sats.terminal[41].phy.radio.receiver,snirThreshold,unit,dB,
General-317-20260718-15:48:02-5193,param,Florasat_Individual_Sats.terminal[41].phy.radio.receiver,centerFrequency,,,8.68e+08Hz
General-317-20260718-15:48:02-5193,attr,Florasat_Individual_Sats.terminal[41].phy.radio.receiver,centerFrequency,unit,Hz,
General-317-20260718-15:48:02-5193,param,Florasat_Individual_Sats.terminal[41].phy.radio.receiver,bandwidth,,,250000Hz
General-317-20260718-15:48:02-5193,attr,Florasat_Individual_Sats.terminal[41].phy.radio.receiver,bandwidth,unit,Hz,
General-317-20260718-15:48:02-5193,param,Florasat_Individual_Sats.terminal[41].phy.radio.receiver,alohaChannelModel,,,false
General-317-20260718-15:48:02-5193,param,Florasat_Individual_Sats.terminal[41].phy.radio.receiver,errorModelType,,,""""""
General-317-20260718-15:48:02-5193,param,Florasat_Individual_Sats.terminal[41].phy.radio.receiver,ignoreInterference,,,false
General-317-20260718-15:48:02-5193,param,Florasat_Individual_Sats.terminal[41].phy.radio.receiver,enableCollisionOverlap,,,false
General-317-20260718-15:48:02-5193,param,Florasat_Individual_Sats.terminal[41].phy.radio.receiver,minCollisionOverlap,,,0s
General-317-20260718-15:48:02-5193,attr,Florasat_Individual_Sats.terminal[41].phy.radio.receiver,minCollisionOverlap,unit,s,
General-317-20260718-15:48:02-5193,param,Florasat_Individual_Sats.terminal[41].phy.radio.IdealEpEnergyStorage,typename,,,"""inet.power.storage.IdealEpEnergyStorage"""
General-317-20260718-15:48:02-5193,param,Florasat_Individual_Sats.terminal[41].phy.radio,typename,,,"""Nodes._10_Terminal._10_Physical.Ter_Phy_LoRaRadio"""
General-317-20260718-15:48:02-5193,param,Florasat_Individual_Sats.terminal[41].phy.radio,radioMediumModule,,,"""radioMedium"""
General-317-20260718-15:48:02-5193,param,Florasat_Individual_Sats.terminal[41].phy.radio,energySourceModule,,,""""""
General-317-20260718-15:48:02-5193,param,Florasat_Individual_Sats.terminal[41].phy.radio,initialRadioMode,,,"""off"""
General-317-20260718-15:48:02-5193,attr,Florasat_Individual_Sats.terminal[41].phy.radio,initialRadioMode,enum,"off,sleep,receiver,transmitter,transceiver",
General-317-20260718-15:48:02-5193,param,Florasat_Individual_Sats.terminal[41].phy.radio,switchingTimes,,,"""ms 0 0 0 0 0 0 0 0 0 0 0 0 0 0 0 0 0 0 0 0 0 0 0 0 0"""
General-317-20260718-15:48:02-5193,param,Florasat_Individual_Sats.terminal[41].phy.radio,sendRawBytes,,,false
General-317-20260718-15:48:02-5193,param,Florasat_Individual_Sats.terminal[41].phy.radio,separateTransmissionParts,,,false
General-317-20260718-15:48:02-5193,param,Florasat_Individual_Sats.terminal[41].phy.radio,separateReceptionParts,,,false
General-317-20260718-15:48:02-5193,param,Florasat_Individual_Sats.terminal[41].phy.radio,displayCommunicationRange,,,false
General-317-20260718-15:48:02-5193,param,Florasat_Individual_Sats.terminal[41].phy.radio,displayInterferenceRange,,,false
General-317-20260718-15:48:02-5193,param,Florasat_Individual_Sats.terminal[41].phy.radio,centerFrequency,,,8.68e+08Hz
General-317-20260718-15:48:02-5193,attr,Florasat_Individual_Sats.terminal[41].phy.radio,centerFrequency,unit,Hz,
General-317-20260718-15:48:02-5193,param,Florasat_Individual_Sats.terminal[41].phy.radio,bandwidth,,,250000Hz
General-317-20260718-15:48:02-5193,attr,Florasat_Individual_Sats.terminal[41].phy.radio,bandwidth,unit,Hz,
General-317-20260718-15:48:02-5193,param,Florasat_Individual_Sats.terminal[41].phy.radio,iAmGateway,,,false
General-317-20260718-15:48:02-5193,param,Florasat_Individual_Sats.terminal[41].phy,typename,,,"""Nodes._10_Terminal._10_Physical.Ter_Phy"""
General-317-20260718-15:48:02-5193,param,Florasat_Individual_Sats.terminal[41].phy,layerName,,,"""Ter_Phy"""
General-317-20260718-15:48:02-5193,attr,Florasat_Individual_Sats.terminal[41].phy,layerName,optional,,
General-317-20260718-15:48:02-5193,param,Florasat_Individual_Sats.terminal[41].dlk.mac.queue,typename,,,"""inet.queueing.queue.DropTailQueue"""
General-317-20260718-15:48:02-5193,param,Florasat_Individual_Sats.terminal[41].dlk.mac.queue,displayStringTextFormat,,,"""contains %p pk (%l) pushed %u\npulled %o removed %r dropped %d"""
General-317-20260718-15:48:02-5193,param,Florasat_Individual_Sats.terminal[41].dlk.mac.queue,packetCapacity,,,-1
General-317-20260718-15:48:02-5193,param,Florasat_Individual_Sats.terminal[41].dlk.mac.queue,dataCapacity,,,-1b
General-317-20260718-15:48:02-5193,attr,Florasat_Individual_Sats.terminal[41].dlk.mac.queue,dataCapacity,unit,b,
General-317-20260718-15:48:02-5193,param,Florasat_Individual_Sats.terminal[41].dlk.mac.queue,dropperClass,,,"""inet::queueing::PacketAtCollectionEndDropper"""
General-317-20260718-15:48:02-5193,param,Florasat_Individual_Sats.terminal[41].dlk.mac.queue,comparatorClass,,,""""""
General-317-20260718-15:48:02-5193,param,Florasat_Individual_Sats.terminal[41].dlk.mac.queue,bufferModule,,,""""""
General-317-20260718-15:48:02-5193,param,Florasat_Individual_Sats.terminal[41].dlk.mac.mlBox,typename,,,"""Nodes._10_Terminal._20_Data_Link.Transmission_Predictor.Transmission_Predictor"""
General-317-20260718-15:48:02-5193,param,Florasat_Individual_Sats.terminal[41].dlk.mac.mlBox,modelPath,,,"""/home/ylnner/Documents/omnet++/omnetpp-6.3.0/projects/florasat_v4_ult_routing/simulations/Test_Individual/mlmodels/transformer_scripted.pt"""
General-317-20260718-15:48:02-5193,param,Florasat_Individual_Sats.terminal[41].dlk.mac.mlBox,threshold,,,0.2
General-317-20260718-15:48:02-5193,param,Florasat_Individual_Sats.terminal[41].dlk.mac.mlBox,scalerPath,,,""""""
General-317-20260718-15:48:02-5193,param,Florasat_Individual_Sats.terminal[41].dlk.mac,typename,,,"""Nodes._10_Terminal._20_Data_Link.Ter_Dlk_KiWan"""
General-317-20260718-15:48:02-5193,param,Florasat_Individual_Sats.terminal[41].dlk.mac,interfaceTableModule,,,""""""
General-317-20260718-15:48:02-5193,param,Florasat_Individual_Sats.terminal[41].dlk.mac,radioModule,,,"""^.^.phy.radio"""
General-317-20260718-15:48:02-5193,param,Florasat_Individual_Sats.terminal[41].dlk.mac,address,,,"""0A-AA-00-00-00-2A"""
General-317-20260718-15:48:02-5193,attr,Florasat_Individual_Sats.terminal[41].dlk.mac,address,mutable,,
General-317-20260718-15:48:02-5193,param,Florasat_Individual_Sats.terminal[41].dlk.mac,mtu,,,1500
General-317-20260718-15:48:02-5193,param,Florasat_Individual_Sats.terminal[41].dlk.mac,ttwDuration,,,100s
General-317-20260718-15:48:02-5193,attr,Florasat_Individual_Sats.terminal[41].dlk.mac,ttwDuration,unit,s,
General-317-20260718-15:48:02-5193,param,Florasat_Individual_Sats.terminal[41].dlk.mac,ttwIdle,,,0s
General-317-20260718-15:48:02-5193,attr,Florasat_Individual_Sats.terminal[41].dlk.mac,ttwIdle,unit,s,
General-317-20260718-15:48:02-5193,param,Florasat_Individual_Sats.terminal[41].dlk.mac,ttxStart_min,,,0s
General-317-20260718-15:48:02-5193,attr,Florasat_Individual_Sats.terminal[41].dlk.mac,ttxStart_min,unit,s,
General-317-20260718-15:48:02-5193,param,Florasat_Individual_Sats.terminal[41].dlk.mac,ttxStart_max,,,1s
General-317-20260718-15:48:02-5193,attr,Florasat_Individual_Sats.terminal[41].dlk.mac,ttxStart_max,unit,s,
General-317-20260718-15:48:02-5193,param,Florasat_Individual_Sats.terminal[41].dlk.mac,ttxIdle_min,,,10s
General-317-20260718-15:48:02-5193,attr,Florasat_Individual_Sats.terminal[41].dlk.mac,ttxIdle_min,unit,s,
General-317-20260718-15:48:02-5193,param,Florasat_Individual_Sats.terminal[41].dlk.mac,ttxIdle_max,,,15s
General-317-20260718-15:48:02-5193,attr,Florasat_Individual_Sats.terminal[41].dlk.mac,ttxIdle_max,unit,s,
General-317-20260718-15:48:02-5193,param,Florasat_Individual_Sats.terminal[41].dlk.mac,Ntw,,,1
General-317-20260718-15:48:02-5193,param,Florasat_Individual_Sats.terminal[41].dlk.mac,Ntx,,,5
General-317-20260718-15:48:02-5193,param,Florasat_Individual_Sats.terminal[41].dlk.mac,enableSatDetect,,,false
General-317-20260718-15:48:02-5193,param,Florasat_Individual_Sats.terminal[41].dlk.mac,tsdStart_min,,,0s
General-317-20260718-15:48:02-5193,attr,Florasat_Individual_Sats.terminal[41].dlk.mac,tsdStart_min,unit,s,
General-317-20260718-15:48:02-5193,param,Florasat_Individual_Sats.terminal[41].dlk.mac,tsdStart_max,,,60s
General-317-20260718-15:48:02-5193,attr,Florasat_Individual_Sats.terminal[41].dlk.mac,tsdStart_max,unit,s,
General-317-20260718-15:48:02-5193,param,Florasat_Individual_Sats.terminal[41].dlk.mac,Ndetect,,,4
General-317-20260718-15:48:02-5193,param,Florasat_Individual_Sats.terminal[41].dlk.mac,NsdSync,,,2
General-317-20260718-15:48:02-5193,param,Florasat_Individual_Sats.terminal[41].dlk.mac,tsyncIdle,,,60s
General-317-20260718-15:48:02-5193,attr,Florasat_Individual_Sats.terminal[41].dlk.mac,tsyncIdle,unit,s,
General-317-20260718-15:48:02-5193,param,Florasat_Individual_Sats.terminal[41].dlk.mac,tsdIdle,,,240s
General-317-20260718-15:48:02-5193,attr,Florasat_Individual_Sats.terminal[41].dlk.mac,tsdIdle,unit,s,
General-317-20260718-15:48:02-5193,param,Florasat_Individual_Sats.terminal[41].dlk.mac,satelliteDetectionProbability,,,0.9
General-317-20260718-15:48:02-5193,param,Florasat_Individual_Sats.terminal[41].dlk.mac,minimumElevation,,,5
General-317-20260718-15:48:02-5193,param,Florasat_Individual_Sats.terminal[41].dlk.mac,detectInitialListen,,,0.33s
General-317-20260718-15:48:02-5193,attr,Florasat_Individual_Sats.terminal[41].dlk.mac,detectInitialListen,unit,s,
General-317-20260718-15:48:02-5193,param,Florasat_Individual_Sats.terminal[41].dlk.mac,detectSuccessExtraMin,,,0.075s
General-317-20260718-15:48:02-5193,attr,Florasat_Individual_Sats.terminal[41].dlk.mac,detectSuccessExtraMin,unit,s,
General-317-20260718-15:48:02-5193,param,Florasat_Individual_Sats.terminal[41].dlk.mac,detectSuccessExtraMax,,,1.67s
General-317-20260718-15:48:02-5193,attr,Florasat_Individual_Sats.terminal[41].dlk.mac,detectSuccessExtraMax,unit,s,
General-317-20260718-15:48:02-5193,param,Florasat_Individual_Sats.terminal[41].dlk.mac,detectMissExtra,,,1.67s
General-317-20260718-15:48:02-5193,attr,Florasat_Individual_Sats.terminal[41].dlk.mac,detectMissExtra,unit,s,
General-317-20260718-15:48:02-5193,param,Florasat_Individual_Sats.terminal[41].dlk.mac,LoRaSF,,,11
General-317-20260718-15:48:02-5193,param,Florasat_Individual_Sats.terminal[41].dlk.mac,LoRaTP,,,13
General-317-20260718-15:48:02-5193,param,Florasat_Individual_Sats.terminal[41].dlk.mac,LoRaCF,,,8.68e+08
General-317-20260718-15:48:02-5193,param,Florasat_Individual_Sats.terminal[41].dlk.mac,LoRaBW,,,125000
General-317-20260718-15:48:02-5193,param,Florasat_Individual_Sats.terminal[41].dlk.mac,LoRaCR,,,1
General-317-20260718-15:48:02-5193,param,Florasat_Individual_Sats.terminal[41].dlk.mac,useMLBox,,,true
General-317-20260718-15:48:02-5193,param,Florasat_Individual_Sats.terminal[41].dlk.mac,useMLBoxBiLSTM,,,false
General-317-20260718-15:48:02-5193,param,Florasat_Individual_Sats.terminal[41].dlk.mac,useAnalytical,,,false
General-317-20260718-15:48:02-5193,param,Florasat_Individual_Sats.terminal[41].dlk,typename,,,"""Nodes._10_Terminal._20_Data_Link.Ter_Dlk"""
General-317-20260718-15:48:02-5193,param,Florasat_Individual_Sats.terminal[41].net.routing,typename,,,"""Global.Base._30_Network.Ter_Null_Routing"""
General-317-20260718-15:48:02-5193,param,Florasat_Individual_Sats.terminal[41].net,typename,,,"""Nodes._10_Terminal._30_Network.Ter_Net"""
General-317-20260718-15:48:02-5193,param,Florasat_Individual_Sats.terminal[41].net,layerName,,,"""Ter_Net"""
General-317-20260718-15:48:02-5193,attr,Florasat_Individual_Sats.terminal[41].net,layerName,optional,,
General-317-20260718-15:48:02-5193,param,Florasat_Individual_Sats.terminal[41].net,routingType,,,"""Ter_Null_Routing"""
General-317-20260718-15:48:02-5193,param,Florasat_Individual_Sats.terminal[41].app,typename,,,"""Nodes._10_Terminal._40_Application.Ter_App"""
General-317-20260718-15:48:02-5193,param,Florasat_Individual_Sats.terminal[41].app,layerName,,,"""TerminalApplicationLayer"""
General-317-20260718-15:48:02-5193,attr,Florasat_Individual_Sats.terminal[41].app,layerName,optional,,
General-317-20260718-15:48:02-5193,param,Florasat_Individual_Sats.terminal[41].app,numberOfPacketsToSend,,,0
General-317-20260718-15:48:02-5193,param,Florasat_Individual_Sats.terminal[41].app,timeToFirstPacket,,,1s
General-317-20260718-15:48:02-5193,attr,Florasat_Individual_Sats.terminal[41].app,timeToFirstPacket,unit,s,
General-317-20260718-15:48:02-5193,param,Florasat_Individual_Sats.terminal[41].app,timeToNextPacket,,,115s
General-317-20260718-15:48:02-5193,attr,Florasat_Individual_Sats.terminal[41].app,timeToNextPacket,unit,s,
General-317-20260718-15:48:02-5193,param,Florasat_Individual_Sats.terminal[41].app,timeToResponse,,,30s
General-317-20260718-15:48:02-5193,attr,Florasat_Individual_Sats.terminal[41].app,timeToResponse,unit,s,
General-317-20260718-15:48:02-5193,param,Florasat_Individual_Sats.terminal[41].app,timeToRetry,,,10s
General-317-20260718-15:48:02-5193,attr,Florasat_Individual_Sats.terminal[41].app,timeToRetry,unit,s,
General-317-20260718-15:48:02-5193,param,Florasat_Individual_Sats.terminal[41].app,ackTimeout,,,7s
General-317-20260718-15:48:02-5193,attr,Florasat_Individual_Sats.terminal[41].app,ackTimeout,unit,s,
General-317-20260718-15:48:02-5193,param,Florasat_Individual_Sats.terminal[41].app,timer,,,1s
General-317-20260718-15:48:02-5193,attr,Florasat_Individual_Sats.terminal[41].app,timer,unit,s,
General-317-20260718-15:48:02-5193,param,Florasat_Individual_Sats.terminal[41].app,initialLoRaTP,,,14dBm
General-317-20260718-15:48:02-5193,attr,Florasat_Individual_Sats.terminal[41].app,initialLoRaTP,unit,dBm,
General-317-20260718-15:48:02-5193,param,Florasat_Individual_Sats.terminal[41].app,initialLoRaCF,,,8.68e+08Hz
General-317-20260718-15:48:02-5193,attr,Florasat_Individual_Sats.terminal[41].app,initialLoRaCF,unit,Hz,
General-317-20260718-15:48:02-5193,param,Florasat_Individual_Sats.terminal[41].app,initialLoRaSF,,,12
General-317-20260718-15:48:02-5193,param,Florasat_Individual_Sats.terminal[41].app,initialLoRaBW,,,125000Hz
General-317-20260718-15:48:02-5193,attr,Florasat_Individual_Sats.terminal[41].app,initialLoRaBW,unit,Hz,
General-317-20260718-15:48:02-5193,param,Florasat_Individual_Sats.terminal[41].app,initialLoRaCR,,,4
General-317-20260718-15:48:02-5193,param,Florasat_Individual_Sats.terminal[41].app,initialUseHeader,,,true
General-317-20260718-15:48:02-5193,param,Florasat_Individual_Sats.terminal[41].app,initialPingSlot,,,1
General-317-20260718-15:48:02-5193,param,Florasat_Individual_Sats.terminal[41].app,InitClassA,,,true
General-317-20260718-15:48:02-5193,param,Florasat_Individual_Sats.terminal[41].app,InitClassB,,,false
General-317-20260718-15:48:02-5193,param,Florasat_Individual_Sats.terminal[41].app,evaluateADRinNode,,,false
General-317-20260718-15:48:02-5193,param,Florasat_Individual_Sats.terminal[41].app,payloadSize,,,10B
General-317-20260718-15:48:02-5193,attr,Florasat_Individual_Sats.terminal[41].app,payloadSize,unit,B,
General-317-20260718-15:48:02-5193,param,Florasat_Individual_Sats.terminal[41].app,usingAck,,,true
General-317-20260718-15:48:02-5193,param,Florasat_Individual_Sats.terminal[41].app,numGroundLinks,,,40
General-317-20260718-15:48:02-5193,param,Florasat_Individual_Sats.terminal[41].app,maxHops,,,50
General-317-20260718-15:48:02-5193,param,Florasat_Individual_Sats.terminal[41].app,nroMaxAttempts,,,0
General-317-20260718-15:48:02-5193,param,Florasat_Individual_Sats.terminal[41].eng,typename,,,"""Nodes._10_Terminal._50_Energy.Ter_Ene"""
General-317-20260718-15:48:02-5193,param,Florasat_Individual_Sats.terminal[41].mob,typename,,,"""Nodes._10_Terminal._60_Mobility.Ter_Mob"""
General-317-20260718-15:48:02-5193,param,Florasat_Individual_Sats.terminal[41].mob,subjectModule,,,"""^"""
General-317-20260718-15:48:02-5193,param,Florasat_Individual_Sats.terminal[41].mob,coordinateSystemModule,,,""""""
General-317-20260718-15:48:02-5193,param,Florasat_Individual_Sats.terminal[41].mob,displayStringTextFormat,,,"""p: %p\nv: %v"""
General-317-20260718-15:48:02-5193,attr,Florasat_Individual_Sats.terminal[41].mob,displayStringTextFormat,mutable,,
General-317-20260718-15:48:02-5193,param,Florasat_Individual_Sats.terminal[41].mob,updateDisplayString,,,true
General-317-20260718-15:48:02-5193,param,Florasat_Individual_Sats.terminal[41].mob,constraintAreaMinX,,,-inf m
General-317-20260718-15:48:02-5193,attr,Florasat_Individual_Sats.terminal[41].mob,constraintAreaMinX,unit,m,
General-317-20260718-15:48:02-5193,param,Florasat_Individual_Sats.terminal[41].mob,constraintAreaMinY,,,-inf m
General-317-20260718-15:48:02-5193,attr,Florasat_Individual_Sats.terminal[41].mob,constraintAreaMinY,unit,m,
General-317-20260718-15:48:02-5193,param,Florasat_Individual_Sats.terminal[41].mob,constraintAreaMinZ,,,-inf m
General-317-20260718-15:48:02-5193,attr,Florasat_Individual_Sats.terminal[41].mob,constraintAreaMinZ,unit,m,
General-317-20260718-15:48:02-5193,param,Florasat_Individual_Sats.terminal[41].mob,constraintAreaMaxX,,,inf m
General-317-20260718-15:48:02-5193,attr,Florasat_Individual_Sats.terminal[41].mob,constraintAreaMaxX,unit,m,
General-317-20260718-15:48:02-5193,param,Florasat_Individual_Sats.terminal[41].mob,constraintAreaMaxY,,,inf m
General-317-20260718-15:48:02-5193,attr,Florasat_Individual_Sats.terminal[41].mob,constraintAreaMaxY,unit,m,
General-317-20260718-15:48:02-5193,param,Florasat_Individual_Sats.terminal[41].mob,constraintAreaMaxZ,,,inf m
General-317-20260718-15:48:02-5193,attr,Florasat_Individual_Sats.terminal[41].mob,constraintAreaMaxZ,unit,m,
General-317-20260718-15:48:02-5193,param,Florasat_Individual_Sats.terminal[41].mob,initialX,,,nan m
General-317-20260718-15:48:02-5193,attr,Florasat_Individual_Sats.terminal[41].mob,initialX,unit,m,
General-317-20260718-15:48:02-5193,param,Florasat_Individual_Sats.terminal[41].mob,initialY,,,nan m
General-317-20260718-15:48:02-5193,attr,Florasat_Individual_Sats.terminal[41].mob,initialY,unit,m,
General-317-20260718-15:48:02-5193,param,Florasat_Individual_Sats.terminal[41].mob,initialZ,,,0m
General-317-20260718-15:48:02-5193,attr,Florasat_Individual_Sats.terminal[41].mob,initialZ,unit,m,
General-317-20260718-15:48:02-5193,param,Florasat_Individual_Sats.terminal[41].mob,initialLatitude,,,nan deg
General-317-20260718-15:48:02-5193,attr,Florasat_Individual_Sats.terminal[41].mob,initialLatitude,unit,deg,
General-317-20260718-15:48:02-5193,param,Florasat_Individual_Sats.terminal[41].mob,initialLongitude,,,nan deg
General-317-20260718-15:48:02-5193,attr,Florasat_Individual_Sats.terminal[41].mob,initialLongitude,unit,deg,
General-317-20260718-15:48:02-5193,param,Florasat_Individual_Sats.terminal[41].mob,initialAltitude,,,0m
General-317-20260718-15:48:02-5193,attr,Florasat_Individual_Sats.terminal[41].mob,initialAltitude,unit,m,
General-317-20260718-15:48:02-5193,param,Florasat_Individual_Sats.terminal[41].mob,initialHeading,,,0deg
General-317-20260718-15:48:02-5193,attr,Florasat_Individual_Sats.terminal[41].mob,initialHeading,unit,deg,
General-317-20260718-15:48:02-5193,param,Florasat_Individual_Sats.terminal[41].mob,initialElevation,,,0deg
General-317-20260718-15:48:02-5193,attr,Florasat_Individual_Sats.terminal[41].mob,initialElevation,unit,deg,
General-317-20260718-15:48:02-5193,param,Florasat_Individual_Sats.terminal[41].mob,initialBank,,,0deg
General-317-20260718-15:48:02-5193,attr,Florasat_Individual_Sats.terminal[41].mob,initialBank,unit,deg,
General-317-20260718-15:48:02-5193,param,Florasat_Individual_Sats.terminal[41].mob,initFromDisplayString,,,false
General-317-20260718-15:48:02-5193,param,Florasat_Individual_Sats.terminal[41].mob,updateFromDisplayString,,,false
General-317-20260718-15:48:02-5193,param,Florasat_Individual_Sats.terminal[41].mob,centerLatitude,,,50.11
General-317-20260718-15:48:02-5193,param,Florasat_Individual_Sats.terminal[41].mob,centerLongitude,,,8.682
General-317-20260718-15:48:02-5193,param,Florasat_Individual_Sats.terminal[41].mob,deploymentRadius,,,200
General-317-20260718-15:48:02-5193,param,Florasat_Individual_Sats.terminal[41],typename,,,"""Nodes._10_Terminal.Terminal"""
General-317-20260718-15:48:02-5193,param,Florasat_Individual_Sats.terminal[41],layerName,,,"""Terminal"""
General-317-20260718-15:48:02-5193,attr,Florasat_Individual_Sats.terminal[41],layerName,optional,,
General-317-20260718-15:48:02-5193,param,Florasat_Individual_Sats.terminal[41],sendData,,,true
General-317-20260718-15:48:02-5193,attr,Florasat_Individual_Sats.terminal[41],sendData,mutable,,
General-317-20260718-15:48:02-5193,param,Florasat_Individual_Sats.terminal[41],dstGsOrDev,,,0
General-317-20260718-15:48:02-5193,param,Florasat_Individual_Sats.terminal[42].phy.radio.antenna,typename,,,"""inet.physicallayer.wireless.common.antenna.IsotropicAntenna"""
General-317-20260718-15:48:02-5193,param,Florasat_Individual_Sats.terminal[42].phy.radio.antenna,mobilityModule,,,"""^.^.^.mob"""
General-317-20260718-15:48:02-5193,param,Florasat_Individual_Sats.terminal[42].phy.radio.antenna,numAntennas,,,1
General-317-20260718-15:48:02-5193,param,Florasat_Individual_Sats.terminal[42].phy.radio.transmitter,typename,,,"""Global.Transceiver.LoRaTransmitter"""
General-317-20260718-15:48:02-5193,param,Florasat_Individual_Sats.terminal[42].phy.radio.transmitter,preambleDuration,,,0.001s
General-317-20260718-15:48:02-5193,attr,Florasat_Individual_Sats.terminal[42].phy.radio.transmitter,preambleDuration,unit,s,
General-317-20260718-15:48:02-5193,param,Florasat_Individual_Sats.terminal[42].phy.radio.transmitter,headerLength,,,40b
General-317-20260718-15:48:02-5193,attr,Florasat_Individual_Sats.terminal[42].phy.radio.transmitter,headerLength,unit,b,
General-317-20260718-15:48:02-5193,param,Florasat_Individual_Sats.terminal[42].phy.radio.transmitter,bitrate,,,250000bps
General-317-20260718-15:48:02-5193,attr,Florasat_Individual_Sats.terminal[42].phy.radio.transmitter,bitrate,unit,bps,
General-317-20260718-15:48:02-5193,param,Florasat_Individual_Sats.terminal[42].phy.radio.transmitter,power,,,0.025118W
General-317-20260718-15:48:02-5193,attr,Florasat_Individual_Sats.terminal[42].phy.radio.transmitter,power,unit,W,
General-317-20260718-15:48:02-5193,param,Florasat_Individual_Sats.terminal[42].phy.radio.transmitter,centerFrequency,,,8.68e+08Hz
General-317-20260718-15:48:02-5193,attr,Florasat_Individual_Sats.terminal[42].phy.radio.transmitter,centerFrequency,unit,Hz,
General-317-20260718-15:48:02-5193,param,Florasat_Individual_Sats.terminal[42].phy.radio.transmitter,bandwidth,,,250000Hz
General-317-20260718-15:48:02-5193,attr,Florasat_Individual_Sats.terminal[42].phy.radio.transmitter,bandwidth,unit,Hz,
General-317-20260718-15:48:02-5193,param,Florasat_Individual_Sats.terminal[42].phy.radio.transmitter,codeRate,,,1
General-317-20260718-15:48:02-5193,param,Florasat_Individual_Sats.terminal[42].phy.radio.transmitter,modulation,,,"""LoRaModulation"""
General-317-20260718-15:48:02-5193,param,Florasat_Individual_Sats.terminal[42].phy.radio.receiver,typename,,,"""Global.Transceiver.LoRaReceiver"""
General-317-20260718-15:48:02-5193,param,Florasat_Individual_Sats.terminal[42].phy.radio.receiver,energyDetection,,,-90dBm
General-317-20260718-15:48:02-5193,attr,Florasat_Individual_Sats.terminal[42].phy.radio.receiver,energyDetection,unit,dBm,
General-317-20260718-15:48:02-5193,param,Florasat_Individual_Sats.terminal[42].phy.radio.receiver,sensitivity,,,-137dBm
General-317-20260718-15:48:02-5193,attr,Florasat_Individual_Sats.terminal[42].phy.radio.receiver,sensitivity,unit,dBm,
General-317-20260718-15:48:02-5193,param,Florasat_Individual_Sats.terminal[42].phy.radio.receiver,snirThreshold,,,-8dB
General-317-20260718-15:48:02-5193,attr,Florasat_Individual_Sats.terminal[42].phy.radio.receiver,snirThreshold,unit,dB,
General-317-20260718-15:48:02-5193,param,Florasat_Individual_Sats.terminal[42].phy.radio.receiver,centerFrequency,,,8.68e+08Hz
General-317-20260718-15:48:02-5193,attr,Florasat_Individual_Sats.terminal[42].phy.radio.receiver,centerFrequency,unit,Hz,
General-317-20260718-15:48:02-5193,param,Florasat_Individual_Sats.terminal[42].phy.radio.receiver,bandwidth,,,250000Hz
General-317-20260718-15:48:02-5193,attr,Florasat_Individual_Sats.terminal[42].phy.radio.receiver,bandwidth,unit,Hz,
General-317-20260718-15:48:02-5193,param,Florasat_Individual_Sats.terminal[42].phy.radio.receiver,alohaChannelModel,,,false
General-317-20260718-15:48:02-5193,param,Florasat_Individual_Sats.terminal[42].phy.radio.receiver,errorModelType,,,""""""
General-317-20260718-15:48:02-5193,param,Florasat_Individual_Sats.terminal[42].phy.radio.receiver,ignoreInterference,,,false
General-317-20260718-15:48:02-5193,param,Florasat_Individual_Sats.terminal[42].phy.radio.receiver,enableCollisionOverlap,,,false
General-317-20260718-15:48:02-5193,param,Florasat_Individual_Sats.terminal[42].phy.radio.receiver,minCollisionOverlap,,,0s
General-317-20260718-15:48:02-5193,attr,Florasat_Individual_Sats.terminal[42].phy.radio.receiver,minCollisionOverlap,unit,s,
General-317-20260718-15:48:02-5193,param,Florasat_Individual_Sats.terminal[42].phy.radio.IdealEpEnergyStorage,typename,,,"""inet.power.storage.IdealEpEnergyStorage"""
General-317-20260718-15:48:02-5193,param,Florasat_Individual_Sats.terminal[42].phy.radio,typename,,,"""Nodes._10_Terminal._10_Physical.Ter_Phy_LoRaRadio"""
General-317-20260718-15:48:02-5193,param,Florasat_Individual_Sats.terminal[42].phy.radio,radioMediumModule,,,"""radioMedium"""
General-317-20260718-15:48:02-5193,param,Florasat_Individual_Sats.terminal[42].phy.radio,energySourceModule,,,""""""
General-317-20260718-15:48:02-5193,param,Florasat_Individual_Sats.terminal[42].phy.radio,initialRadioMode,,,"""off"""
General-317-20260718-15:48:02-5193,attr,Florasat_Individual_Sats.terminal[42].phy.radio,initialRadioMode,enum,"off,sleep,receiver,transmitter,transceiver",
General-317-20260718-15:48:02-5193,param,Florasat_Individual_Sats.terminal[42].phy.radio,switchingTimes,,,"""ms 0 0 0 0 0 0 0 0 0 0 0 0 0 0 0 0 0 0 0 0 0 0 0 0 0"""
General-317-20260718-15:48:02-5193,param,Florasat_Individual_Sats.terminal[42].phy.radio,sendRawBytes,,,false
General-317-20260718-15:48:02-5193,param,Florasat_Individual_Sats.terminal[42].phy.radio,separateTransmissionParts,,,false
General-317-20260718-15:48:02-5193,param,Florasat_Individual_Sats.terminal[42].phy.radio,separateReceptionParts,,,false
General-317-20260718-15:48:02-5193,param,Florasat_Individual_Sats.terminal[42].phy.radio,displayCommunicationRange,,,false
General-317-20260718-15:48:02-5193,param,Florasat_Individual_Sats.terminal[42].phy.radio,displayInterferenceRange,,,false
General-317-20260718-15:48:02-5193,param,Florasat_Individual_Sats.terminal[42].phy.radio,centerFrequency,,,8.68e+08Hz
General-317-20260718-15:48:02-5193,attr,Florasat_Individual_Sats.terminal[42].phy.radio,centerFrequency,unit,Hz,
General-317-20260718-15:48:02-5193,param,Florasat_Individual_Sats.terminal[42].phy.radio,bandwidth,,,250000Hz
General-317-20260718-15:48:02-5193,attr,Florasat_Individual_Sats.terminal[42].phy.radio,bandwidth,unit,Hz,
General-317-20260718-15:48:02-5193,param,Florasat_Individual_Sats.terminal[42].phy.radio,iAmGateway,,,false
General-317-20260718-15:48:02-5193,param,Florasat_Individual_Sats.terminal[42].phy,typename,,,"""Nodes._10_Terminal._10_Physical.Ter_Phy"""
General-317-20260718-15:48:02-5193,param,Florasat_Individual_Sats.terminal[42].phy,layerName,,,"""Ter_Phy"""
General-317-20260718-15:48:02-5193,attr,Florasat_Individual_Sats.terminal[42].phy,layerName,optional,,
General-317-20260718-15:48:02-5193,param,Florasat_Individual_Sats.terminal[42].dlk.mac.queue,typename,,,"""inet.queueing.queue.DropTailQueue"""
General-317-20260718-15:48:02-5193,param,Florasat_Individual_Sats.terminal[42].dlk.mac.queue,displayStringTextFormat,,,"""contains %p pk (%l) pushed %u\npulled %o removed %r dropped %d"""
General-317-20260718-15:48:02-5193,param,Florasat_Individual_Sats.terminal[42].dlk.mac.queue,packetCapacity,,,-1
General-317-20260718-15:48:02-5193,param,Florasat_Individual_Sats.terminal[42].dlk.mac.queue,dataCapacity,,,-1b
General-317-20260718-15:48:02-5193,attr,Florasat_Individual_Sats.terminal[42].dlk.mac.queue,dataCapacity,unit,b,
General-317-20260718-15:48:02-5193,param,Florasat_Individual_Sats.terminal[42].dlk.mac.queue,dropperClass,,,"""inet::queueing::PacketAtCollectionEndDropper"""
General-317-20260718-15:48:02-5193,param,Florasat_Individual_Sats.terminal[42].dlk.mac.queue,comparatorClass,,,""""""
General-317-20260718-15:48:02-5193,param,Florasat_Individual_Sats.terminal[42].dlk.mac.queue,bufferModule,,,""""""
General-317-20260718-15:48:02-5193,param,Florasat_Individual_Sats.terminal[42].dlk.mac.mlBox,typename,,,"""Nodes._10_Terminal._20_Data_Link.Transmission_Predictor.Transmission_Predictor"""
General-317-20260718-15:48:02-5193,param,Florasat_Individual_Sats.terminal[42].dlk.mac.mlBox,modelPath,,,"""/home/ylnner/Documents/omnet++/omnetpp-6.3.0/projects/florasat_v4_ult_routing/simulations/Test_Individual/mlmodels/transformer_scripted.pt"""
General-317-20260718-15:48:02-5193,param,Florasat_Individual_Sats.terminal[42].dlk.mac.mlBox,threshold,,,0.2
General-317-20260718-15:48:02-5193,param,Florasat_Individual_Sats.terminal[42].dlk.mac.mlBox,scalerPath,,,""""""
General-317-20260718-15:48:02-5193,param,Florasat_Individual_Sats.terminal[42].dlk.mac,typename,,,"""Nodes._10_Terminal._20_Data_Link.Ter_Dlk_KiWan"""
General-317-20260718-15:48:02-5193,param,Florasat_Individual_Sats.terminal[42].dlk.mac,interfaceTableModule,,,""""""
General-317-20260718-15:48:02-5193,param,Florasat_Individual_Sats.terminal[42].dlk.mac,radioModule,,,"""^.^.phy.radio"""
General-317-20260718-15:48:02-5193,param,Florasat_Individual_Sats.terminal[42].dlk.mac,address,,,"""0A-AA-00-00-00-2B"""
General-317-20260718-15:48:02-5193,attr,Florasat_Individual_Sats.terminal[42].dlk.mac,address,mutable,,
General-317-20260718-15:48:02-5193,param,Florasat_Individual_Sats.terminal[42].dlk.mac,mtu,,,1500
General-317-20260718-15:48:02-5193,param,Florasat_Individual_Sats.terminal[42].dlk.mac,ttwDuration,,,100s
General-317-20260718-15:48:02-5193,attr,Florasat_Individual_Sats.terminal[42].dlk.mac,ttwDuration,unit,s,
General-317-20260718-15:48:02-5193,param,Florasat_Individual_Sats.terminal[42].dlk.mac,ttwIdle,,,0s
General-317-20260718-15:48:02-5193,attr,Florasat_Individual_Sats.terminal[42].dlk.mac,ttwIdle,unit,s,
General-317-20260718-15:48:02-5193,param,Florasat_Individual_Sats.terminal[42].dlk.mac,ttxStart_min,,,0s
General-317-20260718-15:48:02-5193,attr,Florasat_Individual_Sats.terminal[42].dlk.mac,ttxStart_min,unit,s,
General-317-20260718-15:48:02-5193,param,Florasat_Individual_Sats.terminal[42].dlk.mac,ttxStart_max,,,1s
General-317-20260718-15:48:02-5193,attr,Florasat_Individual_Sats.terminal[42].dlk.mac,ttxStart_max,unit,s,
General-317-20260718-15:48:02-5193,param,Florasat_Individual_Sats.terminal[42].dlk.mac,ttxIdle_min,,,10s
General-317-20260718-15:48:02-5193,attr,Florasat_Individual_Sats.terminal[42].dlk.mac,ttxIdle_min,unit,s,
General-317-20260718-15:48:02-5193,param,Florasat_Individual_Sats.terminal[42].dlk.mac,ttxIdle_max,,,15s
General-317-20260718-15:48:02-5193,attr,Florasat_Individual_Sats.terminal[42].dlk.mac,ttxIdle_max,unit,s,
General-317-20260718-15:48:02-5193,param,Florasat_Individual_Sats.terminal[42].dlk.mac,Ntw,,,1
General-317-20260718-15:48:02-5193,param,Florasat_Individual_Sats.terminal[42].dlk.mac,Ntx,,,5
General-317-20260718-15:48:02-5193,param,Florasat_Individual_Sats.terminal[42].dlk.mac,enableSatDetect,,,false
General-317-20260718-15:48:02-5193,param,Florasat_Individual_Sats.terminal[42].dlk.mac,tsdStart_min,,,0s
General-317-20260718-15:48:02-5193,attr,Florasat_Individual_Sats.terminal[42].dlk.mac,tsdStart_min,unit,s,
General-317-20260718-15:48:02-5193,param,Florasat_Individual_Sats.terminal[42].dlk.mac,tsdStart_max,,,60s
General-317-20260718-15:48:02-5193,attr,Florasat_Individual_Sats.terminal[42].dlk.mac,tsdStart_max,unit,s,
General-317-20260718-15:48:02-5193,param,Florasat_Individual_Sats.terminal[42].dlk.mac,Ndetect,,,4
General-317-20260718-15:48:02-5193,param,Florasat_Individual_Sats.terminal[42].dlk.mac,NsdSync,,,2
General-317-20260718-15:48:02-5193,param,Florasat_Individual_Sats.terminal[42].dlk.mac,tsyncIdle,,,60s
General-317-20260718-15:48:02-5193,attr,Florasat_Individual_Sats.terminal[42].dlk.mac,tsyncIdle,unit,s,
General-317-20260718-15:48:02-5193,param,Florasat_Individual_Sats.terminal[42].dlk.mac,tsdIdle,,,240s
General-317-20260718-15:48:02-5193,attr,Florasat_Individual_Sats.terminal[42].dlk.mac,tsdIdle,unit,s,
General-317-20260718-15:48:02-5193,param,Florasat_Individual_Sats.terminal[42].dlk.mac,satelliteDetectionProbability,,,0.9
General-317-20260718-15:48:02-5193,param,Florasat_Individual_Sats.terminal[42].dlk.mac,minimumElevation,,,5
General-317-20260718-15:48:02-5193,param,Florasat_Individual_Sats.terminal[42].dlk.mac,detectInitialListen,,,0.33s
General-317-20260718-15:48:02-5193,attr,Florasat_Individual_Sats.terminal[42].dlk.mac,detectInitialListen,unit,s,
General-317-20260718-15:48:02-5193,param,Florasat_Individual_Sats.terminal[42].dlk.mac,detectSuccessExtraMin,,,0.075s
General-317-20260718-15:48:02-5193,attr,Florasat_Individual_Sats.terminal[42].dlk.mac,detectSuccessExtraMin,unit,s,
General-317-20260718-15:48:02-5193,param,Florasat_Individual_Sats.terminal[42].dlk.mac,detectSuccessExtraMax,,,1.67s
General-317-20260718-15:48:02-5193,attr,Florasat_Individual_Sats.terminal[42].dlk.mac,detectSuccessExtraMax,unit,s,
General-317-20260718-15:48:02-5193,param,Florasat_Individual_Sats.terminal[42].dlk.mac,detectMissExtra,,,1.67s
General-317-20260718-15:48:02-5193,attr,Florasat_Individual_Sats.terminal[42].dlk.mac,detectMissExtra,unit,s,
General-317-20260718-15:48:02-5193,param,Florasat_Individual_Sats.terminal[42].dlk.mac,LoRaSF,,,10
General-317-20260718-15:48:02-5193,param,Florasat_Individual_Sats.terminal[42].dlk.mac,LoRaTP,,,13
General-317-20260718-15:48:02-5193,param,Florasat_Individual_Sats.terminal[42].dlk.mac,LoRaCF,,,8.68e+08
General-317-20260718-15:48:02-5193,param,Florasat_Individual_Sats.terminal[42].dlk.mac,LoRaBW,,,125000
General-317-20260718-15:48:02-5193,param,Florasat_Individual_Sats.terminal[42].dlk.mac,LoRaCR,,,1
General-317-20260718-15:48:02-5193,param,Florasat_Individual_Sats.terminal[42].dlk.mac,useMLBox,,,true
General-317-20260718-15:48:02-5193,param,Florasat_Individual_Sats.terminal[42].dlk.mac,useMLBoxBiLSTM,,,false
General-317-20260718-15:48:02-5193,param,Florasat_Individual_Sats.terminal[42].dlk.mac,useAnalytical,,,false
General-317-20260718-15:48:02-5193,param,Florasat_Individual_Sats.terminal[42].dlk,typename,,,"""Nodes._10_Terminal._20_Data_Link.Ter_Dlk"""
General-317-20260718-15:48:02-5193,param,Florasat_Individual_Sats.terminal[42].net.routing,typename,,,"""Global.Base._30_Network.Ter_Null_Routing"""
General-317-20260718-15:48:02-5193,param,Florasat_Individual_Sats.terminal[42].net,typename,,,"""Nodes._10_Terminal._30_Network.Ter_Net"""
General-317-20260718-15:48:02-5193,param,Florasat_Individual_Sats.terminal[42].net,layerName,,,"""Ter_Net"""
General-317-20260718-15:48:02-5193,attr,Florasat_Individual_Sats.terminal[42].net,layerName,optional,,
General-317-20260718-15:48:02-5193,param,Florasat_Individual_Sats.terminal[42].net,routingType,,,"""Ter_Null_Routing"""
General-317-20260718-15:48:02-5193,param,Florasat_Individual_Sats.terminal[42].app,typename,,,"""Nodes._10_Terminal._40_Application.Ter_App"""
General-317-20260718-15:48:02-5193,param,Florasat_Individual_Sats.terminal[42].app,layerName,,,"""TerminalApplicationLayer"""
General-317-20260718-15:48:02-5193,attr,Florasat_Individual_Sats.terminal[42].app,layerName,optional,,
General-317-20260718-15:48:02-5193,param,Florasat_Individual_Sats.terminal[42].app,numberOfPacketsToSend,,,0
General-317-20260718-15:48:02-5193,param,Florasat_Individual_Sats.terminal[42].app,timeToFirstPacket,,,1s
General-317-20260718-15:48:02-5193,attr,Florasat_Individual_Sats.terminal[42].app,timeToFirstPacket,unit,s,
General-317-20260718-15:48:02-5193,param,Florasat_Individual_Sats.terminal[42].app,timeToNextPacket,,,115s
General-317-20260718-15:48:02-5193,attr,Florasat_Individual_Sats.terminal[42].app,timeToNextPacket,unit,s,
General-317-20260718-15:48:02-5193,param,Florasat_Individual_Sats.terminal[42].app,timeToResponse,,,30s
General-317-20260718-15:48:02-5193,attr,Florasat_Individual_Sats.terminal[42].app,timeToResponse,unit,s,
General-317-20260718-15:48:02-5193,param,Florasat_Individual_Sats.terminal[42].app,timeToRetry,,,10s
General-317-20260718-15:48:02-5193,attr,Florasat_Individual_Sats.terminal[42].app,timeToRetry,unit,s,
General-317-20260718-15:48:02-5193,param,Florasat_Individual_Sats.terminal[42].app,ackTimeout,,,7s
General-317-20260718-15:48:02-5193,attr,Florasat_Individual_Sats.terminal[42].app,ackTimeout,unit,s,
General-317-20260718-15:48:02-5193,param,Florasat_Individual_Sats.terminal[42].app,timer,,,1s
General-317-20260718-15:48:02-5193,attr,Florasat_Individual_Sats.terminal[42].app,timer,unit,s,
General-317-20260718-15:48:02-5193,param,Florasat_Individual_Sats.terminal[42].app,initialLoRaTP,,,14dBm
General-317-20260718-15:48:02-5193,attr,Florasat_Individual_Sats.terminal[42].app,initialLoRaTP,unit,dBm,
General-317-20260718-15:48:02-5193,param,Florasat_Individual_Sats.terminal[42].app,initialLoRaCF,,,8.68e+08Hz
General-317-20260718-15:48:02-5193,attr,Florasat_Individual_Sats.terminal[42].app,initialLoRaCF,unit,Hz,
General-317-20260718-15:48:02-5193,param,Florasat_Individual_Sats.terminal[42].app,initialLoRaSF,,,12
General-317-20260718-15:48:02-5193,param,Florasat_Individual_Sats.terminal[42].app,initialLoRaBW,,,125000Hz
General-317-20260718-15:48:02-5193,attr,Florasat_Individual_Sats.terminal[42].app,initialLoRaBW,unit,Hz,
General-317-20260718-15:48:02-5193,param,Florasat_Individual_Sats.terminal[42].app,initialLoRaCR,,,4
General-317-20260718-15:48:02-5193,param,Florasat_Individual_Sats.terminal[42].app,initialUseHeader,,,true
General-317-20260718-15:48:02-5193,param,Florasat_Individual_Sats.terminal[42].app,initialPingSlot,,,1
General-317-20260718-15:48:02-5193,param,Florasat_Individual_Sats.terminal[42].app,InitClassA,,,true
General-317-20260718-15:48:02-5193,param,Florasat_Individual_Sats.terminal[42].app,InitClassB,,,false
General-317-20260718-15:48:02-5193,param,Florasat_Individual_Sats.terminal[42].app,evaluateADRinNode,,,false
General-317-20260718-15:48:02-5193,param,Florasat_Individual_Sats.terminal[42].app,payloadSize,,,10B
General-317-20260718-15:48:02-5193,attr,Florasat_Individual_Sats.terminal[42].app,payloadSize,unit,B,
General-317-20260718-15:48:02-5193,param,Florasat_Individual_Sats.terminal[42].app,usingAck,,,true
General-317-20260718-15:48:02-5193,param,Florasat_Individual_Sats.terminal[42].app,numGroundLinks,,,40
General-317-20260718-15:48:02-5193,param,Florasat_Individual_Sats.terminal[42].app,maxHops,,,50
General-317-20260718-15:48:02-5193,param,Florasat_Individual_Sats.terminal[42].app,nroMaxAttempts,,,0
General-317-20260718-15:48:02-5193,param,Florasat_Individual_Sats.terminal[42].eng,typename,,,"""Nodes._10_Terminal._50_Energy.Ter_Ene"""
General-317-20260718-15:48:02-5193,param,Florasat_Individual_Sats.terminal[42].mob,typename,,,"""Nodes._10_Terminal._60_Mobility.Ter_Mob"""
General-317-20260718-15:48:02-5193,param,Florasat_Individual_Sats.terminal[42].mob,subjectModule,,,"""^"""
General-317-20260718-15:48:02-5193,param,Florasat_Individual_Sats.terminal[42].mob,coordinateSystemModule,,,""""""
General-317-20260718-15:48:02-5193,param,Florasat_Individual_Sats.terminal[42].mob,displayStringTextFormat,,,"""p: %p\nv: %v"""
General-317-20260718-15:48:02-5193,attr,Florasat_Individual_Sats.terminal[42].mob,displayStringTextFormat,mutable,,
General-317-20260718-15:48:02-5193,param,Florasat_Individual_Sats.terminal[42].mob,updateDisplayString,,,true
General-317-20260718-15:48:02-5193,param,Florasat_Individual_Sats.terminal[42].mob,constraintAreaMinX,,,-inf m
General-317-20260718-15:48:02-5193,attr,Florasat_Individual_Sats.terminal[42].mob,constraintAreaMinX,unit,m,
General-317-20260718-15:48:02-5193,param,Florasat_Individual_Sats.terminal[42].mob,constraintAreaMinY,,,-inf m
General-317-20260718-15:48:02-5193,attr,Florasat_Individual_Sats.terminal[42].mob,constraintAreaMinY,unit,m,
General-317-20260718-15:48:02-5193,param,Florasat_Individual_Sats.terminal[42].mob,constraintAreaMinZ,,,-inf m
General-317-20260718-15:48:02-5193,attr,Florasat_Individual_Sats.terminal[42].mob,constraintAreaMinZ,unit,m,
General-317-20260718-15:48:02-5193,param,Florasat_Individual_Sats.terminal[42].mob,constraintAreaMaxX,,,inf m
General-317-20260718-15:48:02-5193,attr,Florasat_Individual_Sats.terminal[42].mob,constraintAreaMaxX,unit,m,
General-317-20260718-15:48:02-5193,param,Florasat_Individual_Sats.terminal[42].mob,constraintAreaMaxY,,,inf m
General-317-20260718-15:48:02-5193,attr,Florasat_Individual_Sats.terminal[42].mob,constraintAreaMaxY,unit,m,
General-317-20260718-15:48:02-5193,param,Florasat_Individual_Sats.terminal[42].mob,constraintAreaMaxZ,,,inf m
General-317-20260718-15:48:02-5193,attr,Florasat_Individual_Sats.terminal[42].mob,constraintAreaMaxZ,unit,m,
General-317-20260718-15:48:02-5193,param,Florasat_Individual_Sats.terminal[42].mob,initialX,,,nan m
General-317-20260718-15:48:02-5193,attr,Florasat_Individual_Sats.terminal[42].mob,initialX,unit,m,
General-317-20260718-15:48:02-5193,param,Florasat_Individual_Sats.terminal[42].mob,initialY,,,nan m
General-317-20260718-15:48:02-5193,attr,Florasat_Individual_Sats.terminal[42].mob,initialY,unit,m,
General-317-20260718-15:48:02-5193,param,Florasat_Individual_Sats.terminal[42].mob,initialZ,,,0m
General-317-20260718-15:48:02-5193,attr,Florasat_Individual_Sats.terminal[42].mob,initialZ,unit,m,
General-317-20260718-15:48:02-5193,param,Florasat_Individual_Sats.terminal[42].mob,initialLatitude,,,nan deg
General-317-20260718-15:48:02-5193,attr,Florasat_Individual_Sats.terminal[42].mob,initialLatitude,unit,deg,
General-317-20260718-15:48:02-5193,param,Florasat_Individual_Sats.terminal[42].mob,initialLongitude,,,nan deg
General-317-20260718-15:48:02-5193,attr,Florasat_Individual_Sats.terminal[42].mob,initialLongitude,unit,deg,
General-317-20260718-15:48:02-5193,param,Florasat_Individual_Sats.terminal[42].mob,initialAltitude,,,0m
General-317-20260718-15:48:02-5193,attr,Florasat_Individual_Sats.terminal[42].mob,initialAltitude,unit,m,
General-317-20260718-15:48:02-5193,param,Florasat_Individual_Sats.terminal[42].mob,initialHeading,,,0deg
General-317-20260718-15:48:02-5193,attr,Florasat_Individual_Sats.terminal[42].mob,initialHeading,unit,deg,
General-317-20260718-15:48:02-5193,param,Florasat_Individual_Sats.terminal[42].mob,initialElevation,,,0deg
General-317-20260718-15:48:02-5193,attr,Florasat_Individual_Sats.terminal[42].mob,initialElevation,unit,deg,
General-317-20260718-15:48:02-5193,param,Florasat_Individual_Sats.terminal[42].mob,initialBank,,,0deg
General-317-20260718-15:48:02-5193,attr,Florasat_Individual_Sats.terminal[42].mob,initialBank,unit,deg,
General-317-20260718-15:48:02-5193,param,Florasat_Individual_Sats.terminal[42].mob,initFromDisplayString,,,false
General-317-20260718-15:48:02-5193,param,Florasat_Individual_Sats.terminal[42].mob,updateFromDisplayString,,,false
General-317-20260718-15:48:02-5193,param,Florasat_Individual_Sats.terminal[42].mob,centerLatitude,,,45.464
General-317-20260718-15:48:02-5193,param,Florasat_Individual_Sats.terminal[42].mob,centerLongitude,,,9.19
General-317-20260718-15:48:02-5193,param,Florasat_Individual_Sats.terminal[42].mob,deploymentRadius,,,200
General-317-20260718-15:48:02-5193,param,Florasat_Individual_Sats.terminal[42],typename,,,"""Nodes._10_Terminal.Terminal"""
General-317-20260718-15:48:02-5193,param,Florasat_Individual_Sats.terminal[42],layerName,,,"""Terminal"""
General-317-20260718-15:48:02-5193,attr,Florasat_Individual_Sats.terminal[42],layerName,optional,,
General-317-20260718-15:48:02-5193,param,Florasat_Individual_Sats.terminal[42],sendData,,,true
General-317-20260718-15:48:02-5193,attr,Florasat_Individual_Sats.terminal[42],sendData,mutable,,
General-317-20260718-15:48:02-5193,param,Florasat_Individual_Sats.terminal[42],dstGsOrDev,,,0
General-317-20260718-15:48:02-5193,param,Florasat_Individual_Sats.terminal[43].phy.radio.antenna,typename,,,"""inet.physicallayer.wireless.common.antenna.IsotropicAntenna"""
General-317-20260718-15:48:02-5193,param,Florasat_Individual_Sats.terminal[43].phy.radio.antenna,mobilityModule,,,"""^.^.^.mob"""
General-317-20260718-15:48:02-5193,param,Florasat_Individual_Sats.terminal[43].phy.radio.antenna,numAntennas,,,1
General-317-20260718-15:48:02-5193,param,Florasat_Individual_Sats.terminal[43].phy.radio.transmitter,typename,,,"""Global.Transceiver.LoRaTransmitter"""
General-317-20260718-15:48:02-5193,param,Florasat_Individual_Sats.terminal[43].phy.radio.transmitter,preambleDuration,,,0.001s
General-317-20260718-15:48:02-5193,attr,Florasat_Individual_Sats.terminal[43].phy.radio.transmitter,preambleDuration,unit,s,
General-317-20260718-15:48:02-5193,param,Florasat_Individual_Sats.terminal[43].phy.radio.transmitter,headerLength,,,40b
General-317-20260718-15:48:02-5193,attr,Florasat_Individual_Sats.terminal[43].phy.radio.transmitter,headerLength,unit,b,
General-317-20260718-15:48:02-5193,param,Florasat_Individual_Sats.terminal[43].phy.radio.transmitter,bitrate,,,250000bps
General-317-20260718-15:48:02-5193,attr,Florasat_Individual_Sats.terminal[43].phy.radio.transmitter,bitrate,unit,bps,
General-317-20260718-15:48:02-5193,param,Florasat_Individual_Sats.terminal[43].phy.radio.transmitter,power,,,0.025118W
General-317-20260718-15:48:02-5193,attr,Florasat_Individual_Sats.terminal[43].phy.radio.transmitter,power,unit,W,
General-317-20260718-15:48:02-5193,param,Florasat_Individual_Sats.terminal[43].phy.radio.transmitter,centerFrequency,,,8.68e+08Hz
General-317-20260718-15:48:02-5193,attr,Florasat_Individual_Sats.terminal[43].phy.radio.transmitter,centerFrequency,unit,Hz,
General-317-20260718-15:48:02-5193,param,Florasat_Individual_Sats.terminal[43].phy.radio.transmitter,bandwidth,,,250000Hz
General-317-20260718-15:48:02-5193,attr,Florasat_Individual_Sats.terminal[43].phy.radio.transmitter,bandwidth,unit,Hz,
General-317-20260718-15:48:02-5193,param,Florasat_Individual_Sats.terminal[43].phy.radio.transmitter,codeRate,,,1
General-317-20260718-15:48:02-5193,param,Florasat_Individual_Sats.terminal[43].phy.radio.transmitter,modulation,,,"""LoRaModulation"""
General-317-20260718-15:48:02-5193,param,Florasat_Individual_Sats.terminal[43].phy.radio.receiver,typename,,,"""Global.Transceiver.LoRaReceiver"""
General-317-20260718-15:48:02-5193,param,Florasat_Individual_Sats.terminal[43].phy.radio.receiver,energyDetection,,,-90dBm
General-317-20260718-15:48:02-5193,attr,Florasat_Individual_Sats.terminal[43].phy.radio.receiver,energyDetection,unit,dBm,
General-317-20260718-15:48:02-5193,param,Florasat_Individual_Sats.terminal[43].phy.radio.receiver,sensitivity,,,-137dBm
General-317-20260718-15:48:02-5193,attr,Florasat_Individual_Sats.terminal[43].phy.radio.receiver,sensitivity,unit,dBm,
General-317-20260718-15:48:02-5193,param,Florasat_Individual_Sats.terminal[43].phy.radio.receiver,snirThreshold,,,-8dB
General-317-20260718-15:48:02-5193,attr,Florasat_Individual_Sats.terminal[43].phy.radio.receiver,snirThreshold,unit,dB,
General-317-20260718-15:48:02-5193,param,Florasat_Individual_Sats.terminal[43].phy.radio.receiver,centerFrequency,,,8.68e+08Hz
General-317-20260718-15:48:02-5193,attr,Florasat_Individual_Sats.terminal[43].phy.radio.receiver,centerFrequency,unit,Hz,
General-317-20260718-15:48:02-5193,param,Florasat_Individual_Sats.terminal[43].phy.radio.receiver,bandwidth,,,250000Hz
General-317-20260718-15:48:02-5193,attr,Florasat_Individual_Sats.terminal[43].phy.radio.receiver,bandwidth,unit,Hz,
General-317-20260718-15:48:02-5193,param,Florasat_Individual_Sats.terminal[43].phy.radio.receiver,alohaChannelModel,,,false
General-317-20260718-15:48:02-5193,param,Florasat_Individual_Sats.terminal[43].phy.radio.receiver,errorModelType,,,""""""
General-317-20260718-15:48:02-5193,param,Florasat_Individual_Sats.terminal[43].phy.radio.receiver,ignoreInterference,,,false
General-317-20260718-15:48:02-5193,param,Florasat_Individual_Sats.terminal[43].phy.radio.receiver,enableCollisionOverlap,,,false
General-317-20260718-15:48:02-5193,param,Florasat_Individual_Sats.terminal[43].phy.radio.receiver,minCollisionOverlap,,,0s
General-317-20260718-15:48:02-5193,attr,Florasat_Individual_Sats.terminal[43].phy.radio.receiver,minCollisionOverlap,unit,s,
General-317-20260718-15:48:02-5193,param,Florasat_Individual_Sats.terminal[43].phy.radio.IdealEpEnergyStorage,typename,,,"""inet.power.storage.IdealEpEnergyStorage"""
General-317-20260718-15:48:02-5193,param,Florasat_Individual_Sats.terminal[43].phy.radio,typename,,,"""Nodes._10_Terminal._10_Physical.Ter_Phy_LoRaRadio"""
General-317-20260718-15:48:02-5193,param,Florasat_Individual_Sats.terminal[43].phy.radio,radioMediumModule,,,"""radioMedium"""
General-317-20260718-15:48:02-5193,param,Florasat_Individual_Sats.terminal[43].phy.radio,energySourceModule,,,""""""
General-317-20260718-15:48:02-5193,param,Florasat_Individual_Sats.terminal[43].phy.radio,initialRadioMode,,,"""off"""
General-317-20260718-15:48:02-5193,attr,Florasat_Individual_Sats.terminal[43].phy.radio,initialRadioMode,enum,"off,sleep,receiver,transmitter,transceiver",
General-317-20260718-15:48:02-5193,param,Florasat_Individual_Sats.terminal[43].phy.radio,switchingTimes,,,"""ms 0 0 0 0 0 0 0 0 0 0 0 0 0 0 0 0 0 0 0 0 0 0 0 0 0"""
General-317-20260718-15:48:02-5193,param,Florasat_Individual_Sats.terminal[43].phy.radio,sendRawBytes,,,false
General-317-20260718-15:48:02-5193,param,Florasat_Individual_Sats.terminal[43].phy.radio,separateTransmissionParts,,,false
General-317-20260718-15:48:02-5193,param,Florasat_Individual_Sats.terminal[43].phy.radio,separateReceptionParts,,,false
General-317-20260718-15:48:02-5193,param,Florasat_Individual_Sats.terminal[43].phy.radio,displayCommunicationRange,,,false
General-317-20260718-15:48:02-5193,param,Florasat_Individual_Sats.terminal[43].phy.radio,displayInterferenceRange,,,false
General-317-20260718-15:48:02-5193,param,Florasat_Individual_Sats.terminal[43].phy.radio,centerFrequency,,,8.68e+08Hz
General-317-20260718-15:48:02-5193,attr,Florasat_Individual_Sats.terminal[43].phy.radio,centerFrequency,unit,Hz,
General-317-20260718-15:48:02-5193,param,Florasat_Individual_Sats.terminal[43].phy.radio,bandwidth,,,250000Hz
General-317-20260718-15:48:02-5193,attr,Florasat_Individual_Sats.terminal[43].phy.radio,bandwidth,unit,Hz,
General-317-20260718-15:48:02-5193,param,Florasat_Individual_Sats.terminal[43].phy.radio,iAmGateway,,,false
General-317-20260718-15:48:02-5193,param,Florasat_Individual_Sats.terminal[43].phy,typename,,,"""Nodes._10_Terminal._10_Physical.Ter_Phy"""
General-317-20260718-15:48:02-5193,param,Florasat_Individual_Sats.terminal[43].phy,layerName,,,"""Ter_Phy"""
General-317-20260718-15:48:02-5193,attr,Florasat_Individual_Sats.terminal[43].phy,layerName,optional,,
General-317-20260718-15:48:02-5193,param,Florasat_Individual_Sats.terminal[43].dlk.mac.queue,typename,,,"""inet.queueing.queue.DropTailQueue"""
General-317-20260718-15:48:02-5193,param,Florasat_Individual_Sats.terminal[43].dlk.mac.queue,displayStringTextFormat,,,"""contains %p pk (%l) pushed %u\npulled %o removed %r dropped %d"""
General-317-20260718-15:48:02-5193,param,Florasat_Individual_Sats.terminal[43].dlk.mac.queue,packetCapacity,,,-1
General-317-20260718-15:48:02-5193,param,Florasat_Individual_Sats.terminal[43].dlk.mac.queue,dataCapacity,,,-1b
General-317-20260718-15:48:02-5193,attr,Florasat_Individual_Sats.terminal[43].dlk.mac.queue,dataCapacity,unit,b,
General-317-20260718-15:48:02-5193,param,Florasat_Individual_Sats.terminal[43].dlk.mac.queue,dropperClass,,,"""inet::queueing::PacketAtCollectionEndDropper"""
General-317-20260718-15:48:02-5193,param,Florasat_Individual_Sats.terminal[43].dlk.mac.queue,comparatorClass,,,""""""
General-317-20260718-15:48:02-5193,param,Florasat_Individual_Sats.terminal[43].dlk.mac.queue,bufferModule,,,""""""
General-317-20260718-15:48:02-5193,param,Florasat_Individual_Sats.terminal[43].dlk.mac.mlBox,typename,,,"""Nodes._10_Terminal._20_Data_Link.Transmission_Predictor.Transmission_Predictor"""
General-317-20260718-15:48:02-5193,param,Florasat_Individual_Sats.terminal[43].dlk.mac.mlBox,modelPath,,,"""/home/ylnner/Documents/omnet++/omnetpp-6.3.0/projects/florasat_v4_ult_routing/simulations/Test_Individual/mlmodels/transformer_scripted.pt"""
General-317-20260718-15:48:02-5193,param,Florasat_Individual_Sats.terminal[43].dlk.mac.mlBox,threshold,,,0.2
General-317-20260718-15:48:02-5193,param,Florasat_Individual_Sats.terminal[43].dlk.mac.mlBox,scalerPath,,,""""""
General-317-20260718-15:48:02-5193,param,Florasat_Individual_Sats.terminal[43].dlk.mac,typename,,,"""Nodes._10_Terminal._20_Data_Link.Ter_Dlk_KiWan"""
General-317-20260718-15:48:02-5193,param,Florasat_Individual_Sats.terminal[43].dlk.mac,interfaceTableModule,,,""""""
General-317-20260718-15:48:02-5193,param,Florasat_Individual_Sats.terminal[43].dlk.mac,radioModule,,,"""^.^.phy.radio"""
General-317-20260718-15:48:02-5193,param,Florasat_Individual_Sats.terminal[43].dlk.mac,address,,,"""0A-AA-00-00-00-2C"""
General-317-20260718-15:48:02-5193,attr,Florasat_Individual_Sats.terminal[43].dlk.mac,address,mutable,,
General-317-20260718-15:48:02-5193,param,Florasat_Individual_Sats.terminal[43].dlk.mac,mtu,,,1500
General-317-20260718-15:48:02-5193,param,Florasat_Individual_Sats.terminal[43].dlk.mac,ttwDuration,,,100s
General-317-20260718-15:48:02-5193,attr,Florasat_Individual_Sats.terminal[43].dlk.mac,ttwDuration,unit,s,
General-317-20260718-15:48:02-5193,param,Florasat_Individual_Sats.terminal[43].dlk.mac,ttwIdle,,,0s
General-317-20260718-15:48:02-5193,attr,Florasat_Individual_Sats.terminal[43].dlk.mac,ttwIdle,unit,s,
General-317-20260718-15:48:02-5193,param,Florasat_Individual_Sats.terminal[43].dlk.mac,ttxStart_min,,,0s
General-317-20260718-15:48:02-5193,attr,Florasat_Individual_Sats.terminal[43].dlk.mac,ttxStart_min,unit,s,
General-317-20260718-15:48:02-5193,param,Florasat_Individual_Sats.terminal[43].dlk.mac,ttxStart_max,,,1s
General-317-20260718-15:48:02-5193,attr,Florasat_Individual_Sats.terminal[43].dlk.mac,ttxStart_max,unit,s,
General-317-20260718-15:48:02-5193,param,Florasat_Individual_Sats.terminal[43].dlk.mac,ttxIdle_min,,,10s
General-317-20260718-15:48:02-5193,attr,Florasat_Individual_Sats.terminal[43].dlk.mac,ttxIdle_min,unit,s,
General-317-20260718-15:48:02-5193,param,Florasat_Individual_Sats.terminal[43].dlk.mac,ttxIdle_max,,,15s
General-317-20260718-15:48:02-5193,attr,Florasat_Individual_Sats.terminal[43].dlk.mac,ttxIdle_max,unit,s,
General-317-20260718-15:48:02-5193,param,Florasat_Individual_Sats.terminal[43].dlk.mac,Ntw,,,1
General-317-20260718-15:48:02-5193,param,Florasat_Individual_Sats.terminal[43].dlk.mac,Ntx,,,5
General-317-20260718-15:48:02-5193,param,Florasat_Individual_Sats.terminal[43].dlk.mac,enableSatDetect,,,false
General-317-20260718-15:48:02-5193,param,Florasat_Individual_Sats.terminal[43].dlk.mac,tsdStart_min,,,0s
General-317-20260718-15:48:02-5193,attr,Florasat_Individual_Sats.terminal[43].dlk.mac,tsdStart_min,unit,s,
General-317-20260718-15:48:02-5193,param,Florasat_Individual_Sats.terminal[43].dlk.mac,tsdStart_max,,,60s
General-317-20260718-15:48:02-5193,attr,Florasat_Individual_Sats.terminal[43].dlk.mac,tsdStart_max,unit,s,
General-317-20260718-15:48:02-5193,param,Florasat_Individual_Sats.terminal[43].dlk.mac,Ndetect,,,4
General-317-20260718-15:48:02-5193,param,Florasat_Individual_Sats.terminal[43].dlk.mac,NsdSync,,,2
General-317-20260718-15:48:02-5193,param,Florasat_Individual_Sats.terminal[43].dlk.mac,tsyncIdle,,,60s
General-317-20260718-15:48:02-5193,attr,Florasat_Individual_Sats.terminal[43].dlk.mac,tsyncIdle,unit,s,
General-317-20260718-15:48:02-5193,param,Florasat_Individual_Sats.terminal[43].dlk.mac,tsdIdle,,,240s
General-317-20260718-15:48:02-5193,attr,Florasat_Individual_Sats.terminal[43].dlk.mac,tsdIdle,unit,s,
General-317-20260718-15:48:02-5193,param,Florasat_Individual_Sats.terminal[43].dlk.mac,satelliteDetectionProbability,,,0.9
General-317-20260718-15:48:02-5193,param,Florasat_Individual_Sats.terminal[43].dlk.mac,minimumElevation,,,5
General-317-20260718-15:48:02-5193,param,Florasat_Individual_Sats.terminal[43].dlk.mac,detectInitialListen,,,0.33s
General-317-20260718-15:48:02-5193,attr,Florasat_Individual_Sats.terminal[43].dlk.mac,detectInitialListen,unit,s,
General-317-20260718-15:48:02-5193,param,Florasat_Individual_Sats.terminal[43].dlk.mac,detectSuccessExtraMin,,,0.075s
General-317-20260718-15:48:02-5193,attr,Florasat_Individual_Sats.terminal[43].dlk.mac,detectSuccessExtraMin,unit,s,
General-317-20260718-15:48:02-5193,param,Florasat_Individual_Sats.terminal[43].dlk.mac,detectSuccessExtraMax,,,1.67s
General-317-20260718-15:48:02-5193,attr,Florasat_Individual_Sats.terminal[43].dlk.mac,detectSuccessExtraMax,unit,s,
General-317-20260718-15:48:02-5193,param,Florasat_Individual_Sats.terminal[43].dlk.mac,detectMissExtra,,,1.67s
General-317-20260718-15:48:02-5193,attr,Florasat_Individual_Sats.terminal[43].dlk.mac,detectMissExtra,unit,s,
General-317-20260718-15:48:02-5193,param,Florasat_Individual_Sats.terminal[43].dlk.mac,LoRaSF,,,10
General-317-20260718-15:48:02-5193,param,Florasat_Individual_Sats.terminal[43].dlk.mac,LoRaTP,,,13
General-317-20260718-15:48:02-5193,param,Florasat_Individual_Sats.terminal[43].dlk.mac,LoRaCF,,,8.68e+08
General-317-20260718-15:48:02-5193,param,Florasat_Individual_Sats.terminal[43].dlk.mac,LoRaBW,,,125000
General-317-20260718-15:48:02-5193,param,Florasat_Individual_Sats.terminal[43].dlk.mac,LoRaCR,,,1
General-317-20260718-15:48:02-5193,param,Florasat_Individual_Sats.terminal[43].dlk.mac,useMLBox,,,true
General-317-20260718-15:48:02-5193,param,Florasat_Individual_Sats.terminal[43].dlk.mac,useMLBoxBiLSTM,,,false
General-317-20260718-15:48:02-5193,param,Florasat_Individual_Sats.terminal[43].dlk.mac,useAnalytical,,,false
General-317-20260718-15:48:02-5193,param,Florasat_Individual_Sats.terminal[43].dlk,typename,,,"""Nodes._10_Terminal._20_Data_Link.Ter_Dlk"""
General-317-20260718-15:48:02-5193,param,Florasat_Individual_Sats.terminal[43].net.routing,typename,,,"""Global.Base._30_Network.Ter_Null_Routing"""
General-317-20260718-15:48:02-5193,param,Florasat_Individual_Sats.terminal[43].net,typename,,,"""Nodes._10_Terminal._30_Network.Ter_Net"""
General-317-20260718-15:48:02-5193,param,Florasat_Individual_Sats.terminal[43].net,layerName,,,"""Ter_Net"""
General-317-20260718-15:48:02-5193,attr,Florasat_Individual_Sats.terminal[43].net,layerName,optional,,
General-317-20260718-15:48:02-5193,param,Florasat_Individual_Sats.terminal[43].net,routingType,,,"""Ter_Null_Routing"""
General-317-20260718-15:48:02-5193,param,Florasat_Individual_Sats.terminal[43].app,typename,,,"""Nodes._10_Terminal._40_Application.Ter_App"""
General-317-20260718-15:48:02-5193,param,Florasat_Individual_Sats.terminal[43].app,layerName,,,"""TerminalApplicationLayer"""
General-317-20260718-15:48:02-5193,attr,Florasat_Individual_Sats.terminal[43].app,layerName,optional,,
General-317-20260718-15:48:02-5193,param,Florasat_Individual_Sats.terminal[43].app,numberOfPacketsToSend,,,0
General-317-20260718-15:48:02-5193,param,Florasat_Individual_Sats.terminal[43].app,timeToFirstPacket,,,1s
General-317-20260718-15:48:02-5193,attr,Florasat_Individual_Sats.terminal[43].app,timeToFirstPacket,unit,s,
General-317-20260718-15:48:02-5193,param,Florasat_Individual_Sats.terminal[43].app,timeToNextPacket,,,115s
General-317-20260718-15:48:02-5193,attr,Florasat_Individual_Sats.terminal[43].app,timeToNextPacket,unit,s,
General-317-20260718-15:48:02-5193,param,Florasat_Individual_Sats.terminal[43].app,timeToResponse,,,30s
General-317-20260718-15:48:02-5193,attr,Florasat_Individual_Sats.terminal[43].app,timeToResponse,unit,s,
General-317-20260718-15:48:02-5193,param,Florasat_Individual_Sats.terminal[43].app,timeToRetry,,,10s
General-317-20260718-15:48:02-5193,attr,Florasat_Individual_Sats.terminal[43].app,timeToRetry,unit,s,
General-317-20260718-15:48:02-5193,param,Florasat_Individual_Sats.terminal[43].app,ackTimeout,,,7s
General-317-20260718-15:48:02-5193,attr,Florasat_Individual_Sats.terminal[43].app,ackTimeout,unit,s,
General-317-20260718-15:48:02-5193,param,Florasat_Individual_Sats.terminal[43].app,timer,,,1s
General-317-20260718-15:48:02-5193,attr,Florasat_Individual_Sats.terminal[43].app,timer,unit,s,
General-317-20260718-15:48:02-5193,param,Florasat_Individual_Sats.terminal[43].app,initialLoRaTP,,,14dBm
General-317-20260718-15:48:02-5193,attr,Florasat_Individual_Sats.terminal[43].app,initialLoRaTP,unit,dBm,
General-317-20260718-15:48:02-5193,param,Florasat_Individual_Sats.terminal[43].app,initialLoRaCF,,,8.68e+08Hz
General-317-20260718-15:48:02-5193,attr,Florasat_Individual_Sats.terminal[43].app,initialLoRaCF,unit,Hz,
General-317-20260718-15:48:02-5193,param,Florasat_Individual_Sats.terminal[43].app,initialLoRaSF,,,12
General-317-20260718-15:48:02-5193,param,Florasat_Individual_Sats.terminal[43].app,initialLoRaBW,,,125000Hz
General-317-20260718-15:48:02-5193,attr,Florasat_Individual_Sats.terminal[43].app,initialLoRaBW,unit,Hz,
General-317-20260718-15:48:02-5193,param,Florasat_Individual_Sats.terminal[43].app,initialLoRaCR,,,4
General-317-20260718-15:48:02-5193,param,Florasat_Individual_Sats.terminal[43].app,initialUseHeader,,,true
General-317-20260718-15:48:02-5193,param,Florasat_Individual_Sats.terminal[43].app,initialPingSlot,,,1
General-317-20260718-15:48:02-5193,param,Florasat_Individual_Sats.terminal[43].app,InitClassA,,,true
General-317-20260718-15:48:02-5193,param,Florasat_Individual_Sats.terminal[43].app,InitClassB,,,false
General-317-20260718-15:48:02-5193,param,Florasat_Individual_Sats.terminal[43].app,evaluateADRinNode,,,false
General-317-20260718-15:48:02-5193,param,Florasat_Individual_Sats.terminal[43].app,payloadSize,,,10B
General-317-20260718-15:48:02-5193,attr,Florasat_Individual_Sats.terminal[43].app,payloadSize,unit,B,
General-317-20260718-15:48:02-5193,param,Florasat_Individual_Sats.terminal[43].app,usingAck,,,true
General-317-20260718-15:48:02-5193,param,Florasat_Individual_Sats.terminal[43].app,numGroundLinks,,,40
General-317-20260718-15:48:02-5193,param,Florasat_Individual_Sats.terminal[43].app,maxHops,,,50
General-317-20260718-15:48:02-5193,param,Florasat_Individual_Sats.terminal[43].app,nroMaxAttempts,,,0
General-317-20260718-15:48:02-5193,param,Florasat_Individual_Sats.terminal[43].eng,typename,,,"""Nodes._10_Terminal._50_Energy.Ter_Ene"""
General-317-20260718-15:48:02-5193,param,Florasat_Individual_Sats.terminal[43].mob,typename,,,"""Nodes._10_Terminal._60_Mobility.Ter_Mob"""
General-317-20260718-15:48:02-5193,param,Florasat_Individual_Sats.terminal[43].mob,subjectModule,,,"""^"""
General-317-20260718-15:48:02-5193,param,Florasat_Individual_Sats.terminal[43].mob,coordinateSystemModule,,,""""""
General-317-20260718-15:48:02-5193,param,Florasat_Individual_Sats.terminal[43].mob,displayStringTextFormat,,,"""p: %p\nv: %v"""
General-317-20260718-15:48:02-5193,attr,Florasat_Individual_Sats.terminal[43].mob,displayStringTextFormat,mutable,,
General-317-20260718-15:48:02-5193,param,Florasat_Individual_Sats.terminal[43].mob,updateDisplayString,,,true
General-317-20260718-15:48:02-5193,param,Florasat_Individual_Sats.terminal[43].mob,constraintAreaMinX,,,-inf m
General-317-20260718-15:48:02-5193,attr,Florasat_Individual_Sats.terminal[43].mob,constraintAreaMinX,unit,m,
General-317-20260718-15:48:02-5193,param,Florasat_Individual_Sats.terminal[43].mob,constraintAreaMinY,,,-inf m
General-317-20260718-15:48:02-5193,attr,Florasat_Individual_Sats.terminal[43].mob,constraintAreaMinY,unit,m,
General-317-20260718-15:48:02-5193,param,Florasat_Individual_Sats.terminal[43].mob,constraintAreaMinZ,,,-inf m
General-317-20260718-15:48:02-5193,attr,Florasat_Individual_Sats.terminal[43].mob,constraintAreaMinZ,unit,m,
General-317-20260718-15:48:02-5193,param,Florasat_Individual_Sats.terminal[43].mob,constraintAreaMaxX,,,inf m
General-317-20260718-15:48:02-5193,attr,Florasat_Individual_Sats.terminal[43].mob,constraintAreaMaxX,unit,m,
General-317-20260718-15:48:02-5193,param,Florasat_Individual_Sats.terminal[43].mob,constraintAreaMaxY,,,inf m
General-317-20260718-15:48:02-5193,attr,Florasat_Individual_Sats.terminal[43].mob,constraintAreaMaxY,unit,m,
General-317-20260718-15:48:02-5193,param,Florasat_Individual_Sats.terminal[43].mob,constraintAreaMaxZ,,,inf m
General-317-20260718-15:48:02-5193,attr,Florasat_Individual_Sats.terminal[43].mob,constraintAreaMaxZ,unit,m,
General-317-20260718-15:48:02-5193,param,Florasat_Individual_Sats.terminal[43].mob,initialX,,,nan m
General-317-20260718-15:48:02-5193,attr,Florasat_Individual_Sats.terminal[43].mob,initialX,unit,m,
General-317-20260718-15:48:02-5193,param,Florasat_Individual_Sats.terminal[43].mob,initialY,,,nan m
General-317-20260718-15:48:02-5193,attr,Florasat_Individual_Sats.terminal[43].mob,initialY,unit,m,
General-317-20260718-15:48:02-5193,param,Florasat_Individual_Sats.terminal[43].mob,initialZ,,,0m
General-317-20260718-15:48:02-5193,attr,Florasat_Individual_Sats.terminal[43].mob,initialZ,unit,m,
General-317-20260718-15:48:02-5193,param,Florasat_Individual_Sats.terminal[43].mob,initialLatitude,,,nan deg
General-317-20260718-15:48:02-5193,attr,Florasat_Individual_Sats.terminal[43].mob,initialLatitude,unit,deg,
General-317-20260718-15:48:02-5193,param,Florasat_Individual_Sats.terminal[43].mob,initialLongitude,,,nan deg
General-317-20260718-15:48:02-5193,attr,Florasat_Individual_Sats.terminal[43].mob,initialLongitude,unit,deg,
General-317-20260718-15:48:02-5193,param,Florasat_Individual_Sats.terminal[43].mob,initialAltitude,,,0m
General-317-20260718-15:48:02-5193,attr,Florasat_Individual_Sats.terminal[43].mob,initialAltitude,unit,m,
General-317-20260718-15:48:02-5193,param,Florasat_Individual_Sats.terminal[43].mob,initialHeading,,,0deg
General-317-20260718-15:48:02-5193,attr,Florasat_Individual_Sats.terminal[43].mob,initialHeading,unit,deg,
General-317-20260718-15:48:02-5193,param,Florasat_Individual_Sats.terminal[43].mob,initialElevation,,,0deg
General-317-20260718-15:48:02-5193,attr,Florasat_Individual_Sats.terminal[43].mob,initialElevation,unit,deg,
General-317-20260718-15:48:02-5193,param,Florasat_Individual_Sats.terminal[43].mob,initialBank,,,0deg
General-317-20260718-15:48:02-5193,attr,Florasat_Individual_Sats.terminal[43].mob,initialBank,unit,deg,
General-317-20260718-15:48:02-5193,param,Florasat_Individual_Sats.terminal[43].mob,initFromDisplayString,,,false
General-317-20260718-15:48:02-5193,param,Florasat_Individual_Sats.terminal[43].mob,updateFromDisplayString,,,false
General-317-20260718-15:48:02-5193,param,Florasat_Individual_Sats.terminal[43].mob,centerLatitude,,,40.851
General-317-20260718-15:48:02-5193,param,Florasat_Individual_Sats.terminal[43].mob,centerLongitude,,,14.268
General-317-20260718-15:48:02-5193,param,Florasat_Individual_Sats.terminal[43].mob,deploymentRadius,,,200
General-317-20260718-15:48:02-5193,param,Florasat_Individual_Sats.terminal[43],typename,,,"""Nodes._10_Terminal.Terminal"""
General-317-20260718-15:48:02-5193,param,Florasat_Individual_Sats.terminal[43],layerName,,,"""Terminal"""
General-317-20260718-15:48:02-5193,attr,Florasat_Individual_Sats.terminal[43],layerName,optional,,
General-317-20260718-15:48:02-5193,param,Florasat_Individual_Sats.terminal[43],sendData,,,true
General-317-20260718-15:48:02-5193,attr,Florasat_Individual_Sats.terminal[43],sendData,mutable,,
General-317-20260718-15:48:02-5193,param,Florasat_Individual_Sats.terminal[43],dstGsOrDev,,,0
General-317-20260718-15:48:02-5193,param,Florasat_Individual_Sats.terminal[44].phy.radio.antenna,typename,,,"""inet.physicallayer.wireless.common.antenna.IsotropicAntenna"""
General-317-20260718-15:48:02-5193,param,Florasat_Individual_Sats.terminal[44].phy.radio.antenna,mobilityModule,,,"""^.^.^.mob"""
General-317-20260718-15:48:02-5193,param,Florasat_Individual_Sats.terminal[44].phy.radio.antenna,numAntennas,,,1
General-317-20260718-15:48:02-5193,param,Florasat_Individual_Sats.terminal[44].phy.radio.transmitter,typename,,,"""Global.Transceiver.LoRaTransmitter"""
General-317-20260718-15:48:02-5193,param,Florasat_Individual_Sats.terminal[44].phy.radio.transmitter,preambleDuration,,,0.001s
General-317-20260718-15:48:02-5193,attr,Florasat_Individual_Sats.terminal[44].phy.radio.transmitter,preambleDuration,unit,s,
General-317-20260718-15:48:02-5193,param,Florasat_Individual_Sats.terminal[44].phy.radio.transmitter,headerLength,,,40b
General-317-20260718-15:48:02-5193,attr,Florasat_Individual_Sats.terminal[44].phy.radio.transmitter,headerLength,unit,b,
General-317-20260718-15:48:02-5193,param,Florasat_Individual_Sats.terminal[44].phy.radio.transmitter,bitrate,,,250000bps
General-317-20260718-15:48:02-5193,attr,Florasat_Individual_Sats.terminal[44].phy.radio.transmitter,bitrate,unit,bps,
General-317-20260718-15:48:02-5193,param,Florasat_Individual_Sats.terminal[44].phy.radio.transmitter,power,,,0.025118W
General-317-20260718-15:48:02-5193,attr,Florasat_Individual_Sats.terminal[44].phy.radio.transmitter,power,unit,W,
General-317-20260718-15:48:02-5193,param,Florasat_Individual_Sats.terminal[44].phy.radio.transmitter,centerFrequency,,,8.68e+08Hz
General-317-20260718-15:48:02-5193,attr,Florasat_Individual_Sats.terminal[44].phy.radio.transmitter,centerFrequency,unit,Hz,
General-317-20260718-15:48:02-5193,param,Florasat_Individual_Sats.terminal[44].phy.radio.transmitter,bandwidth,,,250000Hz
General-317-20260718-15:48:02-5193,attr,Florasat_Individual_Sats.terminal[44].phy.radio.transmitter,bandwidth,unit,Hz,
General-317-20260718-15:48:02-5193,param,Florasat_Individual_Sats.terminal[44].phy.radio.transmitter,codeRate,,,1
General-317-20260718-15:48:02-5193,param,Florasat_Individual_Sats.terminal[44].phy.radio.transmitter,modulation,,,"""LoRaModulation"""
General-317-20260718-15:48:02-5193,param,Florasat_Individual_Sats.terminal[44].phy.radio.receiver,typename,,,"""Global.Transceiver.LoRaReceiver"""
General-317-20260718-15:48:02-5193,param,Florasat_Individual_Sats.terminal[44].phy.radio.receiver,energyDetection,,,-90dBm
General-317-20260718-15:48:02-5193,attr,Florasat_Individual_Sats.terminal[44].phy.radio.receiver,energyDetection,unit,dBm,
General-317-20260718-15:48:02-5193,param,Florasat_Individual_Sats.terminal[44].phy.radio.receiver,sensitivity,,,-137dBm
General-317-20260718-15:48:02-5193,attr,Florasat_Individual_Sats.terminal[44].phy.radio.receiver,sensitivity,unit,dBm,
General-317-20260718-15:48:02-5193,param,Florasat_Individual_Sats.terminal[44].phy.radio.receiver,snirThreshold,,,-8dB
General-317-20260718-15:48:02-5193,attr,Florasat_Individual_Sats.terminal[44].phy.radio.receiver,snirThreshold,unit,dB,
General-317-20260718-15:48:02-5193,param,Florasat_Individual_Sats.terminal[44].phy.radio.receiver,centerFrequency,,,8.68e+08Hz
General-317-20260718-15:48:02-5193,attr,Florasat_Individual_Sats.terminal[44].phy.radio.receiver,centerFrequency,unit,Hz,
General-317-20260718-15:48:02-5193,param,Florasat_Individual_Sats.terminal[44].phy.radio.receiver,bandwidth,,,250000Hz
General-317-20260718-15:48:02-5193,attr,Florasat_Individual_Sats.terminal[44].phy.radio.receiver,bandwidth,unit,Hz,
General-317-20260718-15:48:02-5193,param,Florasat_Individual_Sats.terminal[44].phy.radio.receiver,alohaChannelModel,,,false
General-317-20260718-15:48:02-5193,param,Florasat_Individual_Sats.terminal[44].phy.radio.receiver,errorModelType,,,""""""
General-317-20260718-15:48:02-5193,param,Florasat_Individual_Sats.terminal[44].phy.radio.receiver,ignoreInterference,,,false
General-317-20260718-15:48:02-5193,param,Florasat_Individual_Sats.terminal[44].phy.radio.receiver,enableCollisionOverlap,,,false
General-317-20260718-15:48:02-5193,param,Florasat_Individual_Sats.terminal[44].phy.radio.receiver,minCollisionOverlap,,,0s
General-317-20260718-15:48:02-5193,attr,Florasat_Individual_Sats.terminal[44].phy.radio.receiver,minCollisionOverlap,unit,s,
General-317-20260718-15:48:02-5193,param,Florasat_Individual_Sats.terminal[44].phy.radio.IdealEpEnergyStorage,typename,,,"""inet.power.storage.IdealEpEnergyStorage"""
General-317-20260718-15:48:02-5193,param,Florasat_Individual_Sats.terminal[44].phy.radio,typename,,,"""Nodes._10_Terminal._10_Physical.Ter_Phy_LoRaRadio"""
General-317-20260718-15:48:02-5193,param,Florasat_Individual_Sats.terminal[44].phy.radio,radioMediumModule,,,"""radioMedium"""
General-317-20260718-15:48:02-5193,param,Florasat_Individual_Sats.terminal[44].phy.radio,energySourceModule,,,""""""
General-317-20260718-15:48:02-5193,param,Florasat_Individual_Sats.terminal[44].phy.radio,initialRadioMode,,,"""off"""
General-317-20260718-15:48:02-5193,attr,Florasat_Individual_Sats.terminal[44].phy.radio,initialRadioMode,enum,"off,sleep,receiver,transmitter,transceiver",
General-317-20260718-15:48:02-5193,param,Florasat_Individual_Sats.terminal[44].phy.radio,switchingTimes,,,"""ms 0 0 0 0 0 0 0 0 0 0 0 0 0 0 0 0 0 0 0 0 0 0 0 0 0"""
General-317-20260718-15:48:02-5193,param,Florasat_Individual_Sats.terminal[44].phy.radio,sendRawBytes,,,false
General-317-20260718-15:48:02-5193,param,Florasat_Individual_Sats.terminal[44].phy.radio,separateTransmissionParts,,,false
General-317-20260718-15:48:02-5193,param,Florasat_Individual_Sats.terminal[44].phy.radio,separateReceptionParts,,,false
General-317-20260718-15:48:02-5193,param,Florasat_Individual_Sats.terminal[44].phy.radio,displayCommunicationRange,,,false
General-317-20260718-15:48:02-5193,param,Florasat_Individual_Sats.terminal[44].phy.radio,displayInterferenceRange,,,false
General-317-20260718-15:48:02-5193,param,Florasat_Individual_Sats.terminal[44].phy.radio,centerFrequency,,,8.68e+08Hz
General-317-20260718-15:48:02-5193,attr,Florasat_Individual_Sats.terminal[44].phy.radio,centerFrequency,unit,Hz,
General-317-20260718-15:48:02-5193,param,Florasat_Individual_Sats.terminal[44].phy.radio,bandwidth,,,250000Hz
General-317-20260718-15:48:02-5193,attr,Florasat_Individual_Sats.terminal[44].phy.radio,bandwidth,unit,Hz,
General-317-20260718-15:48:02-5193,param,Florasat_Individual_Sats.terminal[44].phy.radio,iAmGateway,,,false
General-317-20260718-15:48:02-5193,param,Florasat_Individual_Sats.terminal[44].phy,typename,,,"""Nodes._10_Terminal._10_Physical.Ter_Phy"""
General-317-20260718-15:48:02-5193,param,Florasat_Individual_Sats.terminal[44].phy,layerName,,,"""Ter_Phy"""
General-317-20260718-15:48:02-5193,attr,Florasat_Individual_Sats.terminal[44].phy,layerName,optional,,
General-317-20260718-15:48:02-5193,param,Florasat_Individual_Sats.terminal[44].dlk.mac.queue,typename,,,"""inet.queueing.queue.DropTailQueue"""
General-317-20260718-15:48:02-5193,param,Florasat_Individual_Sats.terminal[44].dlk.mac.queue,displayStringTextFormat,,,"""contains %p pk (%l) pushed %u\npulled %o removed %r dropped %d"""
General-317-20260718-15:48:02-5193,param,Florasat_Individual_Sats.terminal[44].dlk.mac.queue,packetCapacity,,,-1
General-317-20260718-15:48:02-5193,param,Florasat_Individual_Sats.terminal[44].dlk.mac.queue,dataCapacity,,,-1b
General-317-20260718-15:48:02-5193,attr,Florasat_Individual_Sats.terminal[44].dlk.mac.queue,dataCapacity,unit,b,
General-317-20260718-15:48:02-5193,param,Florasat_Individual_Sats.terminal[44].dlk.mac.queue,dropperClass,,,"""inet::queueing::PacketAtCollectionEndDropper"""
General-317-20260718-15:48:02-5193,param,Florasat_Individual_Sats.terminal[44].dlk.mac.queue,comparatorClass,,,""""""
General-317-20260718-15:48:02-5193,param,Florasat_Individual_Sats.terminal[44].dlk.mac.queue,bufferModule,,,""""""
General-317-20260718-15:48:02-5193,param,Florasat_Individual_Sats.terminal[44].dlk.mac.mlBox,typename,,,"""Nodes._10_Terminal._20_Data_Link.Transmission_Predictor.Transmission_Predictor"""
General-317-20260718-15:48:02-5193,param,Florasat_Individual_Sats.terminal[44].dlk.mac.mlBox,modelPath,,,"""/home/ylnner/Documents/omnet++/omnetpp-6.3.0/projects/florasat_v4_ult_routing/simulations/Test_Individual/mlmodels/transformer_scripted.pt"""
General-317-20260718-15:48:02-5193,param,Florasat_Individual_Sats.terminal[44].dlk.mac.mlBox,threshold,,,0.2
General-317-20260718-15:48:02-5193,param,Florasat_Individual_Sats.terminal[44].dlk.mac.mlBox,scalerPath,,,""""""
General-317-20260718-15:48:02-5193,param,Florasat_Individual_Sats.terminal[44].dlk.mac,typename,,,"""Nodes._10_Terminal._20_Data_Link.Ter_Dlk_KiWan"""
General-317-20260718-15:48:02-5193,param,Florasat_Individual_Sats.terminal[44].dlk.mac,interfaceTableModule,,,""""""
General-317-20260718-15:48:02-5193,param,Florasat_Individual_Sats.terminal[44].dlk.mac,radioModule,,,"""^.^.phy.radio"""
General-317-20260718-15:48:02-5193,param,Florasat_Individual_Sats.terminal[44].dlk.mac,address,,,"""0A-AA-00-00-00-2D"""
General-317-20260718-15:48:02-5193,attr,Florasat_Individual_Sats.terminal[44].dlk.mac,address,mutable,,
General-317-20260718-15:48:02-5193,param,Florasat_Individual_Sats.terminal[44].dlk.mac,mtu,,,1500
General-317-20260718-15:48:02-5193,param,Florasat_Individual_Sats.terminal[44].dlk.mac,ttwDuration,,,100s
General-317-20260718-15:48:02-5193,attr,Florasat_Individual_Sats.terminal[44].dlk.mac,ttwDuration,unit,s,
General-317-20260718-15:48:02-5193,param,Florasat_Individual_Sats.terminal[44].dlk.mac,ttwIdle,,,0s
General-317-20260718-15:48:02-5193,attr,Florasat_Individual_Sats.terminal[44].dlk.mac,ttwIdle,unit,s,
General-317-20260718-15:48:02-5193,param,Florasat_Individual_Sats.terminal[44].dlk.mac,ttxStart_min,,,0s
General-317-20260718-15:48:02-5193,attr,Florasat_Individual_Sats.terminal[44].dlk.mac,ttxStart_min,unit,s,
General-317-20260718-15:48:02-5193,param,Florasat_Individual_Sats.terminal[44].dlk.mac,ttxStart_max,,,1s
General-317-20260718-15:48:02-5193,attr,Florasat_Individual_Sats.terminal[44].dlk.mac,ttxStart_max,unit,s,
General-317-20260718-15:48:02-5193,param,Florasat_Individual_Sats.terminal[44].dlk.mac,ttxIdle_min,,,10s
General-317-20260718-15:48:02-5193,attr,Florasat_Individual_Sats.terminal[44].dlk.mac,ttxIdle_min,unit,s,
General-317-20260718-15:48:02-5193,param,Florasat_Individual_Sats.terminal[44].dlk.mac,ttxIdle_max,,,15s
General-317-20260718-15:48:02-5193,attr,Florasat_Individual_Sats.terminal[44].dlk.mac,ttxIdle_max,unit,s,
General-317-20260718-15:48:02-5193,param,Florasat_Individual_Sats.terminal[44].dlk.mac,Ntw,,,1
General-317-20260718-15:48:02-5193,param,Florasat_Individual_Sats.terminal[44].dlk.mac,Ntx,,,5
General-317-20260718-15:48:02-5193,param,Florasat_Individual_Sats.terminal[44].dlk.mac,enableSatDetect,,,false
General-317-20260718-15:48:02-5193,param,Florasat_Individual_Sats.terminal[44].dlk.mac,tsdStart_min,,,0s
General-317-20260718-15:48:02-5193,attr,Florasat_Individual_Sats.terminal[44].dlk.mac,tsdStart_min,unit,s,
General-317-20260718-15:48:02-5193,param,Florasat_Individual_Sats.terminal[44].dlk.mac,tsdStart_max,,,60s
General-317-20260718-15:48:02-5193,attr,Florasat_Individual_Sats.terminal[44].dlk.mac,tsdStart_max,unit,s,
General-317-20260718-15:48:02-5193,param,Florasat_Individual_Sats.terminal[44].dlk.mac,Ndetect,,,4
General-317-20260718-15:48:02-5193,param,Florasat_Individual_Sats.terminal[44].dlk.mac,NsdSync,,,2
General-317-20260718-15:48:02-5193,param,Florasat_Individual_Sats.terminal[44].dlk.mac,tsyncIdle,,,60s
General-317-20260718-15:48:02-5193,attr,Florasat_Individual_Sats.terminal[44].dlk.mac,tsyncIdle,unit,s,
General-317-20260718-15:48:02-5193,param,Florasat_Individual_Sats.terminal[44].dlk.mac,tsdIdle,,,240s
General-317-20260718-15:48:02-5193,attr,Florasat_Individual_Sats.terminal[44].dlk.mac,tsdIdle,unit,s,
General-317-20260718-15:48:02-5193,param,Florasat_Individual_Sats.terminal[44].dlk.mac,satelliteDetectionProbability,,,0.9
General-317-20260718-15:48:02-5193,param,Florasat_Individual_Sats.terminal[44].dlk.mac,minimumElevation,,,5
General-317-20260718-15:48:02-5193,param,Florasat_Individual_Sats.terminal[44].dlk.mac,detectInitialListen,,,0.33s
General-317-20260718-15:48:02-5193,attr,Florasat_Individual_Sats.terminal[44].dlk.mac,detectInitialListen,unit,s,
General-317-20260718-15:48:02-5193,param,Florasat_Individual_Sats.terminal[44].dlk.mac,detectSuccessExtraMin,,,0.075s
General-317-20260718-15:48:02-5193,attr,Florasat_Individual_Sats.terminal[44].dlk.mac,detectSuccessExtraMin,unit,s,
General-317-20260718-15:48:02-5193,param,Florasat_Individual_Sats.terminal[44].dlk.mac,detectSuccessExtraMax,,,1.67s
General-317-20260718-15:48:02-5193,attr,Florasat_Individual_Sats.terminal[44].dlk.mac,detectSuccessExtraMax,unit,s,
General-317-20260718-15:48:02-5193,param,Florasat_Individual_Sats.terminal[44].dlk.mac,detectMissExtra,,,1.67s
General-317-20260718-15:48:02-5193,attr,Florasat_Individual_Sats.terminal[44].dlk.mac,detectMissExtra,unit,s,
General-317-20260718-15:48:02-5193,param,Florasat_Individual_Sats.terminal[44].dlk.mac,LoRaSF,,,11
General-317-20260718-15:48:02-5193,param,Florasat_Individual_Sats.terminal[44].dlk.mac,LoRaTP,,,13
General-317-20260718-15:48:02-5193,param,Florasat_Individual_Sats.terminal[44].dlk.mac,LoRaCF,,,8.68e+08
General-317-20260718-15:48:02-5193,param,Florasat_Individual_Sats.terminal[44].dlk.mac,LoRaBW,,,125000
General-317-20260718-15:48:02-5193,param,Florasat_Individual_Sats.terminal[44].dlk.mac,LoRaCR,,,1
General-317-20260718-15:48:02-5193,param,Florasat_Individual_Sats.terminal[44].dlk.mac,useMLBox,,,true
General-317-20260718-15:48:02-5193,param,Florasat_Individual_Sats.terminal[44].dlk.mac,useMLBoxBiLSTM,,,false
General-317-20260718-15:48:02-5193,param,Florasat_Individual_Sats.terminal[44].dlk.mac,useAnalytical,,,false
General-317-20260718-15:48:02-5193,param,Florasat_Individual_Sats.terminal[44].dlk,typename,,,"""Nodes._10_Terminal._20_Data_Link.Ter_Dlk"""
General-317-20260718-15:48:02-5193,param,Florasat_Individual_Sats.terminal[44].net.routing,typename,,,"""Global.Base._30_Network.Ter_Null_Routing"""
General-317-20260718-15:48:02-5193,param,Florasat_Individual_Sats.terminal[44].net,typename,,,"""Nodes._10_Terminal._30_Network.Ter_Net"""
General-317-20260718-15:48:02-5193,param,Florasat_Individual_Sats.terminal[44].net,layerName,,,"""Ter_Net"""
General-317-20260718-15:48:02-5193,attr,Florasat_Individual_Sats.terminal[44].net,layerName,optional,,
General-317-20260718-15:48:02-5193,param,Florasat_Individual_Sats.terminal[44].net,routingType,,,"""Ter_Null_Routing"""
General-317-20260718-15:48:02-5193,param,Florasat_Individual_Sats.terminal[44].app,typename,,,"""Nodes._10_Terminal._40_Application.Ter_App"""
General-317-20260718-15:48:02-5193,param,Florasat_Individual_Sats.terminal[44].app,layerName,,,"""TerminalApplicationLayer"""
General-317-20260718-15:48:02-5193,attr,Florasat_Individual_Sats.terminal[44].app,layerName,optional,,
General-317-20260718-15:48:02-5193,param,Florasat_Individual_Sats.terminal[44].app,numberOfPacketsToSend,,,0
General-317-20260718-15:48:02-5193,param,Florasat_Individual_Sats.terminal[44].app,timeToFirstPacket,,,1s
General-317-20260718-15:48:02-5193,attr,Florasat_Individual_Sats.terminal[44].app,timeToFirstPacket,unit,s,
General-317-20260718-15:48:02-5193,param,Florasat_Individual_Sats.terminal[44].app,timeToNextPacket,,,115s
General-317-20260718-15:48:02-5193,attr,Florasat_Individual_Sats.terminal[44].app,timeToNextPacket,unit,s,
General-317-20260718-15:48:02-5193,param,Florasat_Individual_Sats.terminal[44].app,timeToResponse,,,30s
General-317-20260718-15:48:02-5193,attr,Florasat_Individual_Sats.terminal[44].app,timeToResponse,unit,s,
General-317-20260718-15:48:02-5193,param,Florasat_Individual_Sats.terminal[44].app,timeToRetry,,,10s
General-317-20260718-15:48:02-5193,attr,Florasat_Individual_Sats.terminal[44].app,timeToRetry,unit,s,
General-317-20260718-15:48:02-5193,param,Florasat_Individual_Sats.terminal[44].app,ackTimeout,,,7s
General-317-20260718-15:48:02-5193,attr,Florasat_Individual_Sats.terminal[44].app,ackTimeout,unit,s,
General-317-20260718-15:48:02-5193,param,Florasat_Individual_Sats.terminal[44].app,timer,,,1s
General-317-20260718-15:48:02-5193,attr,Florasat_Individual_Sats.terminal[44].app,timer,unit,s,
General-317-20260718-15:48:02-5193,param,Florasat_Individual_Sats.terminal[44].app,initialLoRaTP,,,14dBm
General-317-20260718-15:48:02-5193,attr,Florasat_Individual_Sats.terminal[44].app,initialLoRaTP,unit,dBm,
General-317-20260718-15:48:02-5193,param,Florasat_Individual_Sats.terminal[44].app,initialLoRaCF,,,8.68e+08Hz
General-317-20260718-15:48:02-5193,attr,Florasat_Individual_Sats.terminal[44].app,initialLoRaCF,unit,Hz,
General-317-20260718-15:48:02-5193,param,Florasat_Individual_Sats.terminal[44].app,initialLoRaSF,,,12
General-317-20260718-15:48:02-5193,param,Florasat_Individual_Sats.terminal[44].app,initialLoRaBW,,,125000Hz
General-317-20260718-15:48:02-5193,attr,Florasat_Individual_Sats.terminal[44].app,initialLoRaBW,unit,Hz,
General-317-20260718-15:48:02-5193,param,Florasat_Individual_Sats.terminal[44].app,initialLoRaCR,,,4
General-317-20260718-15:48:02-5193,param,Florasat_Individual_Sats.terminal[44].app,initialUseHeader,,,true
General-317-20260718-15:48:02-5193,param,Florasat_Individual_Sats.terminal[44].app,initialPingSlot,,,1
General-317-20260718-15:48:02-5193,param,Florasat_Individual_Sats.terminal[44].app,InitClassA,,,true
General-317-20260718-15:48:02-5193,param,Florasat_Individual_Sats.terminal[44].app,InitClassB,,,false
General-317-20260718-15:48:02-5193,param,Florasat_Individual_Sats.terminal[44].app,evaluateADRinNode,,,false
General-317-20260718-15:48:02-5193,param,Florasat_Individual_Sats.terminal[44].app,payloadSize,,,10B
General-317-20260718-15:48:02-5193,attr,Florasat_Individual_Sats.terminal[44].app,payloadSize,unit,B,
General-317-20260718-15:48:02-5193,param,Florasat_Individual_Sats.terminal[44].app,usingAck,,,true
General-317-20260718-15:48:02-5193,param,Florasat_Individual_Sats.terminal[44].app,numGroundLinks,,,40
General-317-20260718-15:48:02-5193,param,Florasat_Individual_Sats.terminal[44].app,maxHops,,,50
General-317-20260718-15:48:02-5193,param,Florasat_Individual_Sats.terminal[44].app,nroMaxAttempts,,,0
General-317-20260718-15:48:02-5193,param,Florasat_Individual_Sats.terminal[44].eng,typename,,,"""Nodes._10_Terminal._50_Energy.Ter_Ene"""
General-317-20260718-15:48:02-5193,param,Florasat_Individual_Sats.terminal[44].mob,typename,,,"""Nodes._10_Terminal._60_Mobility.Ter_Mob"""
General-317-20260718-15:48:02-5193,param,Florasat_Individual_Sats.terminal[44].mob,subjectModule,,,"""^"""
General-317-20260718-15:48:02-5193,param,Florasat_Individual_Sats.terminal[44].mob,coordinateSystemModule,,,""""""
General-317-20260718-15:48:02-5193,param,Florasat_Individual_Sats.terminal[44].mob,displayStringTextFormat,,,"""p: %p\nv: %v"""
General-317-20260718-15:48:02-5193,attr,Florasat_Individual_Sats.terminal[44].mob,displayStringTextFormat,mutable,,
General-317-20260718-15:48:02-5193,param,Florasat_Individual_Sats.terminal[44].mob,updateDisplayString,,,true
General-317-20260718-15:48:02-5193,param,Florasat_Individual_Sats.terminal[44].mob,constraintAreaMinX,,,-inf m
General-317-20260718-15:48:02-5193,attr,Florasat_Individual_Sats.terminal[44].mob,constraintAreaMinX,unit,m,
General-317-20260718-15:48:02-5193,param,Florasat_Individual_Sats.terminal[44].mob,constraintAreaMinY,,,-inf m
General-317-20260718-15:48:02-5193,attr,Florasat_Individual_Sats.terminal[44].mob,constraintAreaMinY,unit,m,
General-317-20260718-15:48:02-5193,param,Florasat_Individual_Sats.terminal[44].mob,constraintAreaMinZ,,,-inf m
General-317-20260718-15:48:02-5193,attr,Florasat_Individual_Sats.terminal[44].mob,constraintAreaMinZ,unit,m,
General-317-20260718-15:48:02-5193,param,Florasat_Individual_Sats.terminal[44].mob,constraintAreaMaxX,,,inf m
General-317-20260718-15:48:02-5193,attr,Florasat_Individual_Sats.terminal[44].mob,constraintAreaMaxX,unit,m,
General-317-20260718-15:48:02-5193,param,Florasat_Individual_Sats.terminal[44].mob,constraintAreaMaxY,,,inf m
General-317-20260718-15:48:02-5193,attr,Florasat_Individual_Sats.terminal[44].mob,constraintAreaMaxY,unit,m,
General-317-20260718-15:48:02-5193,param,Florasat_Individual_Sats.terminal[44].mob,constraintAreaMaxZ,,,inf m
General-317-20260718-15:48:02-5193,attr,Florasat_Individual_Sats.terminal[44].mob,constraintAreaMaxZ,unit,m,
General-317-20260718-15:48:02-5193,param,Florasat_Individual_Sats.terminal[44].mob,initialX,,,nan m
General-317-20260718-15:48:02-5193,attr,Florasat_Individual_Sats.terminal[44].mob,initialX,unit,m,
General-317-20260718-15:48:02-5193,param,Florasat_Individual_Sats.terminal[44].mob,initialY,,,nan m
General-317-20260718-15:48:02-5193,attr,Florasat_Individual_Sats.terminal[44].mob,initialY,unit,m,
General-317-20260718-15:48:02-5193,param,Florasat_Individual_Sats.terminal[44].mob,initialZ,,,0m
General-317-20260718-15:48:02-5193,attr,Florasat_Individual_Sats.terminal[44].mob,initialZ,unit,m,
General-317-20260718-15:48:02-5193,param,Florasat_Individual_Sats.terminal[44].mob,initialLatitude,,,nan deg
General-317-20260718-15:48:02-5193,attr,Florasat_Individual_Sats.terminal[44].mob,initialLatitude,unit,deg,
General-317-20260718-15:48:02-5193,param,Florasat_Individual_Sats.terminal[44].mob,initialLongitude,,,nan deg
General-317-20260718-15:48:02-5193,attr,Florasat_Individual_Sats.terminal[44].mob,initialLongitude,unit,deg,
General-317-20260718-15:48:02-5193,param,Florasat_Individual_Sats.terminal[44].mob,initialAltitude,,,0m
General-317-20260718-15:48:02-5193,attr,Florasat_Individual_Sats.terminal[44].mob,initialAltitude,unit,m,
General-317-20260718-15:48:02-5193,param,Florasat_Individual_Sats.terminal[44].mob,initialHeading,,,0deg
General-317-20260718-15:48:02-5193,attr,Florasat_Individual_Sats.terminal[44].mob,initialHeading,unit,deg,
General-317-20260718-15:48:02-5193,param,Florasat_Individual_Sats.terminal[44].mob,initialElevation,,,0deg
General-317-20260718-15:48:02-5193,attr,Florasat_Individual_Sats.terminal[44].mob,initialElevation,unit,deg,
General-317-20260718-15:48:02-5193,param,Florasat_Individual_Sats.terminal[44].mob,initialBank,,,0deg
General-317-20260718-15:48:02-5193,attr,Florasat_Individual_Sats.terminal[44].mob,initialBank,unit,deg,
General-317-20260718-15:48:02-5193,param,Florasat_Individual_Sats.terminal[44].mob,initFromDisplayString,,,false
General-317-20260718-15:48:02-5193,param,Florasat_Individual_Sats.terminal[44].mob,updateFromDisplayString,,,false
General-317-20260718-15:48:02-5193,param,Florasat_Individual_Sats.terminal[44].mob,centerLatitude,,,51.209
General-317-20260718-15:48:02-5193,param,Florasat_Individual_Sats.terminal[44].mob,centerLongitude,,,3.224
General-317-20260718-15:48:02-5193,param,Florasat_Individual_Sats.terminal[44].mob,deploymentRadius,,,200
General-317-20260718-15:48:02-5193,param,Florasat_Individual_Sats.terminal[44],typename,,,"""Nodes._10_Terminal.Terminal"""
General-317-20260718-15:48:02-5193,param,Florasat_Individual_Sats.terminal[44],layerName,,,"""Terminal"""
General-317-20260718-15:48:02-5193,attr,Florasat_Individual_Sats.terminal[44],layerName,optional,,
General-317-20260718-15:48:02-5193,param,Florasat_Individual_Sats.terminal[44],sendData,,,true
General-317-20260718-15:48:02-5193,attr,Florasat_Individual_Sats.terminal[44],sendData,mutable,,
General-317-20260718-15:48:02-5193,param,Florasat_Individual_Sats.terminal[44],dstGsOrDev,,,0
General-317-20260718-15:48:02-5193,param,Florasat_Individual_Sats.terminal[45].phy.radio.antenna,typename,,,"""inet.physicallayer.wireless.common.antenna.IsotropicAntenna"""
General-317-20260718-15:48:02-5193,param,Florasat_Individual_Sats.terminal[45].phy.radio.antenna,mobilityModule,,,"""^.^.^.mob"""
General-317-20260718-15:48:02-5193,param,Florasat_Individual_Sats.terminal[45].phy.radio.antenna,numAntennas,,,1
General-317-20260718-15:48:02-5193,param,Florasat_Individual_Sats.terminal[45].phy.radio.transmitter,typename,,,"""Global.Transceiver.LoRaTransmitter"""
General-317-20260718-15:48:02-5193,param,Florasat_Individual_Sats.terminal[45].phy.radio.transmitter,preambleDuration,,,0.001s
General-317-20260718-15:48:02-5193,attr,Florasat_Individual_Sats.terminal[45].phy.radio.transmitter,preambleDuration,unit,s,
General-317-20260718-15:48:02-5193,param,Florasat_Individual_Sats.terminal[45].phy.radio.transmitter,headerLength,,,40b
General-317-20260718-15:48:02-5193,attr,Florasat_Individual_Sats.terminal[45].phy.radio.transmitter,headerLength,unit,b,
General-317-20260718-15:48:02-5193,param,Florasat_Individual_Sats.terminal[45].phy.radio.transmitter,bitrate,,,250000bps
General-317-20260718-15:48:02-5193,attr,Florasat_Individual_Sats.terminal[45].phy.radio.transmitter,bitrate,unit,bps,
General-317-20260718-15:48:02-5193,param,Florasat_Individual_Sats.terminal[45].phy.radio.transmitter,power,,,0.025118W
General-317-20260718-15:48:02-5193,attr,Florasat_Individual_Sats.terminal[45].phy.radio.transmitter,power,unit,W,
General-317-20260718-15:48:02-5193,param,Florasat_Individual_Sats.terminal[45].phy.radio.transmitter,centerFrequency,,,8.68e+08Hz
General-317-20260718-15:48:02-5193,attr,Florasat_Individual_Sats.terminal[45].phy.radio.transmitter,centerFrequency,unit,Hz,
General-317-20260718-15:48:02-5193,param,Florasat_Individual_Sats.terminal[45].phy.radio.transmitter,bandwidth,,,250000Hz
General-317-20260718-15:48:02-5193,attr,Florasat_Individual_Sats.terminal[45].phy.radio.transmitter,bandwidth,unit,Hz,
General-317-20260718-15:48:02-5193,param,Florasat_Individual_Sats.terminal[45].phy.radio.transmitter,codeRate,,,1
General-317-20260718-15:48:02-5193,param,Florasat_Individual_Sats.terminal[45].phy.radio.transmitter,modulation,,,"""LoRaModulation"""
General-317-20260718-15:48:02-5193,param,Florasat_Individual_Sats.terminal[45].phy.radio.receiver,typename,,,"""Global.Transceiver.LoRaReceiver"""
General-317-20260718-15:48:02-5193,param,Florasat_Individual_Sats.terminal[45].phy.radio.receiver,energyDetection,,,-90dBm
General-317-20260718-15:48:02-5193,attr,Florasat_Individual_Sats.terminal[45].phy.radio.receiver,energyDetection,unit,dBm,
General-317-20260718-15:48:02-5193,param,Florasat_Individual_Sats.terminal[45].phy.radio.receiver,sensitivity,,,-137dBm
General-317-20260718-15:48:02-5193,attr,Florasat_Individual_Sats.terminal[45].phy.radio.receiver,sensitivity,unit,dBm,
General-317-20260718-15:48:02-5193,param,Florasat_Individual_Sats.terminal[45].phy.radio.receiver,snirThreshold,,,-8dB
General-317-20260718-15:48:02-5193,attr,Florasat_Individual_Sats.terminal[45].phy.radio.receiver,snirThreshold,unit,dB,
General-317-20260718-15:48:02-5193,param,Florasat_Individual_Sats.terminal[45].phy.radio.receiver,centerFrequency,,,8.68e+08Hz
General-317-20260718-15:48:02-5193,attr,Florasat_Individual_Sats.terminal[45].phy.radio.receiver,centerFrequency,unit,Hz,
General-317-20260718-15:48:02-5193,param,Florasat_Individual_Sats.terminal[45].phy.radio.receiver,bandwidth,,,250000Hz
General-317-20260718-15:48:02-5193,attr,Florasat_Individual_Sats.terminal[45].phy.radio.receiver,bandwidth,unit,Hz,
General-317-20260718-15:48:02-5193,param,Florasat_Individual_Sats.terminal[45].phy.radio.receiver,alohaChannelModel,,,false
General-317-20260718-15:48:02-5193,param,Florasat_Individual_Sats.terminal[45].phy.radio.receiver,errorModelType,,,""""""
General-317-20260718-15:48:02-5193,param,Florasat_Individual_Sats.terminal[45].phy.radio.receiver,ignoreInterference,,,false
General-317-20260718-15:48:02-5193,param,Florasat_Individual_Sats.terminal[45].phy.radio.receiver,enableCollisionOverlap,,,false
General-317-20260718-15:48:02-5193,param,Florasat_Individual_Sats.terminal[45].phy.radio.receiver,minCollisionOverlap,,,0s
General-317-20260718-15:48:02-5193,attr,Florasat_Individual_Sats.terminal[45].phy.radio.receiver,minCollisionOverlap,unit,s,
General-317-20260718-15:48:02-5193,param,Florasat_Individual_Sats.terminal[45].phy.radio.IdealEpEnergyStorage,typename,,,"""inet.power.storage.IdealEpEnergyStorage"""
General-317-20260718-15:48:02-5193,param,Florasat_Individual_Sats.terminal[45].phy.radio,typename,,,"""Nodes._10_Terminal._10_Physical.Ter_Phy_LoRaRadio"""
General-317-20260718-15:48:02-5193,param,Florasat_Individual_Sats.terminal[45].phy.radio,radioMediumModule,,,"""radioMedium"""
General-317-20260718-15:48:02-5193,param,Florasat_Individual_Sats.terminal[45].phy.radio,energySourceModule,,,""""""
General-317-20260718-15:48:02-5193,param,Florasat_Individual_Sats.terminal[45].phy.radio,initialRadioMode,,,"""off"""
General-317-20260718-15:48:02-5193,attr,Florasat_Individual_Sats.terminal[45].phy.radio,initialRadioMode,enum,"off,sleep,receiver,transmitter,transceiver",
General-317-20260718-15:48:02-5193,param,Florasat_Individual_Sats.terminal[45].phy.radio,switchingTimes,,,"""ms 0 0 0 0 0 0 0 0 0 0 0 0 0 0 0 0 0 0 0 0 0 0 0 0 0"""
General-317-20260718-15:48:02-5193,param,Florasat_Individual_Sats.terminal[45].phy.radio,sendRawBytes,,,false
General-317-20260718-15:48:02-5193,param,Florasat_Individual_Sats.terminal[45].phy.radio,separateTransmissionParts,,,false
General-317-20260718-15:48:02-5193,param,Florasat_Individual_Sats.terminal[45].phy.radio,separateReceptionParts,,,false
General-317-20260718-15:48:02-5193,param,Florasat_Individual_Sats.terminal[45].phy.radio,displayCommunicationRange,,,false
General-317-20260718-15:48:02-5193,param,Florasat_Individual_Sats.terminal[45].phy.radio,displayInterferenceRange,,,false
General-317-20260718-15:48:02-5193,param,Florasat_Individual_Sats.terminal[45].phy.radio,centerFrequency,,,8.68e+08Hz
General-317-20260718-15:48:02-5193,attr,Florasat_Individual_Sats.terminal[45].phy.radio,centerFrequency,unit,Hz,
General-317-20260718-15:48:02-5193,param,Florasat_Individual_Sats.terminal[45].phy.radio,bandwidth,,,250000Hz
General-317-20260718-15:48:02-5193,attr,Florasat_Individual_Sats.terminal[45].phy.radio,bandwidth,unit,Hz,
General-317-20260718-15:48:02-5193,param,Florasat_Individual_Sats.terminal[45].phy.radio,iAmGateway,,,false
General-317-20260718-15:48:02-5193,param,Florasat_Individual_Sats.terminal[45].phy,typename,,,"""Nodes._10_Terminal._10_Physical.Ter_Phy"""
General-317-20260718-15:48:02-5193,param,Florasat_Individual_Sats.terminal[45].phy,layerName,,,"""Ter_Phy"""
General-317-20260718-15:48:02-5193,attr,Florasat_Individual_Sats.terminal[45].phy,layerName,optional,,
General-317-20260718-15:48:02-5193,param,Florasat_Individual_Sats.terminal[45].dlk.mac.queue,typename,,,"""inet.queueing.queue.DropTailQueue"""
General-317-20260718-15:48:02-5193,param,Florasat_Individual_Sats.terminal[45].dlk.mac.queue,displayStringTextFormat,,,"""contains %p pk (%l) pushed %u\npulled %o removed %r dropped %d"""
General-317-20260718-15:48:02-5193,param,Florasat_Individual_Sats.terminal[45].dlk.mac.queue,packetCapacity,,,-1
General-317-20260718-15:48:02-5193,param,Florasat_Individual_Sats.terminal[45].dlk.mac.queue,dataCapacity,,,-1b
General-317-20260718-15:48:02-5193,attr,Florasat_Individual_Sats.terminal[45].dlk.mac.queue,dataCapacity,unit,b,
General-317-20260718-15:48:02-5193,param,Florasat_Individual_Sats.terminal[45].dlk.mac.queue,dropperClass,,,"""inet::queueing::PacketAtCollectionEndDropper"""
General-317-20260718-15:48:02-5193,param,Florasat_Individual_Sats.terminal[45].dlk.mac.queue,comparatorClass,,,""""""
General-317-20260718-15:48:02-5193,param,Florasat_Individual_Sats.terminal[45].dlk.mac.queue,bufferModule,,,""""""
General-317-20260718-15:48:02-5193,param,Florasat_Individual_Sats.terminal[45].dlk.mac.mlBox,typename,,,"""Nodes._10_Terminal._20_Data_Link.Transmission_Predictor.Transmission_Predictor"""
General-317-20260718-15:48:02-5193,param,Florasat_Individual_Sats.terminal[45].dlk.mac.mlBox,modelPath,,,"""/home/ylnner/Documents/omnet++/omnetpp-6.3.0/projects/florasat_v4_ult_routing/simulations/Test_Individual/mlmodels/transformer_scripted.pt"""
General-317-20260718-15:48:02-5193,param,Florasat_Individual_Sats.terminal[45].dlk.mac.mlBox,threshold,,,0.2
General-317-20260718-15:48:02-5193,param,Florasat_Individual_Sats.terminal[45].dlk.mac.mlBox,scalerPath,,,""""""
General-317-20260718-15:48:02-5193,param,Florasat_Individual_Sats.terminal[45].dlk.mac,typename,,,"""Nodes._10_Terminal._20_Data_Link.Ter_Dlk_KiWan"""
General-317-20260718-15:48:02-5193,param,Florasat_Individual_Sats.terminal[45].dlk.mac,interfaceTableModule,,,""""""
General-317-20260718-15:48:02-5193,param,Florasat_Individual_Sats.terminal[45].dlk.mac,radioModule,,,"""^.^.phy.radio"""
General-317-20260718-15:48:02-5193,param,Florasat_Individual_Sats.terminal[45].dlk.mac,address,,,"""0A-AA-00-00-00-2E"""
General-317-20260718-15:48:02-5193,attr,Florasat_Individual_Sats.terminal[45].dlk.mac,address,mutable,,
General-317-20260718-15:48:02-5193,param,Florasat_Individual_Sats.terminal[45].dlk.mac,mtu,,,1500
General-317-20260718-15:48:02-5193,param,Florasat_Individual_Sats.terminal[45].dlk.mac,ttwDuration,,,100s
General-317-20260718-15:48:02-5193,attr,Florasat_Individual_Sats.terminal[45].dlk.mac,ttwDuration,unit,s,
General-317-20260718-15:48:02-5193,param,Florasat_Individual_Sats.terminal[45].dlk.mac,ttwIdle,,,0s
General-317-20260718-15:48:02-5193,attr,Florasat_Individual_Sats.terminal[45].dlk.mac,ttwIdle,unit,s,
General-317-20260718-15:48:02-5193,param,Florasat_Individual_Sats.terminal[45].dlk.mac,ttxStart_min,,,0s
General-317-20260718-15:48:02-5193,attr,Florasat_Individual_Sats.terminal[45].dlk.mac,ttxStart_min,unit,s,
General-317-20260718-15:48:02-5193,param,Florasat_Individual_Sats.terminal[45].dlk.mac,ttxStart_max,,,1s
General-317-20260718-15:48:02-5193,attr,Florasat_Individual_Sats.terminal[45].dlk.mac,ttxStart_max,unit,s,
General-317-20260718-15:48:02-5193,param,Florasat_Individual_Sats.terminal[45].dlk.mac,ttxIdle_min,,,10s
General-317-20260718-15:48:02-5193,attr,Florasat_Individual_Sats.terminal[45].dlk.mac,ttxIdle_min,unit,s,
General-317-20260718-15:48:02-5193,param,Florasat_Individual_Sats.terminal[45].dlk.mac,ttxIdle_max,,,15s
General-317-20260718-15:48:02-5193,attr,Florasat_Individual_Sats.terminal[45].dlk.mac,ttxIdle_max,unit,s,
General-317-20260718-15:48:02-5193,param,Florasat_Individual_Sats.terminal[45].dlk.mac,Ntw,,,1
General-317-20260718-15:48:02-5193,param,Florasat_Individual_Sats.terminal[45].dlk.mac,Ntx,,,5
General-317-20260718-15:48:02-5193,param,Florasat_Individual_Sats.terminal[45].dlk.mac,enableSatDetect,,,false
General-317-20260718-15:48:02-5193,param,Florasat_Individual_Sats.terminal[45].dlk.mac,tsdStart_min,,,0s
General-317-20260718-15:48:02-5193,attr,Florasat_Individual_Sats.terminal[45].dlk.mac,tsdStart_min,unit,s,
General-317-20260718-15:48:02-5193,param,Florasat_Individual_Sats.terminal[45].dlk.mac,tsdStart_max,,,60s
General-317-20260718-15:48:02-5193,attr,Florasat_Individual_Sats.terminal[45].dlk.mac,tsdStart_max,unit,s,
General-317-20260718-15:48:02-5193,param,Florasat_Individual_Sats.terminal[45].dlk.mac,Ndetect,,,4
General-317-20260718-15:48:02-5193,param,Florasat_Individual_Sats.terminal[45].dlk.mac,NsdSync,,,2
General-317-20260718-15:48:02-5193,param,Florasat_Individual_Sats.terminal[45].dlk.mac,tsyncIdle,,,60s
General-317-20260718-15:48:02-5193,attr,Florasat_Individual_Sats.terminal[45].dlk.mac,tsyncIdle,unit,s,
General-317-20260718-15:48:02-5193,param,Florasat_Individual_Sats.terminal[45].dlk.mac,tsdIdle,,,240s
General-317-20260718-15:48:02-5193,attr,Florasat_Individual_Sats.terminal[45].dlk.mac,tsdIdle,unit,s,
General-317-20260718-15:48:02-5193,param,Florasat_Individual_Sats.terminal[45].dlk.mac,satelliteDetectionProbability,,,0.9
General-317-20260718-15:48:02-5193,param,Florasat_Individual_Sats.terminal[45].dlk.mac,minimumElevation,,,5
General-317-20260718-15:48:02-5193,param,Florasat_Individual_Sats.terminal[45].dlk.mac,detectInitialListen,,,0.33s
General-317-20260718-15:48:02-5193,attr,Florasat_Individual_Sats.terminal[45].dlk.mac,detectInitialListen,unit,s,
General-317-20260718-15:48:02-5193,param,Florasat_Individual_Sats.terminal[45].dlk.mac,detectSuccessExtraMin,,,0.075s
General-317-20260718-15:48:02-5193,attr,Florasat_Individual_Sats.terminal[45].dlk.mac,detectSuccessExtraMin,unit,s,
General-317-20260718-15:48:02-5193,param,Florasat_Individual_Sats.terminal[45].dlk.mac,detectSuccessExtraMax,,,1.67s
General-317-20260718-15:48:02-5193,attr,Florasat_Individual_Sats.terminal[45].dlk.mac,detectSuccessExtraMax,unit,s,
General-317-20260718-15:48:02-5193,param,Florasat_Individual_Sats.terminal[45].dlk.mac,detectMissExtra,,,1.67s
General-317-20260718-15:48:02-5193,attr,Florasat_Individual_Sats.terminal[45].dlk.mac,detectMissExtra,unit,s,
General-317-20260718-15:48:02-5193,param,Florasat_Individual_Sats.terminal[45].dlk.mac,LoRaSF,,,12
General-317-20260718-15:48:02-5193,param,Florasat_Individual_Sats.terminal[45].dlk.mac,LoRaTP,,,14
General-317-20260718-15:48:02-5193,param,Florasat_Individual_Sats.terminal[45].dlk.mac,LoRaCF,,,8.68e+08
General-317-20260718-15:48:02-5193,param,Florasat_Individual_Sats.terminal[45].dlk.mac,LoRaBW,,,125000
General-317-20260718-15:48:02-5193,param,Florasat_Individual_Sats.terminal[45].dlk.mac,LoRaCR,,,1
General-317-20260718-15:48:02-5193,param,Florasat_Individual_Sats.terminal[45].dlk.mac,useMLBox,,,true
General-317-20260718-15:48:02-5193,param,Florasat_Individual_Sats.terminal[45].dlk.mac,useMLBoxBiLSTM,,,false
General-317-20260718-15:48:02-5193,param,Florasat_Individual_Sats.terminal[45].dlk.mac,useAnalytical,,,false
General-317-20260718-15:48:02-5193,param,Florasat_Individual_Sats.terminal[45].dlk,typename,,,"""Nodes._10_Terminal._20_Data_Link.Ter_Dlk"""
General-317-20260718-15:48:02-5193,param,Florasat_Individual_Sats.terminal[45].net.routing,typename,,,"""Global.Base._30_Network.Ter_Null_Routing"""
General-317-20260718-15:48:02-5193,param,Florasat_Individual_Sats.terminal[45].net,typename,,,"""Nodes._10_Terminal._30_Network.Ter_Net"""
General-317-20260718-15:48:02-5193,param,Florasat_Individual_Sats.terminal[45].net,layerName,,,"""Ter_Net"""
General-317-20260718-15:48:02-5193,attr,Florasat_Individual_Sats.terminal[45].net,layerName,optional,,
General-317-20260718-15:48:02-5193,param,Florasat_Individual_Sats.terminal[45].net,routingType,,,"""Ter_Null_Routing"""
General-317-20260718-15:48:02-5193,param,Florasat_Individual_Sats.terminal[45].app,typename,,,"""Nodes._10_Terminal._40_Application.Ter_App"""
General-317-20260718-15:48:02-5193,param,Florasat_Individual_Sats.terminal[45].app,layerName,,,"""TerminalApplicationLayer"""
General-317-20260718-15:48:02-5193,attr,Florasat_Individual_Sats.terminal[45].app,layerName,optional,,
General-317-20260718-15:48:02-5193,param,Florasat_Individual_Sats.terminal[45].app,numberOfPacketsToSend,,,0
General-317-20260718-15:48:02-5193,param,Florasat_Individual_Sats.terminal[45].app,timeToFirstPacket,,,1s
General-317-20260718-15:48:02-5193,attr,Florasat_Individual_Sats.terminal[45].app,timeToFirstPacket,unit,s,
General-317-20260718-15:48:02-5193,param,Florasat_Individual_Sats.terminal[45].app,timeToNextPacket,,,115s
General-317-20260718-15:48:02-5193,attr,Florasat_Individual_Sats.terminal[45].app,timeToNextPacket,unit,s,
General-317-20260718-15:48:02-5193,param,Florasat_Individual_Sats.terminal[45].app,timeToResponse,,,30s
General-317-20260718-15:48:02-5193,attr,Florasat_Individual_Sats.terminal[45].app,timeToResponse,unit,s,
General-317-20260718-15:48:02-5193,param,Florasat_Individual_Sats.terminal[45].app,timeToRetry,,,10s
General-317-20260718-15:48:02-5193,attr,Florasat_Individual_Sats.terminal[45].app,timeToRetry,unit,s,
General-317-20260718-15:48:02-5193,param,Florasat_Individual_Sats.terminal[45].app,ackTimeout,,,7s
General-317-20260718-15:48:02-5193,attr,Florasat_Individual_Sats.terminal[45].app,ackTimeout,unit,s,
General-317-20260718-15:48:02-5193,param,Florasat_Individual_Sats.terminal[45].app,timer,,,1s
General-317-20260718-15:48:02-5193,attr,Florasat_Individual_Sats.terminal[45].app,timer,unit,s,
General-317-20260718-15:48:02-5193,param,Florasat_Individual_Sats.terminal[45].app,initialLoRaTP,,,14dBm
General-317-20260718-15:48:02-5193,attr,Florasat_Individual_Sats.terminal[45].app,initialLoRaTP,unit,dBm,
General-317-20260718-15:48:02-5193,param,Florasat_Individual_Sats.terminal[45].app,initialLoRaCF,,,8.68e+08Hz
General-317-20260718-15:48:02-5193,attr,Florasat_Individual_Sats.terminal[45].app,initialLoRaCF,unit,Hz,
General-317-20260718-15:48:02-5193,param,Florasat_Individual_Sats.terminal[45].app,initialLoRaSF,,,12
General-317-20260718-15:48:02-5193,param,Florasat_Individual_Sats.terminal[45].app,initialLoRaBW,,,125000Hz
General-317-20260718-15:48:02-5193,attr,Florasat_Individual_Sats.terminal[45].app,initialLoRaBW,unit,Hz,
General-317-20260718-15:48:02-5193,param,Florasat_Individual_Sats.terminal[45].app,initialLoRaCR,,,4
General-317-20260718-15:48:02-5193,param,Florasat_Individual_Sats.terminal[45].app,initialUseHeader,,,true
General-317-20260718-15:48:02-5193,param,Florasat_Individual_Sats.terminal[45].app,initialPingSlot,,,1
General-317-20260718-15:48:02-5193,param,Florasat_Individual_Sats.terminal[45].app,InitClassA,,,true
General-317-20260718-15:48:02-5193,param,Florasat_Individual_Sats.terminal[45].app,InitClassB,,,false
General-317-20260718-15:48:02-5193,param,Florasat_Individual_Sats.terminal[45].app,evaluateADRinNode,,,false
General-317-20260718-15:48:02-5193,param,Florasat_Individual_Sats.terminal[45].app,payloadSize,,,10B
General-317-20260718-15:48:02-5193,attr,Florasat_Individual_Sats.terminal[45].app,payloadSize,unit,B,
General-317-20260718-15:48:02-5193,param,Florasat_Individual_Sats.terminal[45].app,usingAck,,,true
General-317-20260718-15:48:02-5193,param,Florasat_Individual_Sats.terminal[45].app,numGroundLinks,,,40
General-317-20260718-15:48:02-5193,param,Florasat_Individual_Sats.terminal[45].app,maxHops,,,50
General-317-20260718-15:48:02-5193,param,Florasat_Individual_Sats.terminal[45].app,nroMaxAttempts,,,0
General-317-20260718-15:48:02-5193,param,Florasat_Individual_Sats.terminal[45].eng,typename,,,"""Nodes._10_Terminal._50_Energy.Ter_Ene"""
General-317-20260718-15:48:02-5193,param,Florasat_Individual_Sats.terminal[45].mob,typename,,,"""Nodes._10_Terminal._60_Mobility.Ter_Mob"""
General-317-20260718-15:48:02-5193,param,Florasat_Individual_Sats.terminal[45].mob,subjectModule,,,"""^"""
General-317-20260718-15:48:02-5193,param,Florasat_Individual_Sats.terminal[45].mob,coordinateSystemModule,,,""""""
General-317-20260718-15:48:02-5193,param,Florasat_Individual_Sats.terminal[45].mob,displayStringTextFormat,,,"""p: %p\nv: %v"""
General-317-20260718-15:48:02-5193,attr,Florasat_Individual_Sats.terminal[45].mob,displayStringTextFormat,mutable,,
General-317-20260718-15:48:02-5193,param,Florasat_Individual_Sats.terminal[45].mob,updateDisplayString,,,true
General-317-20260718-15:48:02-5193,param,Florasat_Individual_Sats.terminal[45].mob,constraintAreaMinX,,,-inf m
General-317-20260718-15:48:02-5193,attr,Florasat_Individual_Sats.terminal[45].mob,constraintAreaMinX,unit,m,
General-317-20260718-15:48:02-5193,param,Florasat_Individual_Sats.terminal[45].mob,constraintAreaMinY,,,-inf m
General-317-20260718-15:48:02-5193,attr,Florasat_Individual_Sats.terminal[45].mob,constraintAreaMinY,unit,m,
General-317-20260718-15:48:02-5193,param,Florasat_Individual_Sats.terminal[45].mob,constraintAreaMinZ,,,-inf m
General-317-20260718-15:48:02-5193,attr,Florasat_Individual_Sats.terminal[45].mob,constraintAreaMinZ,unit,m,
General-317-20260718-15:48:02-5193,param,Florasat_Individual_Sats.terminal[45].mob,constraintAreaMaxX,,,inf m
General-317-20260718-15:48:02-5193,attr,Florasat_Individual_Sats.terminal[45].mob,constraintAreaMaxX,unit,m,
General-317-20260718-15:48:02-5193,param,Florasat_Individual_Sats.terminal[45].mob,constraintAreaMaxY,,,inf m
General-317-20260718-15:48:02-5193,attr,Florasat_Individual_Sats.terminal[45].mob,constraintAreaMaxY,unit,m,
General-317-20260718-15:48:02-5193,param,Florasat_Individual_Sats.terminal[45].mob,constraintAreaMaxZ,,,inf m
General-317-20260718-15:48:02-5193,attr,Florasat_Individual_Sats.terminal[45].mob,constraintAreaMaxZ,unit,m,
General-317-20260718-15:48:02-5193,param,Florasat_Individual_Sats.terminal[45].mob,initialX,,,nan m
General-317-20260718-15:48:02-5193,attr,Florasat_Individual_Sats.terminal[45].mob,initialX,unit,m,
General-317-20260718-15:48:02-5193,param,Florasat_Individual_Sats.terminal[45].mob,initialY,,,nan m
General-317-20260718-15:48:02-5193,attr,Florasat_Individual_Sats.terminal[45].mob,initialY,unit,m,
General-317-20260718-15:48:02-5193,param,Florasat_Individual_Sats.terminal[45].mob,initialZ,,,0m
General-317-20260718-15:48:02-5193,attr,Florasat_Individual_Sats.terminal[45].mob,initialZ,unit,m,
General-317-20260718-15:48:02-5193,param,Florasat_Individual_Sats.terminal[45].mob,initialLatitude,,,nan deg
General-317-20260718-15:48:02-5193,attr,Florasat_Individual_Sats.terminal[45].mob,initialLatitude,unit,deg,
General-317-20260718-15:48:02-5193,param,Florasat_Individual_Sats.terminal[45].mob,initialLongitude,,,nan deg
General-317-20260718-15:48:02-5193,attr,Florasat_Individual_Sats.terminal[45].mob,initialLongitude,unit,deg,
General-317-20260718-15:48:02-5193,param,Florasat_Individual_Sats.terminal[45].mob,initialAltitude,,,0m
General-317-20260718-15:48:02-5193,attr,Florasat_Individual_Sats.terminal[45].mob,initialAltitude,unit,m,
General-317-20260718-15:48:02-5193,param,Florasat_Individual_Sats.terminal[45].mob,initialHeading,,,0deg
General-317-20260718-15:48:02-5193,attr,Florasat_Individual_Sats.terminal[45].mob,initialHeading,unit,deg,
General-317-20260718-15:48:02-5193,param,Florasat_Individual_Sats.terminal[45].mob,initialElevation,,,0deg
General-317-20260718-15:48:02-5193,attr,Florasat_Individual_Sats.terminal[45].mob,initialElevation,unit,deg,
General-317-20260718-15:48:02-5193,param,Florasat_Individual_Sats.terminal[45].mob,initialBank,,,0deg
General-317-20260718-15:48:02-5193,attr,Florasat_Individual_Sats.terminal[45].mob,initialBank,unit,deg,
General-317-20260718-15:48:02-5193,param,Florasat_Individual_Sats.terminal[45].mob,initFromDisplayString,,,false
General-317-20260718-15:48:02-5193,param,Florasat_Individual_Sats.terminal[45].mob,updateFromDisplayString,,,false
General-317-20260718-15:48:02-5193,param,Florasat_Individual_Sats.terminal[45].mob,centerLatitude,,,48.208
General-317-20260718-15:48:02-5193,param,Florasat_Individual_Sats.terminal[45].mob,centerLongitude,,,16.373
General-317-20260718-15:48:02-5193,param,Florasat_Individual_Sats.terminal[45].mob,deploymentRadius,,,200
General-317-20260718-15:48:02-5193,param,Florasat_Individual_Sats.terminal[45],typename,,,"""Nodes._10_Terminal.Terminal"""
General-317-20260718-15:48:02-5193,param,Florasat_Individual_Sats.terminal[45],layerName,,,"""Terminal"""
General-317-20260718-15:48:02-5193,attr,Florasat_Individual_Sats.terminal[45],layerName,optional,,
General-317-20260718-15:48:02-5193,param,Florasat_Individual_Sats.terminal[45],sendData,,,true
General-317-20260718-15:48:02-5193,attr,Florasat_Individual_Sats.terminal[45],sendData,mutable,,
General-317-20260718-15:48:02-5193,param,Florasat_Individual_Sats.terminal[45],dstGsOrDev,,,0
General-317-20260718-15:48:02-5193,param,Florasat_Individual_Sats.terminal[46].phy.radio.antenna,typename,,,"""inet.physicallayer.wireless.common.antenna.IsotropicAntenna"""
General-317-20260718-15:48:02-5193,param,Florasat_Individual_Sats.terminal[46].phy.radio.antenna,mobilityModule,,,"""^.^.^.mob"""
General-317-20260718-15:48:02-5193,param,Florasat_Individual_Sats.terminal[46].phy.radio.antenna,numAntennas,,,1
General-317-20260718-15:48:02-5193,param,Florasat_Individual_Sats.terminal[46].phy.radio.transmitter,typename,,,"""Global.Transceiver.LoRaTransmitter"""
General-317-20260718-15:48:02-5193,param,Florasat_Individual_Sats.terminal[46].phy.radio.transmitter,preambleDuration,,,0.001s
General-317-20260718-15:48:02-5193,attr,Florasat_Individual_Sats.terminal[46].phy.radio.transmitter,preambleDuration,unit,s,
General-317-20260718-15:48:02-5193,param,Florasat_Individual_Sats.terminal[46].phy.radio.transmitter,headerLength,,,40b
General-317-20260718-15:48:02-5193,attr,Florasat_Individual_Sats.terminal[46].phy.radio.transmitter,headerLength,unit,b,
General-317-20260718-15:48:02-5193,param,Florasat_Individual_Sats.terminal[46].phy.radio.transmitter,bitrate,,,250000bps
General-317-20260718-15:48:02-5193,attr,Florasat_Individual_Sats.terminal[46].phy.radio.transmitter,bitrate,unit,bps,
General-317-20260718-15:48:02-5193,param,Florasat_Individual_Sats.terminal[46].phy.radio.transmitter,power,,,0.025118W
General-317-20260718-15:48:02-5193,attr,Florasat_Individual_Sats.terminal[46].phy.radio.transmitter,power,unit,W,
General-317-20260718-15:48:02-5193,param,Florasat_Individual_Sats.terminal[46].phy.radio.transmitter,centerFrequency,,,8.68e+08Hz
General-317-20260718-15:48:02-5193,attr,Florasat_Individual_Sats.terminal[46].phy.radio.transmitter,centerFrequency,unit,Hz,
General-317-20260718-15:48:02-5193,param,Florasat_Individual_Sats.terminal[46].phy.radio.transmitter,bandwidth,,,250000Hz
General-317-20260718-15:48:02-5193,attr,Florasat_Individual_Sats.terminal[46].phy.radio.transmitter,bandwidth,unit,Hz,
General-317-20260718-15:48:02-5193,param,Florasat_Individual_Sats.terminal[46].phy.radio.transmitter,codeRate,,,1
General-317-20260718-15:48:02-5193,param,Florasat_Individual_Sats.terminal[46].phy.radio.transmitter,modulation,,,"""LoRaModulation"""
General-317-20260718-15:48:02-5193,param,Florasat_Individual_Sats.terminal[46].phy.radio.receiver,typename,,,"""Global.Transceiver.LoRaReceiver"""
General-317-20260718-15:48:02-5193,param,Florasat_Individual_Sats.terminal[46].phy.radio.receiver,energyDetection,,,-90dBm
General-317-20260718-15:48:02-5193,attr,Florasat_Individual_Sats.terminal[46].phy.radio.receiver,energyDetection,unit,dBm,
General-317-20260718-15:48:02-5193,param,Florasat_Individual_Sats.terminal[46].phy.radio.receiver,sensitivity,,,-137dBm
General-317-20260718-15:48:02-5193,attr,Florasat_Individual_Sats.terminal[46].phy.radio.receiver,sensitivity,unit,dBm,
General-317-20260718-15:48:02-5193,param,Florasat_Individual_Sats.terminal[46].phy.radio.receiver,snirThreshold,,,-8dB
General-317-20260718-15:48:02-5193,attr,Florasat_Individual_Sats.terminal[46].phy.radio.receiver,snirThreshold,unit,dB,
General-317-20260718-15:48:02-5193,param,Florasat_Individual_Sats.terminal[46].phy.radio.receiver,centerFrequency,,,8.68e+08Hz
General-317-20260718-15:48:02-5193,attr,Florasat_Individual_Sats.terminal[46].phy.radio.receiver,centerFrequency,unit,Hz,
General-317-20260718-15:48:02-5193,param,Florasat_Individual_Sats.terminal[46].phy.radio.receiver,bandwidth,,,250000Hz
General-317-20260718-15:48:02-5193,attr,Florasat_Individual_Sats.terminal[46].phy.radio.receiver,bandwidth,unit,Hz,
General-317-20260718-15:48:02-5193,param,Florasat_Individual_Sats.terminal[46].phy.radio.receiver,alohaChannelModel,,,false
General-317-20260718-15:48:02-5193,param,Florasat_Individual_Sats.terminal[46].phy.radio.receiver,errorModelType,,,""""""
General-317-20260718-15:48:02-5193,param,Florasat_Individual_Sats.terminal[46].phy.radio.receiver,ignoreInterference,,,false
General-317-20260718-15:48:02-5193,param,Florasat_Individual_Sats.terminal[46].phy.radio.receiver,enableCollisionOverlap,,,false
General-317-20260718-15:48:02-5193,param,Florasat_Individual_Sats.terminal[46].phy.radio.receiver,minCollisionOverlap,,,0s
General-317-20260718-15:48:02-5193,attr,Florasat_Individual_Sats.terminal[46].phy.radio.receiver,minCollisionOverlap,unit,s,
General-317-20260718-15:48:02-5193,param,Florasat_Individual_Sats.terminal[46].phy.radio.IdealEpEnergyStorage,typename,,,"""inet.power.storage.IdealEpEnergyStorage"""
General-317-20260718-15:48:02-5193,param,Florasat_Individual_Sats.terminal[46].phy.radio,typename,,,"""Nodes._10_Terminal._10_Physical.Ter_Phy_LoRaRadio"""
General-317-20260718-15:48:02-5193,param,Florasat_Individual_Sats.terminal[46].phy.radio,radioMediumModule,,,"""radioMedium"""
General-317-20260718-15:48:02-5193,param,Florasat_Individual_Sats.terminal[46].phy.radio,energySourceModule,,,""""""
General-317-20260718-15:48:02-5193,param,Florasat_Individual_Sats.terminal[46].phy.radio,initialRadioMode,,,"""off"""
General-317-20260718-15:48:02-5193,attr,Florasat_Individual_Sats.terminal[46].phy.radio,initialRadioMode,enum,"off,sleep,receiver,transmitter,transceiver",
General-317-20260718-15:48:02-5193,param,Florasat_Individual_Sats.terminal[46].phy.radio,switchingTimes,,,"""ms 0 0 0 0 0 0 0 0 0 0 0 0 0 0 0 0 0 0 0 0 0 0 0 0 0"""
General-317-20260718-15:48:02-5193,param,Florasat_Individual_Sats.terminal[46].phy.radio,sendRawBytes,,,false
General-317-20260718-15:48:02-5193,param,Florasat_Individual_Sats.terminal[46].phy.radio,separateTransmissionParts,,,false
General-317-20260718-15:48:02-5193,param,Florasat_Individual_Sats.terminal[46].phy.radio,separateReceptionParts,,,false
General-317-20260718-15:48:02-5193,param,Florasat_Individual_Sats.terminal[46].phy.radio,displayCommunicationRange,,,false
General-317-20260718-15:48:02-5193,param,Florasat_Individual_Sats.terminal[46].phy.radio,displayInterferenceRange,,,false
General-317-20260718-15:48:02-5193,param,Florasat_Individual_Sats.terminal[46].phy.radio,centerFrequency,,,8.68e+08Hz
General-317-20260718-15:48:02-5193,attr,Florasat_Individual_Sats.terminal[46].phy.radio,centerFrequency,unit,Hz,
General-317-20260718-15:48:02-5193,param,Florasat_Individual_Sats.terminal[46].phy.radio,bandwidth,,,250000Hz
General-317-20260718-15:48:02-5193,attr,Florasat_Individual_Sats.terminal[46].phy.radio,bandwidth,unit,Hz,
General-317-20260718-15:48:02-5193,param,Florasat_Individual_Sats.terminal[46].phy.radio,iAmGateway,,,false
General-317-20260718-15:48:02-5193,param,Florasat_Individual_Sats.terminal[46].phy,typename,,,"""Nodes._10_Terminal._10_Physical.Ter_Phy"""
General-317-20260718-15:48:02-5193,param,Florasat_Individual_Sats.terminal[46].phy,layerName,,,"""Ter_Phy"""
General-317-20260718-15:48:02-5193,attr,Florasat_Individual_Sats.terminal[46].phy,layerName,optional,,
General-317-20260718-15:48:02-5193,param,Florasat_Individual_Sats.terminal[46].dlk.mac.queue,typename,,,"""inet.queueing.queue.DropTailQueue"""
General-317-20260718-15:48:02-5193,param,Florasat_Individual_Sats.terminal[46].dlk.mac.queue,displayStringTextFormat,,,"""contains %p pk (%l) pushed %u\npulled %o removed %r dropped %d"""
General-317-20260718-15:48:02-5193,param,Florasat_Individual_Sats.terminal[46].dlk.mac.queue,packetCapacity,,,-1
General-317-20260718-15:48:02-5193,param,Florasat_Individual_Sats.terminal[46].dlk.mac.queue,dataCapacity,,,-1b
General-317-20260718-15:48:02-5193,attr,Florasat_Individual_Sats.terminal[46].dlk.mac.queue,dataCapacity,unit,b,
General-317-20260718-15:48:02-5193,param,Florasat_Individual_Sats.terminal[46].dlk.mac.queue,dropperClass,,,"""inet::queueing::PacketAtCollectionEndDropper"""
General-317-20260718-15:48:02-5193,param,Florasat_Individual_Sats.terminal[46].dlk.mac.queue,comparatorClass,,,""""""
General-317-20260718-15:48:02-5193,param,Florasat_Individual_Sats.terminal[46].dlk.mac.queue,bufferModule,,,""""""
General-317-20260718-15:48:02-5193,param,Florasat_Individual_Sats.terminal[46].dlk.mac.mlBox,typename,,,"""Nodes._10_Terminal._20_Data_Link.Transmission_Predictor.Transmission_Predictor"""
General-317-20260718-15:48:02-5193,param,Florasat_Individual_Sats.terminal[46].dlk.mac.mlBox,modelPath,,,"""/home/ylnner/Documents/omnet++/omnetpp-6.3.0/projects/florasat_v4_ult_routing/simulations/Test_Individual/mlmodels/transformer_scripted.pt"""
General-317-20260718-15:48:02-5193,param,Florasat_Individual_Sats.terminal[46].dlk.mac.mlBox,threshold,,,0.2
General-317-20260718-15:48:02-5193,param,Florasat_Individual_Sats.terminal[46].dlk.mac.mlBox,scalerPath,,,""""""
General-317-20260718-15:48:02-5193,param,Florasat_Individual_Sats.terminal[46].dlk.mac,typename,,,"""Nodes._10_Terminal._20_Data_Link.Ter_Dlk_KiWan"""
General-317-20260718-15:48:02-5193,param,Florasat_Individual_Sats.terminal[46].dlk.mac,interfaceTableModule,,,""""""
General-317-20260718-15:48:02-5193,param,Florasat_Individual_Sats.terminal[46].dlk.mac,radioModule,,,"""^.^.phy.radio"""
General-317-20260718-15:48:02-5193,param,Florasat_Individual_Sats.terminal[46].dlk.mac,address,,,"""0A-AA-00-00-00-2F"""
General-317-20260718-15:48:02-5193,attr,Florasat_Individual_Sats.terminal[46].dlk.mac,address,mutable,,
General-317-20260718-15:48:02-5193,param,Florasat_Individual_Sats.terminal[46].dlk.mac,mtu,,,1500
General-317-20260718-15:48:02-5193,param,Florasat_Individual_Sats.terminal[46].dlk.mac,ttwDuration,,,100s
General-317-20260718-15:48:02-5193,attr,Florasat_Individual_Sats.terminal[46].dlk.mac,ttwDuration,unit,s,
General-317-20260718-15:48:02-5193,param,Florasat_Individual_Sats.terminal[46].dlk.mac,ttwIdle,,,0s
General-317-20260718-15:48:02-5193,attr,Florasat_Individual_Sats.terminal[46].dlk.mac,ttwIdle,unit,s,
General-317-20260718-15:48:02-5193,param,Florasat_Individual_Sats.terminal[46].dlk.mac,ttxStart_min,,,0s
General-317-20260718-15:48:02-5193,attr,Florasat_Individual_Sats.terminal[46].dlk.mac,ttxStart_min,unit,s,
General-317-20260718-15:48:02-5193,param,Florasat_Individual_Sats.terminal[46].dlk.mac,ttxStart_max,,,1s
General-317-20260718-15:48:02-5193,attr,Florasat_Individual_Sats.terminal[46].dlk.mac,ttxStart_max,unit,s,
General-317-20260718-15:48:02-5193,param,Florasat_Individual_Sats.terminal[46].dlk.mac,ttxIdle_min,,,10s
General-317-20260718-15:48:02-5193,attr,Florasat_Individual_Sats.terminal[46].dlk.mac,ttxIdle_min,unit,s,
General-317-20260718-15:48:02-5193,param,Florasat_Individual_Sats.terminal[46].dlk.mac,ttxIdle_max,,,15s
General-317-20260718-15:48:02-5193,attr,Florasat_Individual_Sats.terminal[46].dlk.mac,ttxIdle_max,unit,s,
General-317-20260718-15:48:02-5193,param,Florasat_Individual_Sats.terminal[46].dlk.mac,Ntw,,,1
General-317-20260718-15:48:02-5193,param,Florasat_Individual_Sats.terminal[46].dlk.mac,Ntx,,,5
General-317-20260718-15:48:02-5193,param,Florasat_Individual_Sats.terminal[46].dlk.mac,enableSatDetect,,,false
General-317-20260718-15:48:02-5193,param,Florasat_Individual_Sats.terminal[46].dlk.mac,tsdStart_min,,,0s
General-317-20260718-15:48:02-5193,attr,Florasat_Individual_Sats.terminal[46].dlk.mac,tsdStart_min,unit,s,
General-317-20260718-15:48:02-5193,param,Florasat_Individual_Sats.terminal[46].dlk.mac,tsdStart_max,,,60s
General-317-20260718-15:48:02-5193,attr,Florasat_Individual_Sats.terminal[46].dlk.mac,tsdStart_max,unit,s,
General-317-20260718-15:48:02-5193,param,Florasat_Individual_Sats.terminal[46].dlk.mac,Ndetect,,,4
General-317-20260718-15:48:02-5193,param,Florasat_Individual_Sats.terminal[46].dlk.mac,NsdSync,,,2
General-317-20260718-15:48:02-5193,param,Florasat_Individual_Sats.terminal[46].dlk.mac,tsyncIdle,,,60s
General-317-20260718-15:48:02-5193,attr,Florasat_Individual_Sats.terminal[46].dlk.mac,tsyncIdle,unit,s,
General-317-20260718-15:48:02-5193,param,Florasat_Individual_Sats.terminal[46].dlk.mac,tsdIdle,,,240s
General-317-20260718-15:48:02-5193,attr,Florasat_Individual_Sats.terminal[46].dlk.mac,tsdIdle,unit,s,
General-317-20260718-15:48:02-5193,param,Florasat_Individual_Sats.terminal[46].dlk.mac,satelliteDetectionProbability,,,0.9
General-317-20260718-15:48:02-5193,param,Florasat_Individual_Sats.terminal[46].dlk.mac,minimumElevation,,,5
General-317-20260718-15:48:02-5193,param,Florasat_Individual_Sats.terminal[46].dlk.mac,detectInitialListen,,,0.33s
General-317-20260718-15:48:02-5193,attr,Florasat_Individual_Sats.terminal[46].dlk.mac,detectInitialListen,unit,s,
General-317-20260718-15:48:02-5193,param,Florasat_Individual_Sats.terminal[46].dlk.mac,detectSuccessExtraMin,,,0.075s
General-317-20260718-15:48:02-5193,attr,Florasat_Individual_Sats.terminal[46].dlk.mac,detectSuccessExtraMin,unit,s,
General-317-20260718-15:48:02-5193,param,Florasat_Individual_Sats.terminal[46].dlk.mac,detectSuccessExtraMax,,,1.67s
General-317-20260718-15:48:02-5193,attr,Florasat_Individual_Sats.terminal[46].dlk.mac,detectSuccessExtraMax,unit,s,
General-317-20260718-15:48:02-5193,param,Florasat_Individual_Sats.terminal[46].dlk.mac,detectMissExtra,,,1.67s
General-317-20260718-15:48:02-5193,attr,Florasat_Individual_Sats.terminal[46].dlk.mac,detectMissExtra,unit,s,
General-317-20260718-15:48:02-5193,param,Florasat_Individual_Sats.terminal[46].dlk.mac,LoRaSF,,,10
General-317-20260718-15:48:02-5193,param,Florasat_Individual_Sats.terminal[46].dlk.mac,LoRaTP,,,13
General-317-20260718-15:48:02-5193,param,Florasat_Individual_Sats.terminal[46].dlk.mac,LoRaCF,,,8.68e+08
General-317-20260718-15:48:02-5193,param,Florasat_Individual_Sats.terminal[46].dlk.mac,LoRaBW,,,125000
General-317-20260718-15:48:02-5193,param,Florasat_Individual_Sats.terminal[46].dlk.mac,LoRaCR,,,1
General-317-20260718-15:48:02-5193,param,Florasat_Individual_Sats.terminal[46].dlk.mac,useMLBox,,,true
General-317-20260718-15:48:02-5193,param,Florasat_Individual_Sats.terminal[46].dlk.mac,useMLBoxBiLSTM,,,false
General-317-20260718-15:48:02-5193,param,Florasat_Individual_Sats.terminal[46].dlk.mac,useAnalytical,,,false
General-317-20260718-15:48:02-5193,param,Florasat_Individual_Sats.terminal[46].dlk,typename,,,"""Nodes._10_Terminal._20_Data_Link.Ter_Dlk"""
General-317-20260718-15:48:02-5193,param,Florasat_Individual_Sats.terminal[46].net.routing,typename,,,"""Global.Base._30_Network.Ter_Null_Routing"""
General-317-20260718-15:48:02-5193,param,Florasat_Individual_Sats.terminal[46].net,typename,,,"""Nodes._10_Terminal._30_Network.Ter_Net"""
General-317-20260718-15:48:02-5193,param,Florasat_Individual_Sats.terminal[46].net,layerName,,,"""Ter_Net"""
General-317-20260718-15:48:02-5193,attr,Florasat_Individual_Sats.terminal[46].net,layerName,optional,,
General-317-20260718-15:48:02-5193,param,Florasat_Individual_Sats.terminal[46].net,routingType,,,"""Ter_Null_Routing"""
General-317-20260718-15:48:02-5193,param,Florasat_Individual_Sats.terminal[46].app,typename,,,"""Nodes._10_Terminal._40_Application.Ter_App"""
General-317-20260718-15:48:02-5193,param,Florasat_Individual_Sats.terminal[46].app,layerName,,,"""TerminalApplicationLayer"""
General-317-20260718-15:48:02-5193,attr,Florasat_Individual_Sats.terminal[46].app,layerName,optional,,
General-317-20260718-15:48:02-5193,param,Florasat_Individual_Sats.terminal[46].app,numberOfPacketsToSend,,,0
General-317-20260718-15:48:02-5193,param,Florasat_Individual_Sats.terminal[46].app,timeToFirstPacket,,,1s
General-317-20260718-15:48:02-5193,attr,Florasat_Individual_Sats.terminal[46].app,timeToFirstPacket,unit,s,
General-317-20260718-15:48:02-5193,param,Florasat_Individual_Sats.terminal[46].app,timeToNextPacket,,,115s
General-317-20260718-15:48:02-5193,attr,Florasat_Individual_Sats.terminal[46].app,timeToNextPacket,unit,s,
General-317-20260718-15:48:02-5193,param,Florasat_Individual_Sats.terminal[46].app,timeToResponse,,,30s
General-317-20260718-15:48:02-5193,attr,Florasat_Individual_Sats.terminal[46].app,timeToResponse,unit,s,
General-317-20260718-15:48:02-5193,param,Florasat_Individual_Sats.terminal[46].app,timeToRetry,,,10s
General-317-20260718-15:48:02-5193,attr,Florasat_Individual_Sats.terminal[46].app,timeToRetry,unit,s,
General-317-20260718-15:48:02-5193,param,Florasat_Individual_Sats.terminal[46].app,ackTimeout,,,7s
General-317-20260718-15:48:02-5193,attr,Florasat_Individual_Sats.terminal[46].app,ackTimeout,unit,s,
General-317-20260718-15:48:02-5193,param,Florasat_Individual_Sats.terminal[46].app,timer,,,1s
General-317-20260718-15:48:02-5193,attr,Florasat_Individual_Sats.terminal[46].app,timer,unit,s,
General-317-20260718-15:48:02-5193,param,Florasat_Individual_Sats.terminal[46].app,initialLoRaTP,,,14dBm
General-317-20260718-15:48:02-5193,attr,Florasat_Individual_Sats.terminal[46].app,initialLoRaTP,unit,dBm,
General-317-20260718-15:48:02-5193,param,Florasat_Individual_Sats.terminal[46].app,initialLoRaCF,,,8.68e+08Hz
General-317-20260718-15:48:02-5193,attr,Florasat_Individual_Sats.terminal[46].app,initialLoRaCF,unit,Hz,
General-317-20260718-15:48:02-5193,param,Florasat_Individual_Sats.terminal[46].app,initialLoRaSF,,,12
General-317-20260718-15:48:02-5193,param,Florasat_Individual_Sats.terminal[46].app,initialLoRaBW,,,125000Hz
General-317-20260718-15:48:02-5193,attr,Florasat_Individual_Sats.terminal[46].app,initialLoRaBW,unit,Hz,
General-317-20260718-15:48:02-5193,param,Florasat_Individual_Sats.terminal[46].app,initialLoRaCR,,,4
General-317-20260718-15:48:02-5193,param,Florasat_Individual_Sats.terminal[46].app,initialUseHeader,,,true
General-317-20260718-15:48:02-5193,param,Florasat_Individual_Sats.terminal[46].app,initialPingSlot,,,1
General-317-20260718-15:48:02-5193,param,Florasat_Individual_Sats.terminal[46].app,InitClassA,,,true
General-317-20260718-15:48:02-5193,param,Florasat_Individual_Sats.terminal[46].app,InitClassB,,,false
General-317-20260718-15:48:02-5193,param,Florasat_Individual_Sats.terminal[46].app,evaluateADRinNode,,,false
General-317-20260718-15:48:02-5193,param,Florasat_Individual_Sats.terminal[46].app,payloadSize,,,10B
General-317-20260718-15:48:02-5193,attr,Florasat_Individual_Sats.terminal[46].app,payloadSize,unit,B,
General-317-20260718-15:48:02-5193,param,Florasat_Individual_Sats.terminal[46].app,usingAck,,,true
General-317-20260718-15:48:02-5193,param,Florasat_Individual_Sats.terminal[46].app,numGroundLinks,,,40
General-317-20260718-15:48:02-5193,param,Florasat_Individual_Sats.terminal[46].app,maxHops,,,50
General-317-20260718-15:48:02-5193,param,Florasat_Individual_Sats.terminal[46].app,nroMaxAttempts,,,0
General-317-20260718-15:48:02-5193,param,Florasat_Individual_Sats.terminal[46].eng,typename,,,"""Nodes._10_Terminal._50_Energy.Ter_Ene"""
General-317-20260718-15:48:02-5193,param,Florasat_Individual_Sats.terminal[46].mob,typename,,,"""Nodes._10_Terminal._60_Mobility.Ter_Mob"""
General-317-20260718-15:48:02-5193,param,Florasat_Individual_Sats.terminal[46].mob,subjectModule,,,"""^"""
General-317-20260718-15:48:02-5193,param,Florasat_Individual_Sats.terminal[46].mob,coordinateSystemModule,,,""""""
General-317-20260718-15:48:02-5193,param,Florasat_Individual_Sats.terminal[46].mob,displayStringTextFormat,,,"""p: %p\nv: %v"""
General-317-20260718-15:48:02-5193,attr,Florasat_Individual_Sats.terminal[46].mob,displayStringTextFormat,mutable,,
General-317-20260718-15:48:02-5193,param,Florasat_Individual_Sats.terminal[46].mob,updateDisplayString,,,true
General-317-20260718-15:48:02-5193,param,Florasat_Individual_Sats.terminal[46].mob,constraintAreaMinX,,,-inf m
General-317-20260718-15:48:02-5193,attr,Florasat_Individual_Sats.terminal[46].mob,constraintAreaMinX,unit,m,
General-317-20260718-15:48:02-5193,param,Florasat_Individual_Sats.terminal[46].mob,constraintAreaMinY,,,-inf m
General-317-20260718-15:48:02-5193,attr,Florasat_Individual_Sats.terminal[46].mob,constraintAreaMinY,unit,m,
General-317-20260718-15:48:02-5193,param,Florasat_Individual_Sats.terminal[46].mob,constraintAreaMinZ,,,-inf m
General-317-20260718-15:48:02-5193,attr,Florasat_Individual_Sats.terminal[46].mob,constraintAreaMinZ,unit,m,
General-317-20260718-15:48:02-5193,param,Florasat_Individual_Sats.terminal[46].mob,constraintAreaMaxX,,,inf m
General-317-20260718-15:48:02-5193,attr,Florasat_Individual_Sats.terminal[46].mob,constraintAreaMaxX,unit,m,
General-317-20260718-15:48:02-5193,param,Florasat_Individual_Sats.terminal[46].mob,constraintAreaMaxY,,,inf m
General-317-20260718-15:48:02-5193,attr,Florasat_Individual_Sats.terminal[46].mob,constraintAreaMaxY,unit,m,
General-317-20260718-15:48:02-5193,param,Florasat_Individual_Sats.terminal[46].mob,constraintAreaMaxZ,,,inf m
General-317-20260718-15:48:02-5193,attr,Florasat_Individual_Sats.terminal[46].mob,constraintAreaMaxZ,unit,m,
General-317-20260718-15:48:02-5193,param,Florasat_Individual_Sats.terminal[46].mob,initialX,,,nan m
General-317-20260718-15:48:02-5193,attr,Florasat_Individual_Sats.terminal[46].mob,initialX,unit,m,
General-317-20260718-15:48:02-5193,param,Florasat_Individual_Sats.terminal[46].mob,initialY,,,nan m
General-317-20260718-15:48:02-5193,attr,Florasat_Individual_Sats.terminal[46].mob,initialY,unit,m,
General-317-20260718-15:48:02-5193,param,Florasat_Individual_Sats.terminal[46].mob,initialZ,,,0m
General-317-20260718-15:48:02-5193,attr,Florasat_Individual_Sats.terminal[46].mob,initialZ,unit,m,
General-317-20260718-15:48:02-5193,param,Florasat_Individual_Sats.terminal[46].mob,initialLatitude,,,nan deg
General-317-20260718-15:48:02-5193,attr,Florasat_Individual_Sats.terminal[46].mob,initialLatitude,unit,deg,
General-317-20260718-15:48:02-5193,param,Florasat_Individual_Sats.terminal[46].mob,initialLongitude,,,nan deg
General-317-20260718-15:48:02-5193,attr,Florasat_Individual_Sats.terminal[46].mob,initialLongitude,unit,deg,
General-317-20260718-15:48:02-5193,param,Florasat_Individual_Sats.terminal[46].mob,initialAltitude,,,0m
General-317-20260718-15:48:02-5193,attr,Florasat_Individual_Sats.terminal[46].mob,initialAltitude,unit,m,
General-317-20260718-15:48:02-5193,param,Florasat_Individual_Sats.terminal[46].mob,initialHeading,,,0deg
General-317-20260718-15:48:02-5193,attr,Florasat_Individual_Sats.terminal[46].mob,initialHeading,unit,deg,
General-317-20260718-15:48:02-5193,param,Florasat_Individual_Sats.terminal[46].mob,initialElevation,,,0deg
General-317-20260718-15:48:02-5193,attr,Florasat_Individual_Sats.terminal[46].mob,initialElevation,unit,deg,
General-317-20260718-15:48:02-5193,param,Florasat_Individual_Sats.terminal[46].mob,initialBank,,,0deg
General-317-20260718-15:48:02-5193,attr,Florasat_Individual_Sats.terminal[46].mob,initialBank,unit,deg,
General-317-20260718-15:48:02-5193,param,Florasat_Individual_Sats.terminal[46].mob,initFromDisplayString,,,false
General-317-20260718-15:48:02-5193,param,Florasat_Individual_Sats.terminal[46].mob,updateFromDisplayString,,,false
General-317-20260718-15:48:02-5193,param,Florasat_Individual_Sats.terminal[46].mob,centerLatitude,,,52.229
General-317-20260718-15:48:02-5193,param,Florasat_Individual_Sats.terminal[46].mob,centerLongitude,,,21.012
General-317-20260718-15:48:02-5193,param,Florasat_Individual_Sats.terminal[46].mob,deploymentRadius,,,200
General-317-20260718-15:48:02-5193,param,Florasat_Individual_Sats.terminal[46],typename,,,"""Nodes._10_Terminal.Terminal"""
General-317-20260718-15:48:02-5193,param,Florasat_Individual_Sats.terminal[46],layerName,,,"""Terminal"""
General-317-20260718-15:48:02-5193,attr,Florasat_Individual_Sats.terminal[46],layerName,optional,,
General-317-20260718-15:48:02-5193,param,Florasat_Individual_Sats.terminal[46],sendData,,,true
General-317-20260718-15:48:02-5193,attr,Florasat_Individual_Sats.terminal[46],sendData,mutable,,
General-317-20260718-15:48:02-5193,param,Florasat_Individual_Sats.terminal[46],dstGsOrDev,,,0
General-317-20260718-15:48:02-5193,param,Florasat_Individual_Sats.terminal[47].phy.radio.antenna,typename,,,"""inet.physicallayer.wireless.common.antenna.IsotropicAntenna"""
General-317-20260718-15:48:02-5193,param,Florasat_Individual_Sats.terminal[47].phy.radio.antenna,mobilityModule,,,"""^.^.^.mob"""
General-317-20260718-15:48:02-5193,param,Florasat_Individual_Sats.terminal[47].phy.radio.antenna,numAntennas,,,1
General-317-20260718-15:48:02-5193,param,Florasat_Individual_Sats.terminal[47].phy.radio.transmitter,typename,,,"""Global.Transceiver.LoRaTransmitter"""
General-317-20260718-15:48:02-5193,param,Florasat_Individual_Sats.terminal[47].phy.radio.transmitter,preambleDuration,,,0.001s
General-317-20260718-15:48:02-5193,attr,Florasat_Individual_Sats.terminal[47].phy.radio.transmitter,preambleDuration,unit,s,
General-317-20260718-15:48:02-5193,param,Florasat_Individual_Sats.terminal[47].phy.radio.transmitter,headerLength,,,40b
General-317-20260718-15:48:02-5193,attr,Florasat_Individual_Sats.terminal[47].phy.radio.transmitter,headerLength,unit,b,
General-317-20260718-15:48:02-5193,param,Florasat_Individual_Sats.terminal[47].phy.radio.transmitter,bitrate,,,250000bps
General-317-20260718-15:48:02-5193,attr,Florasat_Individual_Sats.terminal[47].phy.radio.transmitter,bitrate,unit,bps,
General-317-20260718-15:48:02-5193,param,Florasat_Individual_Sats.terminal[47].phy.radio.transmitter,power,,,0.025118W
General-317-20260718-15:48:02-5193,attr,Florasat_Individual_Sats.terminal[47].phy.radio.transmitter,power,unit,W,
General-317-20260718-15:48:02-5193,param,Florasat_Individual_Sats.terminal[47].phy.radio.transmitter,centerFrequency,,,8.68e+08Hz
General-317-20260718-15:48:02-5193,attr,Florasat_Individual_Sats.terminal[47].phy.radio.transmitter,centerFrequency,unit,Hz,
General-317-20260718-15:48:02-5193,param,Florasat_Individual_Sats.terminal[47].phy.radio.transmitter,bandwidth,,,250000Hz
General-317-20260718-15:48:02-5193,attr,Florasat_Individual_Sats.terminal[47].phy.radio.transmitter,bandwidth,unit,Hz,
General-317-20260718-15:48:02-5193,param,Florasat_Individual_Sats.terminal[47].phy.radio.transmitter,codeRate,,,1
General-317-20260718-15:48:02-5193,param,Florasat_Individual_Sats.terminal[47].phy.radio.transmitter,modulation,,,"""LoRaModulation"""
General-317-20260718-15:48:02-5193,param,Florasat_Individual_Sats.terminal[47].phy.radio.receiver,typename,,,"""Global.Transceiver.LoRaReceiver"""
General-317-20260718-15:48:02-5193,param,Florasat_Individual_Sats.terminal[47].phy.radio.receiver,energyDetection,,,-90dBm
General-317-20260718-15:48:02-5193,attr,Florasat_Individual_Sats.terminal[47].phy.radio.receiver,energyDetection,unit,dBm,
General-317-20260718-15:48:02-5193,param,Florasat_Individual_Sats.terminal[47].phy.radio.receiver,sensitivity,,,-137dBm
General-317-20260718-15:48:02-5193,attr,Florasat_Individual_Sats.terminal[47].phy.radio.receiver,sensitivity,unit,dBm,
General-317-20260718-15:48:02-5193,param,Florasat_Individual_Sats.terminal[47].phy.radio.receiver,snirThreshold,,,-8dB
General-317-20260718-15:48:02-5193,attr,Florasat_Individual_Sats.terminal[47].phy.radio.receiver,snirThreshold,unit,dB,
General-317-20260718-15:48:02-5193,param,Florasat_Individual_Sats.terminal[47].phy.radio.receiver,centerFrequency,,,8.68e+08Hz
General-317-20260718-15:48:02-5193,attr,Florasat_Individual_Sats.terminal[47].phy.radio.receiver,centerFrequency,unit,Hz,
General-317-20260718-15:48:02-5193,param,Florasat_Individual_Sats.terminal[47].phy.radio.receiver,bandwidth,,,250000Hz
General-317-20260718-15:48:02-5193,attr,Florasat_Individual_Sats.terminal[47].phy.radio.receiver,bandwidth,unit,Hz,
General-317-20260718-15:48:02-5193,param,Florasat_Individual_Sats.terminal[47].phy.radio.receiver,alohaChannelModel,,,false
General-317-20260718-15:48:02-5193,param,Florasat_Individual_Sats.terminal[47].phy.radio.receiver,errorModelType,,,""""""
General-317-20260718-15:48:02-5193,param,Florasat_Individual_Sats.terminal[47].phy.radio.receiver,ignoreInterference,,,false
General-317-20260718-15:48:02-5193,param,Florasat_Individual_Sats.terminal[47].phy.radio.receiver,enableCollisionOverlap,,,false
General-317-20260718-15:48:02-5193,param,Florasat_Individual_Sats.terminal[47].phy.radio.receiver,minCollisionOverlap,,,0s
General-317-20260718-15:48:02-5193,attr,Florasat_Individual_Sats.terminal[47].phy.radio.receiver,minCollisionOverlap,unit,s,
General-317-20260718-15:48:02-5193,param,Florasat_Individual_Sats.terminal[47].phy.radio.IdealEpEnergyStorage,typename,,,"""inet.power.storage.IdealEpEnergyStorage"""
General-317-20260718-15:48:02-5193,param,Florasat_Individual_Sats.terminal[47].phy.radio,typename,,,"""Nodes._10_Terminal._10_Physical.Ter_Phy_LoRaRadio"""
General-317-20260718-15:48:02-5193,param,Florasat_Individual_Sats.terminal[47].phy.radio,radioMediumModule,,,"""radioMedium"""
General-317-20260718-15:48:02-5193,param,Florasat_Individual_Sats.terminal[47].phy.radio,energySourceModule,,,""""""
General-317-20260718-15:48:02-5193,param,Florasat_Individual_Sats.terminal[47].phy.radio,initialRadioMode,,,"""off"""
General-317-20260718-15:48:02-5193,attr,Florasat_Individual_Sats.terminal[47].phy.radio,initialRadioMode,enum,"off,sleep,receiver,transmitter,transceiver",
General-317-20260718-15:48:02-5193,param,Florasat_Individual_Sats.terminal[47].phy.radio,switchingTimes,,,"""ms 0 0 0 0 0 0 0 0 0 0 0 0 0 0 0 0 0 0 0 0 0 0 0 0 0"""
General-317-20260718-15:48:02-5193,param,Florasat_Individual_Sats.terminal[47].phy.radio,sendRawBytes,,,false
General-317-20260718-15:48:02-5193,param,Florasat_Individual_Sats.terminal[47].phy.radio,separateTransmissionParts,,,false
General-317-20260718-15:48:02-5193,param,Florasat_Individual_Sats.terminal[47].phy.radio,separateReceptionParts,,,false
General-317-20260718-15:48:02-5193,param,Florasat_Individual_Sats.terminal[47].phy.radio,displayCommunicationRange,,,false
General-317-20260718-15:48:02-5193,param,Florasat_Individual_Sats.terminal[47].phy.radio,displayInterferenceRange,,,false
General-317-20260718-15:48:02-5193,param,Florasat_Individual_Sats.terminal[47].phy.radio,centerFrequency,,,8.68e+08Hz
General-317-20260718-15:48:02-5193,attr,Florasat_Individual_Sats.terminal[47].phy.radio,centerFrequency,unit,Hz,
General-317-20260718-15:48:02-5193,param,Florasat_Individual_Sats.terminal[47].phy.radio,bandwidth,,,250000Hz
General-317-20260718-15:48:02-5193,attr,Florasat_Individual_Sats.terminal[47].phy.radio,bandwidth,unit,Hz,
General-317-20260718-15:48:02-5193,param,Florasat_Individual_Sats.terminal[47].phy.radio,iAmGateway,,,false
General-317-20260718-15:48:02-5193,param,Florasat_Individual_Sats.terminal[47].phy,typename,,,"""Nodes._10_Terminal._10_Physical.Ter_Phy"""
General-317-20260718-15:48:02-5193,param,Florasat_Individual_Sats.terminal[47].phy,layerName,,,"""Ter_Phy"""
General-317-20260718-15:48:02-5193,attr,Florasat_Individual_Sats.terminal[47].phy,layerName,optional,,
General-317-20260718-15:48:02-5193,param,Florasat_Individual_Sats.terminal[47].dlk.mac.queue,typename,,,"""inet.queueing.queue.DropTailQueue"""
General-317-20260718-15:48:02-5193,param,Florasat_Individual_Sats.terminal[47].dlk.mac.queue,displayStringTextFormat,,,"""contains %p pk (%l) pushed %u\npulled %o removed %r dropped %d"""
General-317-20260718-15:48:02-5193,param,Florasat_Individual_Sats.terminal[47].dlk.mac.queue,packetCapacity,,,-1
General-317-20260718-15:48:02-5193,param,Florasat_Individual_Sats.terminal[47].dlk.mac.queue,dataCapacity,,,-1b
General-317-20260718-15:48:02-5193,attr,Florasat_Individual_Sats.terminal[47].dlk.mac.queue,dataCapacity,unit,b,
General-317-20260718-15:48:02-5193,param,Florasat_Individual_Sats.terminal[47].dlk.mac.queue,dropperClass,,,"""inet::queueing::PacketAtCollectionEndDropper"""
General-317-20260718-15:48:02-5193,param,Florasat_Individual_Sats.terminal[47].dlk.mac.queue,comparatorClass,,,""""""
General-317-20260718-15:48:02-5193,param,Florasat_Individual_Sats.terminal[47].dlk.mac.queue,bufferModule,,,""""""
General-317-20260718-15:48:02-5193,param,Florasat_Individual_Sats.terminal[47].dlk.mac.mlBox,typename,,,"""Nodes._10_Terminal._20_Data_Link.Transmission_Predictor.Transmission_Predictor"""
General-317-20260718-15:48:02-5193,param,Florasat_Individual_Sats.terminal[47].dlk.mac.mlBox,modelPath,,,"""/home/ylnner/Documents/omnet++/omnetpp-6.3.0/projects/florasat_v4_ult_routing/simulations/Test_Individual/mlmodels/transformer_scripted.pt"""
General-317-20260718-15:48:02-5193,param,Florasat_Individual_Sats.terminal[47].dlk.mac.mlBox,threshold,,,0.2
General-317-20260718-15:48:02-5193,param,Florasat_Individual_Sats.terminal[47].dlk.mac.mlBox,scalerPath,,,""""""
General-317-20260718-15:48:02-5193,param,Florasat_Individual_Sats.terminal[47].dlk.mac,typename,,,"""Nodes._10_Terminal._20_Data_Link.Ter_Dlk_KiWan"""
General-317-20260718-15:48:02-5193,param,Florasat_Individual_Sats.terminal[47].dlk.mac,interfaceTableModule,,,""""""
General-317-20260718-15:48:02-5193,param,Florasat_Individual_Sats.terminal[47].dlk.mac,radioModule,,,"""^.^.phy.radio"""
General-317-20260718-15:48:02-5193,param,Florasat_Individual_Sats.terminal[47].dlk.mac,address,,,"""0A-AA-00-00-00-30"""
General-317-20260718-15:48:02-5193,attr,Florasat_Individual_Sats.terminal[47].dlk.mac,address,mutable,,
General-317-20260718-15:48:02-5193,param,Florasat_Individual_Sats.terminal[47].dlk.mac,mtu,,,1500
General-317-20260718-15:48:02-5193,param,Florasat_Individual_Sats.terminal[47].dlk.mac,ttwDuration,,,100s
General-317-20260718-15:48:02-5193,attr,Florasat_Individual_Sats.terminal[47].dlk.mac,ttwDuration,unit,s,
General-317-20260718-15:48:02-5193,param,Florasat_Individual_Sats.terminal[47].dlk.mac,ttwIdle,,,0s
General-317-20260718-15:48:02-5193,attr,Florasat_Individual_Sats.terminal[47].dlk.mac,ttwIdle,unit,s,
General-317-20260718-15:48:02-5193,param,Florasat_Individual_Sats.terminal[47].dlk.mac,ttxStart_min,,,0s
General-317-20260718-15:48:02-5193,attr,Florasat_Individual_Sats.terminal[47].dlk.mac,ttxStart_min,unit,s,
General-317-20260718-15:48:02-5193,param,Florasat_Individual_Sats.terminal[47].dlk.mac,ttxStart_max,,,1s
General-317-20260718-15:48:02-5193,attr,Florasat_Individual_Sats.terminal[47].dlk.mac,ttxStart_max,unit,s,
General-317-20260718-15:48:02-5193,param,Florasat_Individual_Sats.terminal[47].dlk.mac,ttxIdle_min,,,10s
General-317-20260718-15:48:02-5193,attr,Florasat_Individual_Sats.terminal[47].dlk.mac,ttxIdle_min,unit,s,
General-317-20260718-15:48:02-5193,param,Florasat_Individual_Sats.terminal[47].dlk.mac,ttxIdle_max,,,15s
General-317-20260718-15:48:02-5193,attr,Florasat_Individual_Sats.terminal[47].dlk.mac,ttxIdle_max,unit,s,
General-317-20260718-15:48:02-5193,param,Florasat_Individual_Sats.terminal[47].dlk.mac,Ntw,,,1
General-317-20260718-15:48:02-5193,param,Florasat_Individual_Sats.terminal[47].dlk.mac,Ntx,,,5
General-317-20260718-15:48:02-5193,param,Florasat_Individual_Sats.terminal[47].dlk.mac,enableSatDetect,,,false
General-317-20260718-15:48:02-5193,param,Florasat_Individual_Sats.terminal[47].dlk.mac,tsdStart_min,,,0s
General-317-20260718-15:48:02-5193,attr,Florasat_Individual_Sats.terminal[47].dlk.mac,tsdStart_min,unit,s,
General-317-20260718-15:48:02-5193,param,Florasat_Individual_Sats.terminal[47].dlk.mac,tsdStart_max,,,60s
General-317-20260718-15:48:02-5193,attr,Florasat_Individual_Sats.terminal[47].dlk.mac,tsdStart_max,unit,s,
General-317-20260718-15:48:02-5193,param,Florasat_Individual_Sats.terminal[47].dlk.mac,Ndetect,,,4
General-317-20260718-15:48:02-5193,param,Florasat_Individual_Sats.terminal[47].dlk.mac,NsdSync,,,2
General-317-20260718-15:48:02-5193,param,Florasat_Individual_Sats.terminal[47].dlk.mac,tsyncIdle,,,60s
General-317-20260718-15:48:02-5193,attr,Florasat_Individual_Sats.terminal[47].dlk.mac,tsyncIdle,unit,s,
General-317-20260718-15:48:02-5193,param,Florasat_Individual_Sats.terminal[47].dlk.mac,tsdIdle,,,240s
General-317-20260718-15:48:02-5193,attr,Florasat_Individual_Sats.terminal[47].dlk.mac,tsdIdle,unit,s,
General-317-20260718-15:48:02-5193,param,Florasat_Individual_Sats.terminal[47].dlk.mac,satelliteDetectionProbability,,,0.9
General-317-20260718-15:48:02-5193,param,Florasat_Individual_Sats.terminal[47].dlk.mac,minimumElevation,,,5
General-317-20260718-15:48:02-5193,param,Florasat_Individual_Sats.terminal[47].dlk.mac,detectInitialListen,,,0.33s
General-317-20260718-15:48:02-5193,attr,Florasat_Individual_Sats.terminal[47].dlk.mac,detectInitialListen,unit,s,
General-317-20260718-15:48:02-5193,param,Florasat_Individual_Sats.terminal[47].dlk.mac,detectSuccessExtraMin,,,0.075s
General-317-20260718-15:48:02-5193,attr,Florasat_Individual_Sats.terminal[47].dlk.mac,detectSuccessExtraMin,unit,s,
General-317-20260718-15:48:02-5193,param,Florasat_Individual_Sats.terminal[47].dlk.mac,detectSuccessExtraMax,,,1.67s
General-317-20260718-15:48:02-5193,attr,Florasat_Individual_Sats.terminal[47].dlk.mac,detectSuccessExtraMax,unit,s,
General-317-20260718-15:48:02-5193,param,Florasat_Individual_Sats.terminal[47].dlk.mac,detectMissExtra,,,1.67s
General-317-20260718-15:48:02-5193,attr,Florasat_Individual_Sats.terminal[47].dlk.mac,detectMissExtra,unit,s,
General-317-20260718-15:48:02-5193,param,Florasat_Individual_Sats.terminal[47].dlk.mac,LoRaSF,,,11
General-317-20260718-15:48:02-5193,param,Florasat_Individual_Sats.terminal[47].dlk.mac,LoRaTP,,,14
General-317-20260718-15:48:02-5193,param,Florasat_Individual_Sats.terminal[47].dlk.mac,LoRaCF,,,8.68e+08
General-317-20260718-15:48:02-5193,param,Florasat_Individual_Sats.terminal[47].dlk.mac,LoRaBW,,,125000
General-317-20260718-15:48:02-5193,param,Florasat_Individual_Sats.terminal[47].dlk.mac,LoRaCR,,,1
General-317-20260718-15:48:02-5193,param,Florasat_Individual_Sats.terminal[47].dlk.mac,useMLBox,,,true
General-317-20260718-15:48:02-5193,param,Florasat_Individual_Sats.terminal[47].dlk.mac,useMLBoxBiLSTM,,,false
General-317-20260718-15:48:02-5193,param,Florasat_Individual_Sats.terminal[47].dlk.mac,useAnalytical,,,false
General-317-20260718-15:48:02-5193,param,Florasat_Individual_Sats.terminal[47].dlk,typename,,,"""Nodes._10_Terminal._20_Data_Link.Ter_Dlk"""
General-317-20260718-15:48:02-5193,param,Florasat_Individual_Sats.terminal[47].net.routing,typename,,,"""Global.Base._30_Network.Ter_Null_Routing"""
General-317-20260718-15:48:02-5193,param,Florasat_Individual_Sats.terminal[47].net,typename,,,"""Nodes._10_Terminal._30_Network.Ter_Net"""
General-317-20260718-15:48:02-5193,param,Florasat_Individual_Sats.terminal[47].net,layerName,,,"""Ter_Net"""
General-317-20260718-15:48:02-5193,attr,Florasat_Individual_Sats.terminal[47].net,layerName,optional,,
General-317-20260718-15:48:02-5193,param,Florasat_Individual_Sats.terminal[47].net,routingType,,,"""Ter_Null_Routing"""
General-317-20260718-15:48:02-5193,param,Florasat_Individual_Sats.terminal[47].app,typename,,,"""Nodes._10_Terminal._40_Application.Ter_App"""
General-317-20260718-15:48:02-5193,param,Florasat_Individual_Sats.terminal[47].app,layerName,,,"""TerminalApplicationLayer"""
General-317-20260718-15:48:02-5193,attr,Florasat_Individual_Sats.terminal[47].app,layerName,optional,,
General-317-20260718-15:48:02-5193,param,Florasat_Individual_Sats.terminal[47].app,numberOfPacketsToSend,,,0
General-317-20260718-15:48:02-5193,param,Florasat_Individual_Sats.terminal[47].app,timeToFirstPacket,,,1s
General-317-20260718-15:48:02-5193,attr,Florasat_Individual_Sats.terminal[47].app,timeToFirstPacket,unit,s,
General-317-20260718-15:48:02-5193,param,Florasat_Individual_Sats.terminal[47].app,timeToNextPacket,,,115s
General-317-20260718-15:48:02-5193,attr,Florasat_Individual_Sats.terminal[47].app,timeToNextPacket,unit,s,
General-317-20260718-15:48:02-5193,param,Florasat_Individual_Sats.terminal[47].app,timeToResponse,,,30s
General-317-20260718-15:48:02-5193,attr,Florasat_Individual_Sats.terminal[47].app,timeToResponse,unit,s,
General-317-20260718-15:48:02-5193,param,Florasat_Individual_Sats.terminal[47].app,timeToRetry,,,10s
General-317-20260718-15:48:02-5193,attr,Florasat_Individual_Sats.terminal[47].app,timeToRetry,unit,s,
General-317-20260718-15:48:02-5193,param,Florasat_Individual_Sats.terminal[47].app,ackTimeout,,,7s
General-317-20260718-15:48:02-5193,attr,Florasat_Individual_Sats.terminal[47].app,ackTimeout,unit,s,
General-317-20260718-15:48:02-5193,param,Florasat_Individual_Sats.terminal[47].app,timer,,,1s
General-317-20260718-15:48:02-5193,attr,Florasat_Individual_Sats.terminal[47].app,timer,unit,s,
General-317-20260718-15:48:02-5193,param,Florasat_Individual_Sats.terminal[47].app,initialLoRaTP,,,14dBm
General-317-20260718-15:48:02-5193,attr,Florasat_Individual_Sats.terminal[47].app,initialLoRaTP,unit,dBm,
General-317-20260718-15:48:02-5193,param,Florasat_Individual_Sats.terminal[47].app,initialLoRaCF,,,8.68e+08Hz
General-317-20260718-15:48:02-5193,attr,Florasat_Individual_Sats.terminal[47].app,initialLoRaCF,unit,Hz,
General-317-20260718-15:48:02-5193,param,Florasat_Individual_Sats.terminal[47].app,initialLoRaSF,,,12
General-317-20260718-15:48:02-5193,param,Florasat_Individual_Sats.terminal[47].app,initialLoRaBW,,,125000Hz
General-317-20260718-15:48:02-5193,attr,Florasat_Individual_Sats.terminal[47].app,initialLoRaBW,unit,Hz,
General-317-20260718-15:48:02-5193,param,Florasat_Individual_Sats.terminal[47].app,initialLoRaCR,,,4
General-317-20260718-15:48:02-5193,param,Florasat_Individual_Sats.terminal[47].app,initialUseHeader,,,true
General-317-20260718-15:48:02-5193,param,Florasat_Individual_Sats.terminal[47].app,initialPingSlot,,,1
General-317-20260718-15:48:02-5193,param,Florasat_Individual_Sats.terminal[47].app,InitClassA,,,true
General-317-20260718-15:48:02-5193,param,Florasat_Individual_Sats.terminal[47].app,InitClassB,,,false
General-317-20260718-15:48:02-5193,param,Florasat_Individual_Sats.terminal[47].app,evaluateADRinNode,,,false
General-317-20260718-15:48:02-5193,param,Florasat_Individual_Sats.terminal[47].app,payloadSize,,,10B
General-317-20260718-15:48:02-5193,attr,Florasat_Individual_Sats.terminal[47].app,payloadSize,unit,B,
General-317-20260718-15:48:02-5193,param,Florasat_Individual_Sats.terminal[47].app,usingAck,,,true
General-317-20260718-15:48:02-5193,param,Florasat_Individual_Sats.terminal[47].app,numGroundLinks,,,40
General-317-20260718-15:48:02-5193,param,Florasat_Individual_Sats.terminal[47].app,maxHops,,,50
General-317-20260718-15:48:02-5193,param,Florasat_Individual_Sats.terminal[47].app,nroMaxAttempts,,,0
General-317-20260718-15:48:02-5193,param,Florasat_Individual_Sats.terminal[47].eng,typename,,,"""Nodes._10_Terminal._50_Energy.Ter_Ene"""
General-317-20260718-15:48:02-5193,param,Florasat_Individual_Sats.terminal[47].mob,typename,,,"""Nodes._10_Terminal._60_Mobility.Ter_Mob"""
General-317-20260718-15:48:02-5193,param,Florasat_Individual_Sats.terminal[47].mob,subjectModule,,,"""^"""
General-317-20260718-15:48:02-5193,param,Florasat_Individual_Sats.terminal[47].mob,coordinateSystemModule,,,""""""
General-317-20260718-15:48:02-5193,param,Florasat_Individual_Sats.terminal[47].mob,displayStringTextFormat,,,"""p: %p\nv: %v"""
General-317-20260718-15:48:02-5193,attr,Florasat_Individual_Sats.terminal[47].mob,displayStringTextFormat,mutable,,
General-317-20260718-15:48:02-5193,param,Florasat_Individual_Sats.terminal[47].mob,updateDisplayString,,,true
General-317-20260718-15:48:02-5193,param,Florasat_Individual_Sats.terminal[47].mob,constraintAreaMinX,,,-inf m
General-317-20260718-15:48:02-5193,attr,Florasat_Individual_Sats.terminal[47].mob,constraintAreaMinX,unit,m,
General-317-20260718-15:48:02-5193,param,Florasat_Individual_Sats.terminal[47].mob,constraintAreaMinY,,,-inf m
General-317-20260718-15:48:02-5193,attr,Florasat_Individual_Sats.terminal[47].mob,constraintAreaMinY,unit,m,
General-317-20260718-15:48:02-5193,param,Florasat_Individual_Sats.terminal[47].mob,constraintAreaMinZ,,,-inf m
General-317-20260718-15:48:02-5193,attr,Florasat_Individual_Sats.terminal[47].mob,constraintAreaMinZ,unit,m,
General-317-20260718-15:48:02-5193,param,Florasat_Individual_Sats.terminal[47].mob,constraintAreaMaxX,,,inf m
General-317-20260718-15:48:02-5193,attr,Florasat_Individual_Sats.terminal[47].mob,constraintAreaMaxX,unit,m,
General-317-20260718-15:48:02-5193,param,Florasat_Individual_Sats.terminal[47].mob,constraintAreaMaxY,,,inf m
General-317-20260718-15:48:02-5193,attr,Florasat_Individual_Sats.terminal[47].mob,constraintAreaMaxY,unit,m,
General-317-20260718-15:48:02-5193,param,Florasat_Individual_Sats.terminal[47].mob,constraintAreaMaxZ,,,inf m
General-317-20260718-15:48:02-5193,attr,Florasat_Individual_Sats.terminal[47].mob,constraintAreaMaxZ,unit,m,
General-317-20260718-15:48:02-5193,param,Florasat_Individual_Sats.terminal[47].mob,initialX,,,nan m
General-317-20260718-15:48:02-5193,attr,Florasat_Individual_Sats.terminal[47].mob,initialX,unit,m,
General-317-20260718-15:48:02-5193,param,Florasat_Individual_Sats.terminal[47].mob,initialY,,,nan m
General-317-20260718-15:48:02-5193,attr,Florasat_Individual_Sats.terminal[47].mob,initialY,unit,m,
General-317-20260718-15:48:02-5193,param,Florasat_Individual_Sats.terminal[47].mob,initialZ,,,0m
General-317-20260718-15:48:02-5193,attr,Florasat_Individual_Sats.terminal[47].mob,initialZ,unit,m,
General-317-20260718-15:48:02-5193,param,Florasat_Individual_Sats.terminal[47].mob,initialLatitude,,,nan deg
General-317-20260718-15:48:02-5193,attr,Florasat_Individual_Sats.terminal[47].mob,initialLatitude,unit,deg,
General-317-20260718-15:48:02-5193,param,Florasat_Individual_Sats.terminal[47].mob,initialLongitude,,,nan deg
General-317-20260718-15:48:02-5193,attr,Florasat_Individual_Sats.terminal[47].mob,initialLongitude,unit,deg,
General-317-20260718-15:48:02-5193,param,Florasat_Individual_Sats.terminal[47].mob,initialAltitude,,,0m
General-317-20260718-15:48:02-5193,attr,Florasat_Individual_Sats.terminal[47].mob,initialAltitude,unit,m,
General-317-20260718-15:48:02-5193,param,Florasat_Individual_Sats.terminal[47].mob,initialHeading,,,0deg
General-317-20260718-15:48:02-5193,attr,Florasat_Individual_Sats.terminal[47].mob,initialHeading,unit,deg,
General-317-20260718-15:48:02-5193,param,Florasat_Individual_Sats.terminal[47].mob,initialElevation,,,0deg
General-317-20260718-15:48:02-5193,attr,Florasat_Individual_Sats.terminal[47].mob,initialElevation,unit,deg,
General-317-20260718-15:48:02-5193,param,Florasat_Individual_Sats.terminal[47].mob,initialBank,,,0deg
General-317-20260718-15:48:02-5193,attr,Florasat_Individual_Sats.terminal[47].mob,initialBank,unit,deg,
General-317-20260718-15:48:02-5193,param,Florasat_Individual_Sats.terminal[47].mob,initFromDisplayString,,,false
General-317-20260718-15:48:02-5193,param,Florasat_Individual_Sats.terminal[47].mob,updateFromDisplayString,,,false
General-317-20260718-15:48:02-5193,param,Florasat_Individual_Sats.terminal[47].mob,centerLatitude,,,59.913
General-317-20260718-15:48:02-5193,param,Florasat_Individual_Sats.terminal[47].mob,centerLongitude,,,10.752
General-317-20260718-15:48:02-5193,param,Florasat_Individual_Sats.terminal[47].mob,deploymentRadius,,,200
General-317-20260718-15:48:02-5193,param,Florasat_Individual_Sats.terminal[47],typename,,,"""Nodes._10_Terminal.Terminal"""
General-317-20260718-15:48:02-5193,param,Florasat_Individual_Sats.terminal[47],layerName,,,"""Terminal"""
General-317-20260718-15:48:02-5193,attr,Florasat_Individual_Sats.terminal[47],layerName,optional,,
General-317-20260718-15:48:02-5193,param,Florasat_Individual_Sats.terminal[47],sendData,,,true
General-317-20260718-15:48:02-5193,attr,Florasat_Individual_Sats.terminal[47],sendData,mutable,,
General-317-20260718-15:48:02-5193,param,Florasat_Individual_Sats.terminal[47],dstGsOrDev,,,0
General-317-20260718-15:48:02-5193,param,Florasat_Individual_Sats.terminal[48].phy.radio.antenna,typename,,,"""inet.physicallayer.wireless.common.antenna.IsotropicAntenna"""
General-317-20260718-15:48:02-5193,param,Florasat_Individual_Sats.terminal[48].phy.radio.antenna,mobilityModule,,,"""^.^.^.mob"""
General-317-20260718-15:48:02-5193,param,Florasat_Individual_Sats.terminal[48].phy.radio.antenna,numAntennas,,,1
General-317-20260718-15:48:02-5193,param,Florasat_Individual_Sats.terminal[48].phy.radio.transmitter,typename,,,"""Global.Transceiver.LoRaTransmitter"""
General-317-20260718-15:48:02-5193,param,Florasat_Individual_Sats.terminal[48].phy.radio.transmitter,preambleDuration,,,0.001s
General-317-20260718-15:48:02-5193,attr,Florasat_Individual_Sats.terminal[48].phy.radio.transmitter,preambleDuration,unit,s,
General-317-20260718-15:48:02-5193,param,Florasat_Individual_Sats.terminal[48].phy.radio.transmitter,headerLength,,,40b
General-317-20260718-15:48:02-5193,attr,Florasat_Individual_Sats.terminal[48].phy.radio.transmitter,headerLength,unit,b,
General-317-20260718-15:48:02-5193,param,Florasat_Individual_Sats.terminal[48].phy.radio.transmitter,bitrate,,,250000bps
General-317-20260718-15:48:02-5193,attr,Florasat_Individual_Sats.terminal[48].phy.radio.transmitter,bitrate,unit,bps,
General-317-20260718-15:48:02-5193,param,Florasat_Individual_Sats.terminal[48].phy.radio.transmitter,power,,,0.025118W
General-317-20260718-15:48:02-5193,attr,Florasat_Individual_Sats.terminal[48].phy.radio.transmitter,power,unit,W,
General-317-20260718-15:48:02-5193,param,Florasat_Individual_Sats.terminal[48].phy.radio.transmitter,centerFrequency,,,8.68e+08Hz
General-317-20260718-15:48:02-5193,attr,Florasat_Individual_Sats.terminal[48].phy.radio.transmitter,centerFrequency,unit,Hz,
General-317-20260718-15:48:02-5193,param,Florasat_Individual_Sats.terminal[48].phy.radio.transmitter,bandwidth,,,250000Hz
General-317-20260718-15:48:02-5193,attr,Florasat_Individual_Sats.terminal[48].phy.radio.transmitter,bandwidth,unit,Hz,
General-317-20260718-15:48:02-5193,param,Florasat_Individual_Sats.terminal[48].phy.radio.transmitter,codeRate,,,1
General-317-20260718-15:48:02-5193,param,Florasat_Individual_Sats.terminal[48].phy.radio.transmitter,modulation,,,"""LoRaModulation"""
General-317-20260718-15:48:02-5193,param,Florasat_Individual_Sats.terminal[48].phy.radio.receiver,typename,,,"""Global.Transceiver.LoRaReceiver"""
General-317-20260718-15:48:02-5193,param,Florasat_Individual_Sats.terminal[48].phy.radio.receiver,energyDetection,,,-90dBm
General-317-20260718-15:48:02-5193,attr,Florasat_Individual_Sats.terminal[48].phy.radio.receiver,energyDetection,unit,dBm,
General-317-20260718-15:48:02-5193,param,Florasat_Individual_Sats.terminal[48].phy.radio.receiver,sensitivity,,,-137dBm
General-317-20260718-15:48:02-5193,attr,Florasat_Individual_Sats.terminal[48].phy.radio.receiver,sensitivity,unit,dBm,
General-317-20260718-15:48:02-5193,param,Florasat_Individual_Sats.terminal[48].phy.radio.receiver,snirThreshold,,,-8dB
General-317-20260718-15:48:02-5193,attr,Florasat_Individual_Sats.terminal[48].phy.radio.receiver,snirThreshold,unit,dB,
General-317-20260718-15:48:02-5193,param,Florasat_Individual_Sats.terminal[48].phy.radio.receiver,centerFrequency,,,8.68e+08Hz
General-317-20260718-15:48:02-5193,attr,Florasat_Individual_Sats.terminal[48].phy.radio.receiver,centerFrequency,unit,Hz,
General-317-20260718-15:48:02-5193,param,Florasat_Individual_Sats.terminal[48].phy.radio.receiver,bandwidth,,,250000Hz
General-317-20260718-15:48:02-5193,attr,Florasat_Individual_Sats.terminal[48].phy.radio.receiver,bandwidth,unit,Hz,
General-317-20260718-15:48:02-5193,param,Florasat_Individual_Sats.terminal[48].phy.radio.receiver,alohaChannelModel,,,false
General-317-20260718-15:48:02-5193,param,Florasat_Individual_Sats.terminal[48].phy.radio.receiver,errorModelType,,,""""""
General-317-20260718-15:48:02-5193,param,Florasat_Individual_Sats.terminal[48].phy.radio.receiver,ignoreInterference,,,false
General-317-20260718-15:48:02-5193,param,Florasat_Individual_Sats.terminal[48].phy.radio.receiver,enableCollisionOverlap,,,false
General-317-20260718-15:48:02-5193,param,Florasat_Individual_Sats.terminal[48].phy.radio.receiver,minCollisionOverlap,,,0s
General-317-20260718-15:48:02-5193,attr,Florasat_Individual_Sats.terminal[48].phy.radio.receiver,minCollisionOverlap,unit,s,
General-317-20260718-15:48:02-5193,param,Florasat_Individual_Sats.terminal[48].phy.radio.IdealEpEnergyStorage,typename,,,"""inet.power.storage.IdealEpEnergyStorage"""
General-317-20260718-15:48:02-5193,param,Florasat_Individual_Sats.terminal[48].phy.radio,typename,,,"""Nodes._10_Terminal._10_Physical.Ter_Phy_LoRaRadio"""
General-317-20260718-15:48:02-5193,param,Florasat_Individual_Sats.terminal[48].phy.radio,radioMediumModule,,,"""radioMedium"""
General-317-20260718-15:48:02-5193,param,Florasat_Individual_Sats.terminal[48].phy.radio,energySourceModule,,,""""""
General-317-20260718-15:48:02-5193,param,Florasat_Individual_Sats.terminal[48].phy.radio,initialRadioMode,,,"""off"""
General-317-20260718-15:48:02-5193,attr,Florasat_Individual_Sats.terminal[48].phy.radio,initialRadioMode,enum,"off,sleep,receiver,transmitter,transceiver",
General-317-20260718-15:48:02-5193,param,Florasat_Individual_Sats.terminal[48].phy.radio,switchingTimes,,,"""ms 0 0 0 0 0 0 0 0 0 0 0 0 0 0 0 0 0 0 0 0 0 0 0 0 0"""
General-317-20260718-15:48:02-5193,param,Florasat_Individual_Sats.terminal[48].phy.radio,sendRawBytes,,,false
General-317-20260718-15:48:02-5193,param,Florasat_Individual_Sats.terminal[48].phy.radio,separateTransmissionParts,,,false
General-317-20260718-15:48:02-5193,param,Florasat_Individual_Sats.terminal[48].phy.radio,separateReceptionParts,,,false
General-317-20260718-15:48:02-5193,param,Florasat_Individual_Sats.terminal[48].phy.radio,displayCommunicationRange,,,false
General-317-20260718-15:48:02-5193,param,Florasat_Individual_Sats.terminal[48].phy.radio,displayInterferenceRange,,,false
General-317-20260718-15:48:02-5193,param,Florasat_Individual_Sats.terminal[48].phy.radio,centerFrequency,,,8.68e+08Hz
General-317-20260718-15:48:02-5193,attr,Florasat_Individual_Sats.terminal[48].phy.radio,centerFrequency,unit,Hz,
General-317-20260718-15:48:02-5193,param,Florasat_Individual_Sats.terminal[48].phy.radio,bandwidth,,,250000Hz
General-317-20260718-15:48:02-5193,attr,Florasat_Individual_Sats.terminal[48].phy.radio,bandwidth,unit,Hz,
General-317-20260718-15:48:02-5193,param,Florasat_Individual_Sats.terminal[48].phy.radio,iAmGateway,,,false
General-317-20260718-15:48:02-5193,param,Florasat_Individual_Sats.terminal[48].phy,typename,,,"""Nodes._10_Terminal._10_Physical.Ter_Phy"""
General-317-20260718-15:48:02-5193,param,Florasat_Individual_Sats.terminal[48].phy,layerName,,,"""Ter_Phy"""
General-317-20260718-15:48:02-5193,attr,Florasat_Individual_Sats.terminal[48].phy,layerName,optional,,
General-317-20260718-15:48:02-5193,param,Florasat_Individual_Sats.terminal[48].dlk.mac.queue,typename,,,"""inet.queueing.queue.DropTailQueue"""
General-317-20260718-15:48:02-5193,param,Florasat_Individual_Sats.terminal[48].dlk.mac.queue,displayStringTextFormat,,,"""contains %p pk (%l) pushed %u\npulled %o removed %r dropped %d"""
General-317-20260718-15:48:02-5193,param,Florasat_Individual_Sats.terminal[48].dlk.mac.queue,packetCapacity,,,-1
General-317-20260718-15:48:02-5193,param,Florasat_Individual_Sats.terminal[48].dlk.mac.queue,dataCapacity,,,-1b
General-317-20260718-15:48:02-5193,attr,Florasat_Individual_Sats.terminal[48].dlk.mac.queue,dataCapacity,unit,b,
General-317-20260718-15:48:02-5193,param,Florasat_Individual_Sats.terminal[48].dlk.mac.queue,dropperClass,,,"""inet::queueing::PacketAtCollectionEndDropper"""
General-317-20260718-15:48:02-5193,param,Florasat_Individual_Sats.terminal[48].dlk.mac.queue,comparatorClass,,,""""""
General-317-20260718-15:48:02-5193,param,Florasat_Individual_Sats.terminal[48].dlk.mac.queue,bufferModule,,,""""""
General-317-20260718-15:48:02-5193,param,Florasat_Individual_Sats.terminal[48].dlk.mac.mlBox,typename,,,"""Nodes._10_Terminal._20_Data_Link.Transmission_Predictor.Transmission_Predictor"""
General-317-20260718-15:48:02-5193,param,Florasat_Individual_Sats.terminal[48].dlk.mac.mlBox,modelPath,,,"""/home/ylnner/Documents/omnet++/omnetpp-6.3.0/projects/florasat_v4_ult_routing/simulations/Test_Individual/mlmodels/transformer_scripted.pt"""
General-317-20260718-15:48:02-5193,param,Florasat_Individual_Sats.terminal[48].dlk.mac.mlBox,threshold,,,0.2
General-317-20260718-15:48:02-5193,param,Florasat_Individual_Sats.terminal[48].dlk.mac.mlBox,scalerPath,,,""""""
General-317-20260718-15:48:02-5193,param,Florasat_Individual_Sats.terminal[48].dlk.mac,typename,,,"""Nodes._10_Terminal._20_Data_Link.Ter_Dlk_KiWan"""
General-317-20260718-15:48:02-5193,param,Florasat_Individual_Sats.terminal[48].dlk.mac,interfaceTableModule,,,""""""
General-317-20260718-15:48:02-5193,param,Florasat_Individual_Sats.terminal[48].dlk.mac,radioModule,,,"""^.^.phy.radio"""
General-317-20260718-15:48:02-5193,param,Florasat_Individual_Sats.terminal[48].dlk.mac,address,,,"""0A-AA-00-00-00-31"""
General-317-20260718-15:48:02-5193,attr,Florasat_Individual_Sats.terminal[48].dlk.mac,address,mutable,,
General-317-20260718-15:48:02-5193,param,Florasat_Individual_Sats.terminal[48].dlk.mac,mtu,,,1500
General-317-20260718-15:48:02-5193,param,Florasat_Individual_Sats.terminal[48].dlk.mac,ttwDuration,,,100s
General-317-20260718-15:48:02-5193,attr,Florasat_Individual_Sats.terminal[48].dlk.mac,ttwDuration,unit,s,
General-317-20260718-15:48:02-5193,param,Florasat_Individual_Sats.terminal[48].dlk.mac,ttwIdle,,,0s
General-317-20260718-15:48:02-5193,attr,Florasat_Individual_Sats.terminal[48].dlk.mac,ttwIdle,unit,s,
General-317-20260718-15:48:02-5193,param,Florasat_Individual_Sats.terminal[48].dlk.mac,ttxStart_min,,,0s
General-317-20260718-15:48:02-5193,attr,Florasat_Individual_Sats.terminal[48].dlk.mac,ttxStart_min,unit,s,
General-317-20260718-15:48:02-5193,param,Florasat_Individual_Sats.terminal[48].dlk.mac,ttxStart_max,,,1s
General-317-20260718-15:48:02-5193,attr,Florasat_Individual_Sats.terminal[48].dlk.mac,ttxStart_max,unit,s,
General-317-20260718-15:48:02-5193,param,Florasat_Individual_Sats.terminal[48].dlk.mac,ttxIdle_min,,,10s
General-317-20260718-15:48:02-5193,attr,Florasat_Individual_Sats.terminal[48].dlk.mac,ttxIdle_min,unit,s,
General-317-20260718-15:48:02-5193,param,Florasat_Individual_Sats.terminal[48].dlk.mac,ttxIdle_max,,,15s
General-317-20260718-15:48:02-5193,attr,Florasat_Individual_Sats.terminal[48].dlk.mac,ttxIdle_max,unit,s,
General-317-20260718-15:48:02-5193,param,Florasat_Individual_Sats.terminal[48].dlk.mac,Ntw,,,1
General-317-20260718-15:48:02-5193,param,Florasat_Individual_Sats.terminal[48].dlk.mac,Ntx,,,5
General-317-20260718-15:48:02-5193,param,Florasat_Individual_Sats.terminal[48].dlk.mac,enableSatDetect,,,false
General-317-20260718-15:48:02-5193,param,Florasat_Individual_Sats.terminal[48].dlk.mac,tsdStart_min,,,0s
General-317-20260718-15:48:02-5193,attr,Florasat_Individual_Sats.terminal[48].dlk.mac,tsdStart_min,unit,s,
General-317-20260718-15:48:02-5193,param,Florasat_Individual_Sats.terminal[48].dlk.mac,tsdStart_max,,,60s
General-317-20260718-15:48:02-5193,attr,Florasat_Individual_Sats.terminal[48].dlk.mac,tsdStart_max,unit,s,
General-317-20260718-15:48:02-5193,param,Florasat_Individual_Sats.terminal[48].dlk.mac,Ndetect,,,4
General-317-20260718-15:48:02-5193,param,Florasat_Individual_Sats.terminal[48].dlk.mac,NsdSync,,,2
General-317-20260718-15:48:02-5193,param,Florasat_Individual_Sats.terminal[48].dlk.mac,tsyncIdle,,,60s
General-317-20260718-15:48:02-5193,attr,Florasat_Individual_Sats.terminal[48].dlk.mac,tsyncIdle,unit,s,
General-317-20260718-15:48:02-5193,param,Florasat_Individual_Sats.terminal[48].dlk.mac,tsdIdle,,,240s
General-317-20260718-15:48:02-5193,attr,Florasat_Individual_Sats.terminal[48].dlk.mac,tsdIdle,unit,s,
General-317-20260718-15:48:02-5193,param,Florasat_Individual_Sats.terminal[48].dlk.mac,satelliteDetectionProbability,,,0.9
General-317-20260718-15:48:02-5193,param,Florasat_Individual_Sats.terminal[48].dlk.mac,minimumElevation,,,5
General-317-20260718-15:48:02-5193,param,Florasat_Individual_Sats.terminal[48].dlk.mac,detectInitialListen,,,0.33s
General-317-20260718-15:48:02-5193,attr,Florasat_Individual_Sats.terminal[48].dlk.mac,detectInitialListen,unit,s,
General-317-20260718-15:48:02-5193,param,Florasat_Individual_Sats.terminal[48].dlk.mac,detectSuccessExtraMin,,,0.075s
General-317-20260718-15:48:02-5193,attr,Florasat_Individual_Sats.terminal[48].dlk.mac,detectSuccessExtraMin,unit,s,
General-317-20260718-15:48:02-5193,param,Florasat_Individual_Sats.terminal[48].dlk.mac,detectSuccessExtraMax,,,1.67s
General-317-20260718-15:48:02-5193,attr,Florasat_Individual_Sats.terminal[48].dlk.mac,detectSuccessExtraMax,unit,s,
General-317-20260718-15:48:02-5193,param,Florasat_Individual_Sats.terminal[48].dlk.mac,detectMissExtra,,,1.67s
General-317-20260718-15:48:02-5193,attr,Florasat_Individual_Sats.terminal[48].dlk.mac,detectMissExtra,unit,s,
General-317-20260718-15:48:02-5193,param,Florasat_Individual_Sats.terminal[48].dlk.mac,LoRaSF,,,12
General-317-20260718-15:48:02-5193,param,Florasat_Individual_Sats.terminal[48].dlk.mac,LoRaTP,,,14
General-317-20260718-15:48:02-5193,param,Florasat_Individual_Sats.terminal[48].dlk.mac,LoRaCF,,,8.68e+08
General-317-20260718-15:48:02-5193,param,Florasat_Individual_Sats.terminal[48].dlk.mac,LoRaBW,,,125000
General-317-20260718-15:48:02-5193,param,Florasat_Individual_Sats.terminal[48].dlk.mac,LoRaCR,,,1
General-317-20260718-15:48:02-5193,param,Florasat_Individual_Sats.terminal[48].dlk.mac,useMLBox,,,true
General-317-20260718-15:48:02-5193,param,Florasat_Individual_Sats.terminal[48].dlk.mac,useMLBoxBiLSTM,,,false
General-317-20260718-15:48:02-5193,param,Florasat_Individual_Sats.terminal[48].dlk.mac,useAnalytical,,,false
General-317-20260718-15:48:02-5193,param,Florasat_Individual_Sats.terminal[48].dlk,typename,,,"""Nodes._10_Terminal._20_Data_Link.Ter_Dlk"""
General-317-20260718-15:48:02-5193,param,Florasat_Individual_Sats.terminal[48].net.routing,typename,,,"""Global.Base._30_Network.Ter_Null_Routing"""
General-317-20260718-15:48:02-5193,param,Florasat_Individual_Sats.terminal[48].net,typename,,,"""Nodes._10_Terminal._30_Network.Ter_Net"""
General-317-20260718-15:48:02-5193,param,Florasat_Individual_Sats.terminal[48].net,layerName,,,"""Ter_Net"""
General-317-20260718-15:48:02-5193,attr,Florasat_Individual_Sats.terminal[48].net,layerName,optional,,
General-317-20260718-15:48:02-5193,param,Florasat_Individual_Sats.terminal[48].net,routingType,,,"""Ter_Null_Routing"""
General-317-20260718-15:48:02-5193,param,Florasat_Individual_Sats.terminal[48].app,typename,,,"""Nodes._10_Terminal._40_Application.Ter_App"""
General-317-20260718-15:48:02-5193,param,Florasat_Individual_Sats.terminal[48].app,layerName,,,"""TerminalApplicationLayer"""
General-317-20260718-15:48:02-5193,attr,Florasat_Individual_Sats.terminal[48].app,layerName,optional,,
General-317-20260718-15:48:02-5193,param,Florasat_Individual_Sats.terminal[48].app,numberOfPacketsToSend,,,0
General-317-20260718-15:48:02-5193,param,Florasat_Individual_Sats.terminal[48].app,timeToFirstPacket,,,1s
General-317-20260718-15:48:02-5193,attr,Florasat_Individual_Sats.terminal[48].app,timeToFirstPacket,unit,s,
General-317-20260718-15:48:02-5193,param,Florasat_Individual_Sats.terminal[48].app,timeToNextPacket,,,115s
General-317-20260718-15:48:02-5193,attr,Florasat_Individual_Sats.terminal[48].app,timeToNextPacket,unit,s,
General-317-20260718-15:48:02-5193,param,Florasat_Individual_Sats.terminal[48].app,timeToResponse,,,30s
General-317-20260718-15:48:02-5193,attr,Florasat_Individual_Sats.terminal[48].app,timeToResponse,unit,s,
General-317-20260718-15:48:02-5193,param,Florasat_Individual_Sats.terminal[48].app,timeToRetry,,,10s
General-317-20260718-15:48:02-5193,attr,Florasat_Individual_Sats.terminal[48].app,timeToRetry,unit,s,
General-317-20260718-15:48:02-5193,param,Florasat_Individual_Sats.terminal[48].app,ackTimeout,,,7s
General-317-20260718-15:48:02-5193,attr,Florasat_Individual_Sats.terminal[48].app,ackTimeout,unit,s,
General-317-20260718-15:48:02-5193,param,Florasat_Individual_Sats.terminal[48].app,timer,,,1s
General-317-20260718-15:48:02-5193,attr,Florasat_Individual_Sats.terminal[48].app,timer,unit,s,
General-317-20260718-15:48:02-5193,param,Florasat_Individual_Sats.terminal[48].app,initialLoRaTP,,,14dBm
General-317-20260718-15:48:02-5193,attr,Florasat_Individual_Sats.terminal[48].app,initialLoRaTP,unit,dBm,
General-317-20260718-15:48:02-5193,param,Florasat_Individual_Sats.terminal[48].app,initialLoRaCF,,,8.68e+08Hz
General-317-20260718-15:48:02-5193,attr,Florasat_Individual_Sats.terminal[48].app,initialLoRaCF,unit,Hz,
General-317-20260718-15:48:02-5193,param,Florasat_Individual_Sats.terminal[48].app,initialLoRaSF,,,12
General-317-20260718-15:48:02-5193,param,Florasat_Individual_Sats.terminal[48].app,initialLoRaBW,,,125000Hz
General-317-20260718-15:48:02-5193,attr,Florasat_Individual_Sats.terminal[48].app,initialLoRaBW,unit,Hz,
General-317-20260718-15:48:02-5193,param,Florasat_Individual_Sats.terminal[48].app,initialLoRaCR,,,4
General-317-20260718-15:48:02-5193,param,Florasat_Individual_Sats.terminal[48].app,initialUseHeader,,,true
General-317-20260718-15:48:02-5193,param,Florasat_Individual_Sats.terminal[48].app,initialPingSlot,,,1
General-317-20260718-15:48:02-5193,param,Florasat_Individual_Sats.terminal[48].app,InitClassA,,,true
General-317-20260718-15:48:02-5193,param,Florasat_Individual_Sats.terminal[48].app,InitClassB,,,false
General-317-20260718-15:48:02-5193,param,Florasat_Individual_Sats.terminal[48].app,evaluateADRinNode,,,false
General-317-20260718-15:48:02-5193,param,Florasat_Individual_Sats.terminal[48].app,payloadSize,,,10B
General-317-20260718-15:48:02-5193,attr,Florasat_Individual_Sats.terminal[48].app,payloadSize,unit,B,
General-317-20260718-15:48:02-5193,param,Florasat_Individual_Sats.terminal[48].app,usingAck,,,true
General-317-20260718-15:48:02-5193,param,Florasat_Individual_Sats.terminal[48].app,numGroundLinks,,,40
General-317-20260718-15:48:02-5193,param,Florasat_Individual_Sats.terminal[48].app,maxHops,,,50
General-317-20260718-15:48:02-5193,param,Florasat_Individual_Sats.terminal[48].app,nroMaxAttempts,,,0
General-317-20260718-15:48:02-5193,param,Florasat_Individual_Sats.terminal[48].eng,typename,,,"""Nodes._10_Terminal._50_Energy.Ter_Ene"""
General-317-20260718-15:48:02-5193,param,Florasat_Individual_Sats.terminal[48].mob,typename,,,"""Nodes._10_Terminal._60_Mobility.Ter_Mob"""
General-317-20260718-15:48:02-5193,param,Florasat_Individual_Sats.terminal[48].mob,subjectModule,,,"""^"""
General-317-20260718-15:48:02-5193,param,Florasat_Individual_Sats.terminal[48].mob,coordinateSystemModule,,,""""""
General-317-20260718-15:48:02-5193,param,Florasat_Individual_Sats.terminal[48].mob,displayStringTextFormat,,,"""p: %p\nv: %v"""
General-317-20260718-15:48:02-5193,attr,Florasat_Individual_Sats.terminal[48].mob,displayStringTextFormat,mutable,,
General-317-20260718-15:48:02-5193,param,Florasat_Individual_Sats.terminal[48].mob,updateDisplayString,,,true
General-317-20260718-15:48:02-5193,param,Florasat_Individual_Sats.terminal[48].mob,constraintAreaMinX,,,-inf m
General-317-20260718-15:48:02-5193,attr,Florasat_Individual_Sats.terminal[48].mob,constraintAreaMinX,unit,m,
General-317-20260718-15:48:02-5193,param,Florasat_Individual_Sats.terminal[48].mob,constraintAreaMinY,,,-inf m
General-317-20260718-15:48:02-5193,attr,Florasat_Individual_Sats.terminal[48].mob,constraintAreaMinY,unit,m,
General-317-20260718-15:48:02-5193,param,Florasat_Individual_Sats.terminal[48].mob,constraintAreaMinZ,,,-inf m
General-317-20260718-15:48:02-5193,attr,Florasat_Individual_Sats.terminal[48].mob,constraintAreaMinZ,unit,m,
General-317-20260718-15:48:02-5193,param,Florasat_Individual_Sats.terminal[48].mob,constraintAreaMaxX,,,inf m
General-317-20260718-15:48:02-5193,attr,Florasat_Individual_Sats.terminal[48].mob,constraintAreaMaxX,unit,m,
General-317-20260718-15:48:02-5193,param,Florasat_Individual_Sats.terminal[48].mob,constraintAreaMaxY,,,inf m
General-317-20260718-15:48:02-5193,attr,Florasat_Individual_Sats.terminal[48].mob,constraintAreaMaxY,unit,m,
General-317-20260718-15:48:02-5193,param,Florasat_Individual_Sats.terminal[48].mob,constraintAreaMaxZ,,,inf m
General-317-20260718-15:48:02-5193,attr,Florasat_Individual_Sats.terminal[48].mob,constraintAreaMaxZ,unit,m,
General-317-20260718-15:48:02-5193,param,Florasat_Individual_Sats.terminal[48].mob,initialX,,,nan m
General-317-20260718-15:48:02-5193,attr,Florasat_Individual_Sats.terminal[48].mob,initialX,unit,m,
General-317-20260718-15:48:02-5193,param,Florasat_Individual_Sats.terminal[48].mob,initialY,,,nan m
General-317-20260718-15:48:02-5193,attr,Florasat_Individual_Sats.terminal[48].mob,initialY,unit,m,
General-317-20260718-15:48:02-5193,param,Florasat_Individual_Sats.terminal[48].mob,initialZ,,,0m
General-317-20260718-15:48:02-5193,attr,Florasat_Individual_Sats.terminal[48].mob,initialZ,unit,m,
General-317-20260718-15:48:02-5193,param,Florasat_Individual_Sats.terminal[48].mob,initialLatitude,,,nan deg
General-317-20260718-15:48:02-5193,attr,Florasat_Individual_Sats.terminal[48].mob,initialLatitude,unit,deg,
General-317-20260718-15:48:02-5193,param,Florasat_Individual_Sats.terminal[48].mob,initialLongitude,,,nan deg
General-317-20260718-15:48:02-5193,attr,Florasat_Individual_Sats.terminal[48].mob,initialLongitude,unit,deg,
General-317-20260718-15:48:02-5193,param,Florasat_Individual_Sats.terminal[48].mob,initialAltitude,,,0m
General-317-20260718-15:48:02-5193,attr,Florasat_Individual_Sats.terminal[48].mob,initialAltitude,unit,m,
General-317-20260718-15:48:02-5193,param,Florasat_Individual_Sats.terminal[48].mob,initialHeading,,,0deg
General-317-20260718-15:48:02-5193,attr,Florasat_Individual_Sats.terminal[48].mob,initialHeading,unit,deg,
General-317-20260718-15:48:02-5193,param,Florasat_Individual_Sats.terminal[48].mob,initialElevation,,,0deg
General-317-20260718-15:48:02-5193,attr,Florasat_Individual_Sats.terminal[48].mob,initialElevation,unit,deg,
General-317-20260718-15:48:02-5193,param,Florasat_Individual_Sats.terminal[48].mob,initialBank,,,0deg
General-317-20260718-15:48:02-5193,attr,Florasat_Individual_Sats.terminal[48].mob,initialBank,unit,deg,
General-317-20260718-15:48:02-5193,param,Florasat_Individual_Sats.terminal[48].mob,initFromDisplayString,,,false
General-317-20260718-15:48:02-5193,param,Florasat_Individual_Sats.terminal[48].mob,updateFromDisplayString,,,false
General-317-20260718-15:48:02-5193,param,Florasat_Individual_Sats.terminal[48].mob,centerLatitude,,,56.949
General-317-20260718-15:48:02-5193,param,Florasat_Individual_Sats.terminal[48].mob,centerLongitude,,,24.105
General-317-20260718-15:48:02-5193,param,Florasat_Individual_Sats.terminal[48].mob,deploymentRadius,,,200
General-317-20260718-15:48:02-5193,param,Florasat_Individual_Sats.terminal[48],typename,,,"""Nodes._10_Terminal.Terminal"""
General-317-20260718-15:48:02-5193,param,Florasat_Individual_Sats.terminal[48],layerName,,,"""Terminal"""
General-317-20260718-15:48:02-5193,attr,Florasat_Individual_Sats.terminal[48],layerName,optional,,
General-317-20260718-15:48:02-5193,param,Florasat_Individual_Sats.terminal[48],sendData,,,true
General-317-20260718-15:48:02-5193,attr,Florasat_Individual_Sats.terminal[48],sendData,mutable,,
General-317-20260718-15:48:02-5193,param,Florasat_Individual_Sats.terminal[48],dstGsOrDev,,,0
General-317-20260718-15:48:02-5193,param,Florasat_Individual_Sats.terminal[49].phy.radio.antenna,typename,,,"""inet.physicallayer.wireless.common.antenna.IsotropicAntenna"""
General-317-20260718-15:48:02-5193,param,Florasat_Individual_Sats.terminal[49].phy.radio.antenna,mobilityModule,,,"""^.^.^.mob"""
General-317-20260718-15:48:02-5193,param,Florasat_Individual_Sats.terminal[49].phy.radio.antenna,numAntennas,,,1
General-317-20260718-15:48:02-5193,param,Florasat_Individual_Sats.terminal[49].phy.radio.transmitter,typename,,,"""Global.Transceiver.LoRaTransmitter"""
General-317-20260718-15:48:02-5193,param,Florasat_Individual_Sats.terminal[49].phy.radio.transmitter,preambleDuration,,,0.001s
General-317-20260718-15:48:02-5193,attr,Florasat_Individual_Sats.terminal[49].phy.radio.transmitter,preambleDuration,unit,s,
General-317-20260718-15:48:02-5193,param,Florasat_Individual_Sats.terminal[49].phy.radio.transmitter,headerLength,,,40b
General-317-20260718-15:48:02-5193,attr,Florasat_Individual_Sats.terminal[49].phy.radio.transmitter,headerLength,unit,b,
General-317-20260718-15:48:02-5193,param,Florasat_Individual_Sats.terminal[49].phy.radio.transmitter,bitrate,,,250000bps
General-317-20260718-15:48:02-5193,attr,Florasat_Individual_Sats.terminal[49].phy.radio.transmitter,bitrate,unit,bps,
General-317-20260718-15:48:02-5193,param,Florasat_Individual_Sats.terminal[49].phy.radio.transmitter,power,,,0.025118W
General-317-20260718-15:48:02-5193,attr,Florasat_Individual_Sats.terminal[49].phy.radio.transmitter,power,unit,W,
General-317-20260718-15:48:02-5193,param,Florasat_Individual_Sats.terminal[49].phy.radio.transmitter,centerFrequency,,,8.68e+08Hz
General-317-20260718-15:48:02-5193,attr,Florasat_Individual_Sats.terminal[49].phy.radio.transmitter,centerFrequency,unit,Hz,
General-317-20260718-15:48:02-5193,param,Florasat_Individual_Sats.terminal[49].phy.radio.transmitter,bandwidth,,,250000Hz
General-317-20260718-15:48:02-5193,attr,Florasat_Individual_Sats.terminal[49].phy.radio.transmitter,bandwidth,unit,Hz,
General-317-20260718-15:48:02-5193,param,Florasat_Individual_Sats.terminal[49].phy.radio.transmitter,codeRate,,,1
General-317-20260718-15:48:02-5193,param,Florasat_Individual_Sats.terminal[49].phy.radio.transmitter,modulation,,,"""LoRaModulation"""
General-317-20260718-15:48:02-5193,param,Florasat_Individual_Sats.terminal[49].phy.radio.receiver,typename,,,"""Global.Transceiver.LoRaReceiver"""
General-317-20260718-15:48:02-5193,param,Florasat_Individual_Sats.terminal[49].phy.radio.receiver,energyDetection,,,-90dBm
General-317-20260718-15:48:02-5193,attr,Florasat_Individual_Sats.terminal[49].phy.radio.receiver,energyDetection,unit,dBm,
General-317-20260718-15:48:02-5193,param,Florasat_Individual_Sats.terminal[49].phy.radio.receiver,sensitivity,,,-137dBm
General-317-20260718-15:48:02-5193,attr,Florasat_Individual_Sats.terminal[49].phy.radio.receiver,sensitivity,unit,dBm,
General-317-20260718-15:48:02-5193,param,Florasat_Individual_Sats.terminal[49].phy.radio.receiver,snirThreshold,,,-8dB
General-317-20260718-15:48:02-5193,attr,Florasat_Individual_Sats.terminal[49].phy.radio.receiver,snirThreshold,unit,dB,
General-317-20260718-15:48:02-5193,param,Florasat_Individual_Sats.terminal[49].phy.radio.receiver,centerFrequency,,,8.68e+08Hz
General-317-20260718-15:48:02-5193,attr,Florasat_Individual_Sats.terminal[49].phy.radio.receiver,centerFrequency,unit,Hz,
General-317-20260718-15:48:02-5193,param,Florasat_Individual_Sats.terminal[49].phy.radio.receiver,bandwidth,,,250000Hz
General-317-20260718-15:48:02-5193,attr,Florasat_Individual_Sats.terminal[49].phy.radio.receiver,bandwidth,unit,Hz,
General-317-20260718-15:48:02-5193,param,Florasat_Individual_Sats.terminal[49].phy.radio.receiver,alohaChannelModel,,,false
General-317-20260718-15:48:02-5193,param,Florasat_Individual_Sats.terminal[49].phy.radio.receiver,errorModelType,,,""""""
General-317-20260718-15:48:02-5193,param,Florasat_Individual_Sats.terminal[49].phy.radio.receiver,ignoreInterference,,,false
General-317-20260718-15:48:02-5193,param,Florasat_Individual_Sats.terminal[49].phy.radio.receiver,enableCollisionOverlap,,,false
General-317-20260718-15:48:02-5193,param,Florasat_Individual_Sats.terminal[49].phy.radio.receiver,minCollisionOverlap,,,0s
General-317-20260718-15:48:02-5193,attr,Florasat_Individual_Sats.terminal[49].phy.radio.receiver,minCollisionOverlap,unit,s,
General-317-20260718-15:48:02-5193,param,Florasat_Individual_Sats.terminal[49].phy.radio.IdealEpEnergyStorage,typename,,,"""inet.power.storage.IdealEpEnergyStorage"""
General-317-20260718-15:48:02-5193,param,Florasat_Individual_Sats.terminal[49].phy.radio,typename,,,"""Nodes._10_Terminal._10_Physical.Ter_Phy_LoRaRadio"""
General-317-20260718-15:48:02-5193,param,Florasat_Individual_Sats.terminal[49].phy.radio,radioMediumModule,,,"""radioMedium"""
General-317-20260718-15:48:02-5193,param,Florasat_Individual_Sats.terminal[49].phy.radio,energySourceModule,,,""""""
General-317-20260718-15:48:02-5193,param,Florasat_Individual_Sats.terminal[49].phy.radio,initialRadioMode,,,"""off"""
General-317-20260718-15:48:02-5193,attr,Florasat_Individual_Sats.terminal[49].phy.radio,initialRadioMode,enum,"off,sleep,receiver,transmitter,transceiver",
General-317-20260718-15:48:02-5193,param,Florasat_Individual_Sats.terminal[49].phy.radio,switchingTimes,,,"""ms 0 0 0 0 0 0 0 0 0 0 0 0 0 0 0 0 0 0 0 0 0 0 0 0 0"""
General-317-20260718-15:48:02-5193,param,Florasat_Individual_Sats.terminal[49].phy.radio,sendRawBytes,,,false
General-317-20260718-15:48:02-5193,param,Florasat_Individual_Sats.terminal[49].phy.radio,separateTransmissionParts,,,false
General-317-20260718-15:48:02-5193,param,Florasat_Individual_Sats.terminal[49].phy.radio,separateReceptionParts,,,false
General-317-20260718-15:48:02-5193,param,Florasat_Individual_Sats.terminal[49].phy.radio,displayCommunicationRange,,,false
General-317-20260718-15:48:02-5193,param,Florasat_Individual_Sats.terminal[49].phy.radio,displayInterferenceRange,,,false
General-317-20260718-15:48:02-5193,param,Florasat_Individual_Sats.terminal[49].phy.radio,centerFrequency,,,8.68e+08Hz
General-317-20260718-15:48:02-5193,attr,Florasat_Individual_Sats.terminal[49].phy.radio,centerFrequency,unit,Hz,
General-317-20260718-15:48:02-5193,param,Florasat_Individual_Sats.terminal[49].phy.radio,bandwidth,,,250000Hz
General-317-20260718-15:48:02-5193,attr,Florasat_Individual_Sats.terminal[49].phy.radio,bandwidth,unit,Hz,
General-317-20260718-15:48:02-5193,param,Florasat_Individual_Sats.terminal[49].phy.radio,iAmGateway,,,false
General-317-20260718-15:48:02-5193,param,Florasat_Individual_Sats.terminal[49].phy,typename,,,"""Nodes._10_Terminal._10_Physical.Ter_Phy"""
General-317-20260718-15:48:02-5193,param,Florasat_Individual_Sats.terminal[49].phy,layerName,,,"""Ter_Phy"""
General-317-20260718-15:48:02-5193,attr,Florasat_Individual_Sats.terminal[49].phy,layerName,optional,,
General-317-20260718-15:48:02-5193,param,Florasat_Individual_Sats.terminal[49].dlk.mac.queue,typename,,,"""inet.queueing.queue.DropTailQueue"""
General-317-20260718-15:48:02-5193,param,Florasat_Individual_Sats.terminal[49].dlk.mac.queue,displayStringTextFormat,,,"""contains %p pk (%l) pushed %u\npulled %o removed %r dropped %d"""
General-317-20260718-15:48:02-5193,param,Florasat_Individual_Sats.terminal[49].dlk.mac.queue,packetCapacity,,,-1
General-317-20260718-15:48:02-5193,param,Florasat_Individual_Sats.terminal[49].dlk.mac.queue,dataCapacity,,,-1b
General-317-20260718-15:48:02-5193,attr,Florasat_Individual_Sats.terminal[49].dlk.mac.queue,dataCapacity,unit,b,
General-317-20260718-15:48:02-5193,param,Florasat_Individual_Sats.terminal[49].dlk.mac.queue,dropperClass,,,"""inet::queueing::PacketAtCollectionEndDropper"""
General-317-20260718-15:48:02-5193,param,Florasat_Individual_Sats.terminal[49].dlk.mac.queue,comparatorClass,,,""""""
General-317-20260718-15:48:02-5193,param,Florasat_Individual_Sats.terminal[49].dlk.mac.queue,bufferModule,,,""""""
General-317-20260718-15:48:02-5193,param,Florasat_Individual_Sats.terminal[49].dlk.mac.mlBox,typename,,,"""Nodes._10_Terminal._20_Data_Link.Transmission_Predictor.Transmission_Predictor"""
General-317-20260718-15:48:02-5193,param,Florasat_Individual_Sats.terminal[49].dlk.mac.mlBox,modelPath,,,"""/home/ylnner/Documents/omnet++/omnetpp-6.3.0/projects/florasat_v4_ult_routing/simulations/Test_Individual/mlmodels/transformer_scripted.pt"""
General-317-20260718-15:48:02-5193,param,Florasat_Individual_Sats.terminal[49].dlk.mac.mlBox,threshold,,,0.2
General-317-20260718-15:48:02-5193,param,Florasat_Individual_Sats.terminal[49].dlk.mac.mlBox,scalerPath,,,""""""
General-317-20260718-15:48:02-5193,param,Florasat_Individual_Sats.terminal[49].dlk.mac,typename,,,"""Nodes._10_Terminal._20_Data_Link.Ter_Dlk_KiWan"""
General-317-20260718-15:48:02-5193,param,Florasat_Individual_Sats.terminal[49].dlk.mac,interfaceTableModule,,,""""""
General-317-20260718-15:48:02-5193,param,Florasat_Individual_Sats.terminal[49].dlk.mac,radioModule,,,"""^.^.phy.radio"""
General-317-20260718-15:48:02-5193,param,Florasat_Individual_Sats.terminal[49].dlk.mac,address,,,"""0A-AA-00-00-00-32"""
General-317-20260718-15:48:02-5193,attr,Florasat_Individual_Sats.terminal[49].dlk.mac,address,mutable,,
General-317-20260718-15:48:02-5193,param,Florasat_Individual_Sats.terminal[49].dlk.mac,mtu,,,1500
General-317-20260718-15:48:02-5193,param,Florasat_Individual_Sats.terminal[49].dlk.mac,ttwDuration,,,100s
General-317-20260718-15:48:02-5193,attr,Florasat_Individual_Sats.terminal[49].dlk.mac,ttwDuration,unit,s,
General-317-20260718-15:48:02-5193,param,Florasat_Individual_Sats.terminal[49].dlk.mac,ttwIdle,,,0s
General-317-20260718-15:48:02-5193,attr,Florasat_Individual_Sats.terminal[49].dlk.mac,ttwIdle,unit,s,
General-317-20260718-15:48:02-5193,param,Florasat_Individual_Sats.terminal[49].dlk.mac,ttxStart_min,,,0s
General-317-20260718-15:48:02-5193,attr,Florasat_Individual_Sats.terminal[49].dlk.mac,ttxStart_min,unit,s,
General-317-20260718-15:48:02-5193,param,Florasat_Individual_Sats.terminal[49].dlk.mac,ttxStart_max,,,1s
General-317-20260718-15:48:02-5193,attr,Florasat_Individual_Sats.terminal[49].dlk.mac,ttxStart_max,unit,s,
General-317-20260718-15:48:02-5193,param,Florasat_Individual_Sats.terminal[49].dlk.mac,ttxIdle_min,,,10s
General-317-20260718-15:48:02-5193,attr,Florasat_Individual_Sats.terminal[49].dlk.mac,ttxIdle_min,unit,s,
General-317-20260718-15:48:02-5193,param,Florasat_Individual_Sats.terminal[49].dlk.mac,ttxIdle_max,,,15s
General-317-20260718-15:48:02-5193,attr,Florasat_Individual_Sats.terminal[49].dlk.mac,ttxIdle_max,unit,s,
General-317-20260718-15:48:02-5193,param,Florasat_Individual_Sats.terminal[49].dlk.mac,Ntw,,,1
General-317-20260718-15:48:02-5193,param,Florasat_Individual_Sats.terminal[49].dlk.mac,Ntx,,,5
General-317-20260718-15:48:02-5193,param,Florasat_Individual_Sats.terminal[49].dlk.mac,enableSatDetect,,,false
General-317-20260718-15:48:02-5193,param,Florasat_Individual_Sats.terminal[49].dlk.mac,tsdStart_min,,,0s
General-317-20260718-15:48:02-5193,attr,Florasat_Individual_Sats.terminal[49].dlk.mac,tsdStart_min,unit,s,
General-317-20260718-15:48:02-5193,param,Florasat_Individual_Sats.terminal[49].dlk.mac,tsdStart_max,,,60s
General-317-20260718-15:48:02-5193,attr,Florasat_Individual_Sats.terminal[49].dlk.mac,tsdStart_max,unit,s,
General-317-20260718-15:48:02-5193,param,Florasat_Individual_Sats.terminal[49].dlk.mac,Ndetect,,,4
General-317-20260718-15:48:02-5193,param,Florasat_Individual_Sats.terminal[49].dlk.mac,NsdSync,,,2
General-317-20260718-15:48:02-5193,param,Florasat_Individual_Sats.terminal[49].dlk.mac,tsyncIdle,,,60s
General-317-20260718-15:48:02-5193,attr,Florasat_Individual_Sats.terminal[49].dlk.mac,tsyncIdle,unit,s,
General-317-20260718-15:48:02-5193,param,Florasat_Individual_Sats.terminal[49].dlk.mac,tsdIdle,,,240s
General-317-20260718-15:48:02-5193,attr,Florasat_Individual_Sats.terminal[49].dlk.mac,tsdIdle,unit,s,
General-317-20260718-15:48:02-5193,param,Florasat_Individual_Sats.terminal[49].dlk.mac,satelliteDetectionProbability,,,0.9
General-317-20260718-15:48:02-5193,param,Florasat_Individual_Sats.terminal[49].dlk.mac,minimumElevation,,,5
General-317-20260718-15:48:02-5193,param,Florasat_Individual_Sats.terminal[49].dlk.mac,detectInitialListen,,,0.33s
General-317-20260718-15:48:02-5193,attr,Florasat_Individual_Sats.terminal[49].dlk.mac,detectInitialListen,unit,s,
General-317-20260718-15:48:02-5193,param,Florasat_Individual_Sats.terminal[49].dlk.mac,detectSuccessExtraMin,,,0.075s
General-317-20260718-15:48:02-5193,attr,Florasat_Individual_Sats.terminal[49].dlk.mac,detectSuccessExtraMin,unit,s,
General-317-20260718-15:48:02-5193,param,Florasat_Individual_Sats.terminal[49].dlk.mac,detectSuccessExtraMax,,,1.67s
General-317-20260718-15:48:02-5193,attr,Florasat_Individual_Sats.terminal[49].dlk.mac,detectSuccessExtraMax,unit,s,
General-317-20260718-15:48:02-5193,param,Florasat_Individual_Sats.terminal[49].dlk.mac,detectMissExtra,,,1.67s
General-317-20260718-15:48:02-5193,attr,Florasat_Individual_Sats.terminal[49].dlk.mac,detectMissExtra,unit,s,
General-317-20260718-15:48:02-5193,param,Florasat_Individual_Sats.terminal[49].dlk.mac,LoRaSF,,,11
General-317-20260718-15:48:02-5193,param,Florasat_Individual_Sats.terminal[49].dlk.mac,LoRaTP,,,13
General-317-20260718-15:48:02-5193,param,Florasat_Individual_Sats.terminal[49].dlk.mac,LoRaCF,,,8.68e+08
General-317-20260718-15:48:02-5193,param,Florasat_Individual_Sats.terminal[49].dlk.mac,LoRaBW,,,125000
General-317-20260718-15:48:02-5193,param,Florasat_Individual_Sats.terminal[49].dlk.mac,LoRaCR,,,1
General-317-20260718-15:48:02-5193,param,Florasat_Individual_Sats.terminal[49].dlk.mac,useMLBox,,,true
General-317-20260718-15:48:02-5193,param,Florasat_Individual_Sats.terminal[49].dlk.mac,useMLBoxBiLSTM,,,false
General-317-20260718-15:48:02-5193,param,Florasat_Individual_Sats.terminal[49].dlk.mac,useAnalytical,,,false
General-317-20260718-15:48:02-5193,param,Florasat_Individual_Sats.terminal[49].dlk,typename,,,"""Nodes._10_Terminal._20_Data_Link.Ter_Dlk"""
General-317-20260718-15:48:02-5193,param,Florasat_Individual_Sats.terminal[49].net.routing,typename,,,"""Global.Base._30_Network.Ter_Null_Routing"""
General-317-20260718-15:48:02-5193,param,Florasat_Individual_Sats.terminal[49].net,typename,,,"""Nodes._10_Terminal._30_Network.Ter_Net"""
General-317-20260718-15:48:02-5193,param,Florasat_Individual_Sats.terminal[49].net,layerName,,,"""Ter_Net"""
General-317-20260718-15:48:02-5193,attr,Florasat_Individual_Sats.terminal[49].net,layerName,optional,,
General-317-20260718-15:48:02-5193,param,Florasat_Individual_Sats.terminal[49].net,routingType,,,"""Ter_Null_Routing"""
General-317-20260718-15:48:02-5193,param,Florasat_Individual_Sats.terminal[49].app,typename,,,"""Nodes._10_Terminal._40_Application.Ter_App"""
General-317-20260718-15:48:02-5193,param,Florasat_Individual_Sats.terminal[49].app,layerName,,,"""TerminalApplicationLayer"""
General-317-20260718-15:48:02-5193,attr,Florasat_Individual_Sats.terminal[49].app,layerName,optional,,
General-317-20260718-15:48:02-5193,param,Florasat_Individual_Sats.terminal[49].app,numberOfPacketsToSend,,,0
General-317-20260718-15:48:02-5193,param,Florasat_Individual_Sats.terminal[49].app,timeToFirstPacket,,,1s
General-317-20260718-15:48:02-5193,attr,Florasat_Individual_Sats.terminal[49].app,timeToFirstPacket,unit,s,
General-317-20260718-15:48:02-5193,param,Florasat_Individual_Sats.terminal[49].app,timeToNextPacket,,,115s
General-317-20260718-15:48:02-5193,attr,Florasat_Individual_Sats.terminal[49].app,timeToNextPacket,unit,s,
General-317-20260718-15:48:02-5193,param,Florasat_Individual_Sats.terminal[49].app,timeToResponse,,,30s
General-317-20260718-15:48:02-5193,attr,Florasat_Individual_Sats.terminal[49].app,timeToResponse,unit,s,
General-317-20260718-15:48:02-5193,param,Florasat_Individual_Sats.terminal[49].app,timeToRetry,,,10s
General-317-20260718-15:48:02-5193,attr,Florasat_Individual_Sats.terminal[49].app,timeToRetry,unit,s,
General-317-20260718-15:48:02-5193,param,Florasat_Individual_Sats.terminal[49].app,ackTimeout,,,7s
General-317-20260718-15:48:02-5193,attr,Florasat_Individual_Sats.terminal[49].app,ackTimeout,unit,s,
General-317-20260718-15:48:02-5193,param,Florasat_Individual_Sats.terminal[49].app,timer,,,1s
General-317-20260718-15:48:02-5193,attr,Florasat_Individual_Sats.terminal[49].app,timer,unit,s,
General-317-20260718-15:48:02-5193,param,Florasat_Individual_Sats.terminal[49].app,initialLoRaTP,,,14dBm
General-317-20260718-15:48:02-5193,attr,Florasat_Individual_Sats.terminal[49].app,initialLoRaTP,unit,dBm,
General-317-20260718-15:48:02-5193,param,Florasat_Individual_Sats.terminal[49].app,initialLoRaCF,,,8.68e+08Hz
General-317-20260718-15:48:02-5193,attr,Florasat_Individual_Sats.terminal[49].app,initialLoRaCF,unit,Hz,
General-317-20260718-15:48:02-5193,param,Florasat_Individual_Sats.terminal[49].app,initialLoRaSF,,,12
General-317-20260718-15:48:02-5193,param,Florasat_Individual_Sats.terminal[49].app,initialLoRaBW,,,125000Hz
General-317-20260718-15:48:02-5193,attr,Florasat_Individual_Sats.terminal[49].app,initialLoRaBW,unit,Hz,
General-317-20260718-15:48:02-5193,param,Florasat_Individual_Sats.terminal[49].app,initialLoRaCR,,,4
General-317-20260718-15:48:02-5193,param,Florasat_Individual_Sats.terminal[49].app,initialUseHeader,,,true
General-317-20260718-15:48:02-5193,param,Florasat_Individual_Sats.terminal[49].app,initialPingSlot,,,1
General-317-20260718-15:48:02-5193,param,Florasat_Individual_Sats.terminal[49].app,InitClassA,,,true
General-317-20260718-15:48:02-5193,param,Florasat_Individual_Sats.terminal[49].app,InitClassB,,,false
General-317-20260718-15:48:02-5193,param,Florasat_Individual_Sats.terminal[49].app,evaluateADRinNode,,,false
General-317-20260718-15:48:02-5193,param,Florasat_Individual_Sats.terminal[49].app,payloadSize,,,10B
General-317-20260718-15:48:02-5193,attr,Florasat_Individual_Sats.terminal[49].app,payloadSize,unit,B,
General-317-20260718-15:48:02-5193,param,Florasat_Individual_Sats.terminal[49].app,usingAck,,,true
General-317-20260718-15:48:02-5193,param,Florasat_Individual_Sats.terminal[49].app,numGroundLinks,,,40
General-317-20260718-15:48:02-5193,param,Florasat_Individual_Sats.terminal[49].app,maxHops,,,50
General-317-20260718-15:48:02-5193,param,Florasat_Individual_Sats.terminal[49].app,nroMaxAttempts,,,0
General-317-20260718-15:48:02-5193,param,Florasat_Individual_Sats.terminal[49].eng,typename,,,"""Nodes._10_Terminal._50_Energy.Ter_Ene"""
General-317-20260718-15:48:02-5193,param,Florasat_Individual_Sats.terminal[49].mob,typename,,,"""Nodes._10_Terminal._60_Mobility.Ter_Mob"""
General-317-20260718-15:48:02-5193,param,Florasat_Individual_Sats.terminal[49].mob,subjectModule,,,"""^"""
General-317-20260718-15:48:02-5193,param,Florasat_Individual_Sats.terminal[49].mob,coordinateSystemModule,,,""""""
General-317-20260718-15:48:02-5193,param,Florasat_Individual_Sats.terminal[49].mob,displayStringTextFormat,,,"""p: %p\nv: %v"""
General-317-20260718-15:48:02-5193,attr,Florasat_Individual_Sats.terminal[49].mob,displayStringTextFormat,mutable,,
General-317-20260718-15:48:02-5193,param,Florasat_Individual_Sats.terminal[49].mob,updateDisplayString,,,true
General-317-20260718-15:48:02-5193,param,Florasat_Individual_Sats.terminal[49].mob,constraintAreaMinX,,,-inf m
General-317-20260718-15:48:02-5193,attr,Florasat_Individual_Sats.terminal[49].mob,constraintAreaMinX,unit,m,
General-317-20260718-15:48:02-5193,param,Florasat_Individual_Sats.terminal[49].mob,constraintAreaMinY,,,-inf m
General-317-20260718-15:48:02-5193,attr,Florasat_Individual_Sats.terminal[49].mob,constraintAreaMinY,unit,m,
General-317-20260718-15:48:02-5193,param,Florasat_Individual_Sats.terminal[49].mob,constraintAreaMinZ,,,-inf m
General-317-20260718-15:48:02-5193,attr,Florasat_Individual_Sats.terminal[49].mob,constraintAreaMinZ,unit,m,
General-317-20260718-15:48:02-5193,param,Florasat_Individual_Sats.terminal[49].mob,constraintAreaMaxX,,,inf m
General-317-20260718-15:48:02-5193,attr,Florasat_Individual_Sats.terminal[49].mob,constraintAreaMaxX,unit,m,
General-317-20260718-15:48:02-5193,param,Florasat_Individual_Sats.terminal[49].mob,constraintAreaMaxY,,,inf m
General-317-20260718-15:48:02-5193,attr,Florasat_Individual_Sats.terminal[49].mob,constraintAreaMaxY,unit,m,
General-317-20260718-15:48:02-5193,param,Florasat_Individual_Sats.terminal[49].mob,constraintAreaMaxZ,,,inf m
General-317-20260718-15:48:02-5193,attr,Florasat_Individual_Sats.terminal[49].mob,constraintAreaMaxZ,unit,m,
General-317-20260718-15:48:02-5193,param,Florasat_Individual_Sats.terminal[49].mob,initialX,,,nan m
General-317-20260718-15:48:02-5193,attr,Florasat_Individual_Sats.terminal[49].mob,initialX,unit,m,
General-317-20260718-15:48:02-5193,param,Florasat_Individual_Sats.terminal[49].mob,initialY,,,nan m
General-317-20260718-15:48:02-5193,attr,Florasat_Individual_Sats.terminal[49].mob,initialY,unit,m,
General-317-20260718-15:48:02-5193,param,Florasat_Individual_Sats.terminal[49].mob,initialZ,,,0m
General-317-20260718-15:48:02-5193,attr,Florasat_Individual_Sats.terminal[49].mob,initialZ,unit,m,
General-317-20260718-15:48:02-5193,param,Florasat_Individual_Sats.terminal[49].mob,initialLatitude,,,nan deg
General-317-20260718-15:48:02-5193,attr,Florasat_Individual_Sats.terminal[49].mob,initialLatitude,unit,deg,
General-317-20260718-15:48:02-5193,param,Florasat_Individual_Sats.terminal[49].mob,initialLongitude,,,nan deg
General-317-20260718-15:48:02-5193,attr,Florasat_Individual_Sats.terminal[49].mob,initialLongitude,unit,deg,
General-317-20260718-15:48:02-5193,param,Florasat_Individual_Sats.terminal[49].mob,initialAltitude,,,0m
General-317-20260718-15:48:02-5193,attr,Florasat_Individual_Sats.terminal[49].mob,initialAltitude,unit,m,
General-317-20260718-15:48:02-5193,param,Florasat_Individual_Sats.terminal[49].mob,initialHeading,,,0deg
General-317-20260718-15:48:02-5193,attr,Florasat_Individual_Sats.terminal[49].mob,initialHeading,unit,deg,
General-317-20260718-15:48:02-5193,param,Florasat_Individual_Sats.terminal[49].mob,initialElevation,,,0deg
General-317-20260718-15:48:02-5193,attr,Florasat_Individual_Sats.terminal[49].mob,initialElevation,unit,deg,
General-317-20260718-15:48:02-5193,param,Florasat_Individual_Sats.terminal[49].mob,initialBank,,,0deg
General-317-20260718-15:48:02-5193,attr,Florasat_Individual_Sats.terminal[49].mob,initialBank,unit,deg,
General-317-20260718-15:48:02-5193,param,Florasat_Individual_Sats.terminal[49].mob,initFromDisplayString,,,false
General-317-20260718-15:48:02-5193,param,Florasat_Individual_Sats.terminal[49].mob,updateFromDisplayString,,,false
General-317-20260718-15:48:02-5193,param,Florasat_Individual_Sats.terminal[49].mob,centerLatitude,,,59.437
General-317-20260718-15:48:02-5193,param,Florasat_Individual_Sats.terminal[49].mob,centerLongitude,,,24.753
General-317-20260718-15:48:02-5193,param,Florasat_Individual_Sats.terminal[49].mob,deploymentRadius,,,200
General-317-20260718-15:48:02-5193,param,Florasat_Individual_Sats.terminal[49],typename,,,"""Nodes._10_Terminal.Terminal"""
General-317-20260718-15:48:02-5193,param,Florasat_Individual_Sats.terminal[49],layerName,,,"""Terminal"""
General-317-20260718-15:48:02-5193,attr,Florasat_Individual_Sats.terminal[49],layerName,optional,,
General-317-20260718-15:48:02-5193,param,Florasat_Individual_Sats.terminal[49],sendData,,,true
General-317-20260718-15:48:02-5193,attr,Florasat_Individual_Sats.terminal[49],sendData,mutable,,
General-317-20260718-15:48:02-5193,param,Florasat_Individual_Sats.terminal[49],dstGsOrDev,,,0
General-317-20260718-15:48:02-5193,param,Florasat_Individual_Sats.terminal[50].phy.radio.antenna,typename,,,"""inet.physicallayer.wireless.common.antenna.IsotropicAntenna"""
General-317-20260718-15:48:02-5193,param,Florasat_Individual_Sats.terminal[50].phy.radio.antenna,mobilityModule,,,"""^.^.^.mob"""
General-317-20260718-15:48:02-5193,param,Florasat_Individual_Sats.terminal[50].phy.radio.antenna,numAntennas,,,1
General-317-20260718-15:48:02-5193,param,Florasat_Individual_Sats.terminal[50].phy.radio.transmitter,typename,,,"""Global.Transceiver.LoRaTransmitter"""
General-317-20260718-15:48:02-5193,param,Florasat_Individual_Sats.terminal[50].phy.radio.transmitter,preambleDuration,,,0.001s
General-317-20260718-15:48:02-5193,attr,Florasat_Individual_Sats.terminal[50].phy.radio.transmitter,preambleDuration,unit,s,
General-317-20260718-15:48:02-5193,param,Florasat_Individual_Sats.terminal[50].phy.radio.transmitter,headerLength,,,40b
General-317-20260718-15:48:02-5193,attr,Florasat_Individual_Sats.terminal[50].phy.radio.transmitter,headerLength,unit,b,
General-317-20260718-15:48:02-5193,param,Florasat_Individual_Sats.terminal[50].phy.radio.transmitter,bitrate,,,250000bps
General-317-20260718-15:48:02-5193,attr,Florasat_Individual_Sats.terminal[50].phy.radio.transmitter,bitrate,unit,bps,
General-317-20260718-15:48:02-5193,param,Florasat_Individual_Sats.terminal[50].phy.radio.transmitter,power,,,0.025118W
General-317-20260718-15:48:02-5193,attr,Florasat_Individual_Sats.terminal[50].phy.radio.transmitter,power,unit,W,
General-317-20260718-15:48:02-5193,param,Florasat_Individual_Sats.terminal[50].phy.radio.transmitter,centerFrequency,,,8.68e+08Hz
General-317-20260718-15:48:02-5193,attr,Florasat_Individual_Sats.terminal[50].phy.radio.transmitter,centerFrequency,unit,Hz,
General-317-20260718-15:48:02-5193,param,Florasat_Individual_Sats.terminal[50].phy.radio.transmitter,bandwidth,,,250000Hz
General-317-20260718-15:48:02-5193,attr,Florasat_Individual_Sats.terminal[50].phy.radio.transmitter,bandwidth,unit,Hz,
General-317-20260718-15:48:02-5193,param,Florasat_Individual_Sats.terminal[50].phy.radio.transmitter,codeRate,,,1
General-317-20260718-15:48:02-5193,param,Florasat_Individual_Sats.terminal[50].phy.radio.transmitter,modulation,,,"""LoRaModulation"""
General-317-20260718-15:48:02-5193,param,Florasat_Individual_Sats.terminal[50].phy.radio.receiver,typename,,,"""Global.Transceiver.LoRaReceiver"""
General-317-20260718-15:48:02-5193,param,Florasat_Individual_Sats.terminal[50].phy.radio.receiver,energyDetection,,,-90dBm
General-317-20260718-15:48:02-5193,attr,Florasat_Individual_Sats.terminal[50].phy.radio.receiver,energyDetection,unit,dBm,
General-317-20260718-15:48:02-5193,param,Florasat_Individual_Sats.terminal[50].phy.radio.receiver,sensitivity,,,-137dBm
General-317-20260718-15:48:02-5193,attr,Florasat_Individual_Sats.terminal[50].phy.radio.receiver,sensitivity,unit,dBm,
General-317-20260718-15:48:02-5193,param,Florasat_Individual_Sats.terminal[50].phy.radio.receiver,snirThreshold,,,-8dB
General-317-20260718-15:48:02-5193,attr,Florasat_Individual_Sats.terminal[50].phy.radio.receiver,snirThreshold,unit,dB,
General-317-20260718-15:48:02-5193,param,Florasat_Individual_Sats.terminal[50].phy.radio.receiver,centerFrequency,,,8.68e+08Hz
General-317-20260718-15:48:02-5193,attr,Florasat_Individual_Sats.terminal[50].phy.radio.receiver,centerFrequency,unit,Hz,
General-317-20260718-15:48:02-5193,param,Florasat_Individual_Sats.terminal[50].phy.radio.receiver,bandwidth,,,250000Hz
General-317-20260718-15:48:02-5193,attr,Florasat_Individual_Sats.terminal[50].phy.radio.receiver,bandwidth,unit,Hz,
General-317-20260718-15:48:02-5193,param,Florasat_Individual_Sats.terminal[50].phy.radio.receiver,alohaChannelModel,,,false
General-317-20260718-15:48:02-5193,param,Florasat_Individual_Sats.terminal[50].phy.radio.receiver,errorModelType,,,""""""
General-317-20260718-15:48:02-5193,param,Florasat_Individual_Sats.terminal[50].phy.radio.receiver,ignoreInterference,,,false
General-317-20260718-15:48:02-5193,param,Florasat_Individual_Sats.terminal[50].phy.radio.receiver,enableCollisionOverlap,,,false
General-317-20260718-15:48:02-5193,param,Florasat_Individual_Sats.terminal[50].phy.radio.receiver,minCollisionOverlap,,,0s
General-317-20260718-15:48:02-5193,attr,Florasat_Individual_Sats.terminal[50].phy.radio.receiver,minCollisionOverlap,unit,s,
General-317-20260718-15:48:02-5193,param,Florasat_Individual_Sats.terminal[50].phy.radio.IdealEpEnergyStorage,typename,,,"""inet.power.storage.IdealEpEnergyStorage"""
General-317-20260718-15:48:02-5193,param,Florasat_Individual_Sats.terminal[50].phy.radio,typename,,,"""Nodes._10_Terminal._10_Physical.Ter_Phy_LoRaRadio"""
General-317-20260718-15:48:02-5193,param,Florasat_Individual_Sats.terminal[50].phy.radio,radioMediumModule,,,"""radioMedium"""
General-317-20260718-15:48:02-5193,param,Florasat_Individual_Sats.terminal[50].phy.radio,energySourceModule,,,""""""
General-317-20260718-15:48:02-5193,param,Florasat_Individual_Sats.terminal[50].phy.radio,initialRadioMode,,,"""off"""
General-317-20260718-15:48:02-5193,attr,Florasat_Individual_Sats.terminal[50].phy.radio,initialRadioMode,enum,"off,sleep,receiver,transmitter,transceiver",
General-317-20260718-15:48:02-5193,param,Florasat_Individual_Sats.terminal[50].phy.radio,switchingTimes,,,"""ms 0 0 0 0 0 0 0 0 0 0 0 0 0 0 0 0 0 0 0 0 0 0 0 0 0"""
General-317-20260718-15:48:02-5193,param,Florasat_Individual_Sats.terminal[50].phy.radio,sendRawBytes,,,false
General-317-20260718-15:48:02-5193,param,Florasat_Individual_Sats.terminal[50].phy.radio,separateTransmissionParts,,,false
General-317-20260718-15:48:02-5193,param,Florasat_Individual_Sats.terminal[50].phy.radio,separateReceptionParts,,,false
General-317-20260718-15:48:02-5193,param,Florasat_Individual_Sats.terminal[50].phy.radio,displayCommunicationRange,,,false
General-317-20260718-15:48:02-5193,param,Florasat_Individual_Sats.terminal[50].phy.radio,displayInterferenceRange,,,false
General-317-20260718-15:48:02-5193,param,Florasat_Individual_Sats.terminal[50].phy.radio,centerFrequency,,,8.68e+08Hz
General-317-20260718-15:48:02-5193,attr,Florasat_Individual_Sats.terminal[50].phy.radio,centerFrequency,unit,Hz,
General-317-20260718-15:48:02-5193,param,Florasat_Individual_Sats.terminal[50].phy.radio,bandwidth,,,250000Hz
General-317-20260718-15:48:02-5193,attr,Florasat_Individual_Sats.terminal[50].phy.radio,bandwidth,unit,Hz,
General-317-20260718-15:48:02-5193,param,Florasat_Individual_Sats.terminal[50].phy.radio,iAmGateway,,,false
General-317-20260718-15:48:02-5193,param,Florasat_Individual_Sats.terminal[50].phy,typename,,,"""Nodes._10_Terminal._10_Physical.Ter_Phy"""
General-317-20260718-15:48:02-5193,param,Florasat_Individual_Sats.terminal[50].phy,layerName,,,"""Ter_Phy"""
General-317-20260718-15:48:02-5193,attr,Florasat_Individual_Sats.terminal[50].phy,layerName,optional,,
General-317-20260718-15:48:02-5193,param,Florasat_Individual_Sats.terminal[50].dlk.mac.queue,typename,,,"""inet.queueing.queue.DropTailQueue"""
General-317-20260718-15:48:02-5193,param,Florasat_Individual_Sats.terminal[50].dlk.mac.queue,displayStringTextFormat,,,"""contains %p pk (%l) pushed %u\npulled %o removed %r dropped %d"""
General-317-20260718-15:48:02-5193,param,Florasat_Individual_Sats.terminal[50].dlk.mac.queue,packetCapacity,,,-1
General-317-20260718-15:48:02-5193,param,Florasat_Individual_Sats.terminal[50].dlk.mac.queue,dataCapacity,,,-1b
General-317-20260718-15:48:02-5193,attr,Florasat_Individual_Sats.terminal[50].dlk.mac.queue,dataCapacity,unit,b,
General-317-20260718-15:48:02-5193,param,Florasat_Individual_Sats.terminal[50].dlk.mac.queue,dropperClass,,,"""inet::queueing::PacketAtCollectionEndDropper"""
General-317-20260718-15:48:02-5193,param,Florasat_Individual_Sats.terminal[50].dlk.mac.queue,comparatorClass,,,""""""
General-317-20260718-15:48:02-5193,param,Florasat_Individual_Sats.terminal[50].dlk.mac.queue,bufferModule,,,""""""
General-317-20260718-15:48:02-5193,param,Florasat_Individual_Sats.terminal[50].dlk.mac.mlBox,typename,,,"""Nodes._10_Terminal._20_Data_Link.Transmission_Predictor.Transmission_Predictor"""
General-317-20260718-15:48:02-5193,param,Florasat_Individual_Sats.terminal[50].dlk.mac.mlBox,modelPath,,,"""/home/ylnner/Documents/omnet++/omnetpp-6.3.0/projects/florasat_v4_ult_routing/simulations/Test_Individual/mlmodels/transformer_scripted.pt"""
General-317-20260718-15:48:02-5193,param,Florasat_Individual_Sats.terminal[50].dlk.mac.mlBox,threshold,,,0.2
General-317-20260718-15:48:02-5193,param,Florasat_Individual_Sats.terminal[50].dlk.mac.mlBox,scalerPath,,,""""""
General-317-20260718-15:48:02-5193,param,Florasat_Individual_Sats.terminal[50].dlk.mac,typename,,,"""Nodes._10_Terminal._20_Data_Link.Ter_Dlk_KiWan"""
General-317-20260718-15:48:02-5193,param,Florasat_Individual_Sats.terminal[50].dlk.mac,interfaceTableModule,,,""""""
General-317-20260718-15:48:02-5193,param,Florasat_Individual_Sats.terminal[50].dlk.mac,radioModule,,,"""^.^.phy.radio"""
General-317-20260718-15:48:02-5193,param,Florasat_Individual_Sats.terminal[50].dlk.mac,address,,,"""0A-AA-00-00-00-33"""
General-317-20260718-15:48:02-5193,attr,Florasat_Individual_Sats.terminal[50].dlk.mac,address,mutable,,
General-317-20260718-15:48:02-5193,param,Florasat_Individual_Sats.terminal[50].dlk.mac,mtu,,,1500
General-317-20260718-15:48:02-5193,param,Florasat_Individual_Sats.terminal[50].dlk.mac,ttwDuration,,,100s
General-317-20260718-15:48:02-5193,attr,Florasat_Individual_Sats.terminal[50].dlk.mac,ttwDuration,unit,s,
General-317-20260718-15:48:02-5193,param,Florasat_Individual_Sats.terminal[50].dlk.mac,ttwIdle,,,0s
General-317-20260718-15:48:02-5193,attr,Florasat_Individual_Sats.terminal[50].dlk.mac,ttwIdle,unit,s,
General-317-20260718-15:48:02-5193,param,Florasat_Individual_Sats.terminal[50].dlk.mac,ttxStart_min,,,0s
General-317-20260718-15:48:02-5193,attr,Florasat_Individual_Sats.terminal[50].dlk.mac,ttxStart_min,unit,s,
General-317-20260718-15:48:02-5193,param,Florasat_Individual_Sats.terminal[50].dlk.mac,ttxStart_max,,,1s
General-317-20260718-15:48:02-5193,attr,Florasat_Individual_Sats.terminal[50].dlk.mac,ttxStart_max,unit,s,
General-317-20260718-15:48:02-5193,param,Florasat_Individual_Sats.terminal[50].dlk.mac,ttxIdle_min,,,10s
General-317-20260718-15:48:02-5193,attr,Florasat_Individual_Sats.terminal[50].dlk.mac,ttxIdle_min,unit,s,
General-317-20260718-15:48:02-5193,param,Florasat_Individual_Sats.terminal[50].dlk.mac,ttxIdle_max,,,15s
General-317-20260718-15:48:02-5193,attr,Florasat_Individual_Sats.terminal[50].dlk.mac,ttxIdle_max,unit,s,
General-317-20260718-15:48:02-5193,param,Florasat_Individual_Sats.terminal[50].dlk.mac,Ntw,,,1
General-317-20260718-15:48:02-5193,param,Florasat_Individual_Sats.terminal[50].dlk.mac,Ntx,,,5
General-317-20260718-15:48:02-5193,param,Florasat_Individual_Sats.terminal[50].dlk.mac,enableSatDetect,,,false
General-317-20260718-15:48:02-5193,param,Florasat_Individual_Sats.terminal[50].dlk.mac,tsdStart_min,,,0s
General-317-20260718-15:48:02-5193,attr,Florasat_Individual_Sats.terminal[50].dlk.mac,tsdStart_min,unit,s,
General-317-20260718-15:48:02-5193,param,Florasat_Individual_Sats.terminal[50].dlk.mac,tsdStart_max,,,60s
General-317-20260718-15:48:02-5193,attr,Florasat_Individual_Sats.terminal[50].dlk.mac,tsdStart_max,unit,s,
General-317-20260718-15:48:02-5193,param,Florasat_Individual_Sats.terminal[50].dlk.mac,Ndetect,,,4
General-317-20260718-15:48:02-5193,param,Florasat_Individual_Sats.terminal[50].dlk.mac,NsdSync,,,2
General-317-20260718-15:48:02-5193,param,Florasat_Individual_Sats.terminal[50].dlk.mac,tsyncIdle,,,60s
General-317-20260718-15:48:02-5193,attr,Florasat_Individual_Sats.terminal[50].dlk.mac,tsyncIdle,unit,s,
General-317-20260718-15:48:02-5193,param,Florasat_Individual_Sats.terminal[50].dlk.mac,tsdIdle,,,240s
General-317-20260718-15:48:02-5193,attr,Florasat_Individual_Sats.terminal[50].dlk.mac,tsdIdle,unit,s,
General-317-20260718-15:48:02-5193,param,Florasat_Individual_Sats.terminal[50].dlk.mac,satelliteDetectionProbability,,,0.9
General-317-20260718-15:48:02-5193,param,Florasat_Individual_Sats.terminal[50].dlk.mac,minimumElevation,,,5
General-317-20260718-15:48:02-5193,param,Florasat_Individual_Sats.terminal[50].dlk.mac,detectInitialListen,,,0.33s
General-317-20260718-15:48:02-5193,attr,Florasat_Individual_Sats.terminal[50].dlk.mac,detectInitialListen,unit,s,
General-317-20260718-15:48:02-5193,param,Florasat_Individual_Sats.terminal[50].dlk.mac,detectSuccessExtraMin,,,0.075s
General-317-20260718-15:48:02-5193,attr,Florasat_Individual_Sats.terminal[50].dlk.mac,detectSuccessExtraMin,unit,s,
General-317-20260718-15:48:02-5193,param,Florasat_Individual_Sats.terminal[50].dlk.mac,detectSuccessExtraMax,,,1.67s
General-317-20260718-15:48:02-5193,attr,Florasat_Individual_Sats.terminal[50].dlk.mac,detectSuccessExtraMax,unit,s,
General-317-20260718-15:48:02-5193,param,Florasat_Individual_Sats.terminal[50].dlk.mac,detectMissExtra,,,1.67s
General-317-20260718-15:48:02-5193,attr,Florasat_Individual_Sats.terminal[50].dlk.mac,detectMissExtra,unit,s,
General-317-20260718-15:48:02-5193,param,Florasat_Individual_Sats.terminal[50].dlk.mac,LoRaSF,,,12
General-317-20260718-15:48:02-5193,param,Florasat_Individual_Sats.terminal[50].dlk.mac,LoRaTP,,,13
General-317-20260718-15:48:02-5193,param,Florasat_Individual_Sats.terminal[50].dlk.mac,LoRaCF,,,8.68e+08
General-317-20260718-15:48:02-5193,param,Florasat_Individual_Sats.terminal[50].dlk.mac,LoRaBW,,,125000
General-317-20260718-15:48:02-5193,param,Florasat_Individual_Sats.terminal[50].dlk.mac,LoRaCR,,,1
General-317-20260718-15:48:02-5193,param,Florasat_Individual_Sats.terminal[50].dlk.mac,useMLBox,,,true
General-317-20260718-15:48:02-5193,param,Florasat_Individual_Sats.terminal[50].dlk.mac,useMLBoxBiLSTM,,,false
General-317-20260718-15:48:02-5193,param,Florasat_Individual_Sats.terminal[50].dlk.mac,useAnalytical,,,false
General-317-20260718-15:48:02-5193,param,Florasat_Individual_Sats.terminal[50].dlk,typename,,,"""Nodes._10_Terminal._20_Data_Link.Ter_Dlk"""
General-317-20260718-15:48:02-5193,param,Florasat_Individual_Sats.terminal[50].net.routing,typename,,,"""Global.Base._30_Network.Ter_Null_Routing"""
General-317-20260718-15:48:02-5193,param,Florasat_Individual_Sats.terminal[50].net,typename,,,"""Nodes._10_Terminal._30_Network.Ter_Net"""
General-317-20260718-15:48:02-5193,param,Florasat_Individual_Sats.terminal[50].net,layerName,,,"""Ter_Net"""
General-317-20260718-15:48:02-5193,attr,Florasat_Individual_Sats.terminal[50].net,layerName,optional,,
General-317-20260718-15:48:02-5193,param,Florasat_Individual_Sats.terminal[50].net,routingType,,,"""Ter_Null_Routing"""
General-317-20260718-15:48:02-5193,param,Florasat_Individual_Sats.terminal[50].app,typename,,,"""Nodes._10_Terminal._40_Application.Ter_App"""
General-317-20260718-15:48:02-5193,param,Florasat_Individual_Sats.terminal[50].app,layerName,,,"""TerminalApplicationLayer"""
General-317-20260718-15:48:02-5193,attr,Florasat_Individual_Sats.terminal[50].app,layerName,optional,,
General-317-20260718-15:48:02-5193,param,Florasat_Individual_Sats.terminal[50].app,numberOfPacketsToSend,,,0
General-317-20260718-15:48:02-5193,param,Florasat_Individual_Sats.terminal[50].app,timeToFirstPacket,,,1s
General-317-20260718-15:48:02-5193,attr,Florasat_Individual_Sats.terminal[50].app,timeToFirstPacket,unit,s,
General-317-20260718-15:48:02-5193,param,Florasat_Individual_Sats.terminal[50].app,timeToNextPacket,,,115s
General-317-20260718-15:48:02-5193,attr,Florasat_Individual_Sats.terminal[50].app,timeToNextPacket,unit,s,
General-317-20260718-15:48:02-5193,param,Florasat_Individual_Sats.terminal[50].app,timeToResponse,,,30s
General-317-20260718-15:48:02-5193,attr,Florasat_Individual_Sats.terminal[50].app,timeToResponse,unit,s,
General-317-20260718-15:48:02-5193,param,Florasat_Individual_Sats.terminal[50].app,timeToRetry,,,10s
General-317-20260718-15:48:02-5193,attr,Florasat_Individual_Sats.terminal[50].app,timeToRetry,unit,s,
General-317-20260718-15:48:02-5193,param,Florasat_Individual_Sats.terminal[50].app,ackTimeout,,,7s
General-317-20260718-15:48:02-5193,attr,Florasat_Individual_Sats.terminal[50].app,ackTimeout,unit,s,
General-317-20260718-15:48:02-5193,param,Florasat_Individual_Sats.terminal[50].app,timer,,,1s
General-317-20260718-15:48:02-5193,attr,Florasat_Individual_Sats.terminal[50].app,timer,unit,s,
General-317-20260718-15:48:02-5193,param,Florasat_Individual_Sats.terminal[50].app,initialLoRaTP,,,14dBm
General-317-20260718-15:48:02-5193,attr,Florasat_Individual_Sats.terminal[50].app,initialLoRaTP,unit,dBm,
General-317-20260718-15:48:02-5193,param,Florasat_Individual_Sats.terminal[50].app,initialLoRaCF,,,8.68e+08Hz
General-317-20260718-15:48:02-5193,attr,Florasat_Individual_Sats.terminal[50].app,initialLoRaCF,unit,Hz,
General-317-20260718-15:48:02-5193,param,Florasat_Individual_Sats.terminal[50].app,initialLoRaSF,,,12
General-317-20260718-15:48:02-5193,param,Florasat_Individual_Sats.terminal[50].app,initialLoRaBW,,,125000Hz
General-317-20260718-15:48:02-5193,attr,Florasat_Individual_Sats.terminal[50].app,initialLoRaBW,unit,Hz,
General-317-20260718-15:48:02-5193,param,Florasat_Individual_Sats.terminal[50].app,initialLoRaCR,,,4
General-317-20260718-15:48:02-5193,param,Florasat_Individual_Sats.terminal[50].app,initialUseHeader,,,true
General-317-20260718-15:48:02-5193,param,Florasat_Individual_Sats.terminal[50].app,initialPingSlot,,,1
General-317-20260718-15:48:02-5193,param,Florasat_Individual_Sats.terminal[50].app,InitClassA,,,true
General-317-20260718-15:48:02-5193,param,Florasat_Individual_Sats.terminal[50].app,InitClassB,,,false
General-317-20260718-15:48:02-5193,param,Florasat_Individual_Sats.terminal[50].app,evaluateADRinNode,,,false
General-317-20260718-15:48:02-5193,param,Florasat_Individual_Sats.terminal[50].app,payloadSize,,,10B
General-317-20260718-15:48:02-5193,attr,Florasat_Individual_Sats.terminal[50].app,payloadSize,unit,B,
General-317-20260718-15:48:02-5193,param,Florasat_Individual_Sats.terminal[50].app,usingAck,,,true
General-317-20260718-15:48:02-5193,param,Florasat_Individual_Sats.terminal[50].app,numGroundLinks,,,40
General-317-20260718-15:48:02-5193,param,Florasat_Individual_Sats.terminal[50].app,maxHops,,,50
General-317-20260718-15:48:02-5193,param,Florasat_Individual_Sats.terminal[50].app,nroMaxAttempts,,,0
General-317-20260718-15:48:02-5193,param,Florasat_Individual_Sats.terminal[50].eng,typename,,,"""Nodes._10_Terminal._50_Energy.Ter_Ene"""
General-317-20260718-15:48:02-5193,param,Florasat_Individual_Sats.terminal[50].mob,typename,,,"""Nodes._10_Terminal._60_Mobility.Ter_Mob"""
General-317-20260718-15:48:02-5193,param,Florasat_Individual_Sats.terminal[50].mob,subjectModule,,,"""^"""
General-317-20260718-15:48:02-5193,param,Florasat_Individual_Sats.terminal[50].mob,coordinateSystemModule,,,""""""
General-317-20260718-15:48:02-5193,param,Florasat_Individual_Sats.terminal[50].mob,displayStringTextFormat,,,"""p: %p\nv: %v"""
General-317-20260718-15:48:02-5193,attr,Florasat_Individual_Sats.terminal[50].mob,displayStringTextFormat,mutable,,
General-317-20260718-15:48:02-5193,param,Florasat_Individual_Sats.terminal[50].mob,updateDisplayString,,,true
General-317-20260718-15:48:02-5193,param,Florasat_Individual_Sats.terminal[50].mob,constraintAreaMinX,,,-inf m
General-317-20260718-15:48:02-5193,attr,Florasat_Individual_Sats.terminal[50].mob,constraintAreaMinX,unit,m,
General-317-20260718-15:48:02-5193,param,Florasat_Individual_Sats.terminal[50].mob,constraintAreaMinY,,,-inf m
General-317-20260718-15:48:02-5193,attr,Florasat_Individual_Sats.terminal[50].mob,constraintAreaMinY,unit,m,
General-317-20260718-15:48:02-5193,param,Florasat_Individual_Sats.terminal[50].mob,constraintAreaMinZ,,,-inf m
General-317-20260718-15:48:02-5193,attr,Florasat_Individual_Sats.terminal[50].mob,constraintAreaMinZ,unit,m,
General-317-20260718-15:48:02-5193,param,Florasat_Individual_Sats.terminal[50].mob,constraintAreaMaxX,,,inf m
General-317-20260718-15:48:02-5193,attr,Florasat_Individual_Sats.terminal[50].mob,constraintAreaMaxX,unit,m,
General-317-20260718-15:48:02-5193,param,Florasat_Individual_Sats.terminal[50].mob,constraintAreaMaxY,,,inf m
General-317-20260718-15:48:02-5193,attr,Florasat_Individual_Sats.terminal[50].mob,constraintAreaMaxY,unit,m,
General-317-20260718-15:48:02-5193,param,Florasat_Individual_Sats.terminal[50].mob,constraintAreaMaxZ,,,inf m
General-317-20260718-15:48:02-5193,attr,Florasat_Individual_Sats.terminal[50].mob,constraintAreaMaxZ,unit,m,
General-317-20260718-15:48:02-5193,param,Florasat_Individual_Sats.terminal[50].mob,initialX,,,nan m
General-317-20260718-15:48:02-5193,attr,Florasat_Individual_Sats.terminal[50].mob,initialX,unit,m,
General-317-20260718-15:48:02-5193,param,Florasat_Individual_Sats.terminal[50].mob,initialY,,,nan m
General-317-20260718-15:48:02-5193,attr,Florasat_Individual_Sats.terminal[50].mob,initialY,unit,m,
General-317-20260718-15:48:02-5193,param,Florasat_Individual_Sats.terminal[50].mob,initialZ,,,0m
General-317-20260718-15:48:02-5193,attr,Florasat_Individual_Sats.terminal[50].mob,initialZ,unit,m,
General-317-20260718-15:48:02-5193,param,Florasat_Individual_Sats.terminal[50].mob,initialLatitude,,,nan deg
General-317-20260718-15:48:02-5193,attr,Florasat_Individual_Sats.terminal[50].mob,initialLatitude,unit,deg,
General-317-20260718-15:48:02-5193,param,Florasat_Individual_Sats.terminal[50].mob,initialLongitude,,,nan deg
General-317-20260718-15:48:02-5193,attr,Florasat_Individual_Sats.terminal[50].mob,initialLongitude,unit,deg,
General-317-20260718-15:48:02-5193,param,Florasat_Individual_Sats.terminal[50].mob,initialAltitude,,,0m
General-317-20260718-15:48:02-5193,attr,Florasat_Individual_Sats.terminal[50].mob,initialAltitude,unit,m,
General-317-20260718-15:48:02-5193,param,Florasat_Individual_Sats.terminal[50].mob,initialHeading,,,0deg
General-317-20260718-15:48:02-5193,attr,Florasat_Individual_Sats.terminal[50].mob,initialHeading,unit,deg,
General-317-20260718-15:48:02-5193,param,Florasat_Individual_Sats.terminal[50].mob,initialElevation,,,0deg
General-317-20260718-15:48:02-5193,attr,Florasat_Individual_Sats.terminal[50].mob,initialElevation,unit,deg,
General-317-20260718-15:48:02-5193,param,Florasat_Individual_Sats.terminal[50].mob,initialBank,,,0deg
General-317-20260718-15:48:02-5193,attr,Florasat_Individual_Sats.terminal[50].mob,initialBank,unit,deg,
General-317-20260718-15:48:02-5193,param,Florasat_Individual_Sats.terminal[50].mob,initFromDisplayString,,,false
General-317-20260718-15:48:02-5193,param,Florasat_Individual_Sats.terminal[50].mob,updateFromDisplayString,,,false
General-317-20260718-15:48:02-5193,param,Florasat_Individual_Sats.terminal[50].mob,centerLatitude,,,50.075
General-317-20260718-15:48:02-5193,param,Florasat_Individual_Sats.terminal[50].mob,centerLongitude,,,14.437
General-317-20260718-15:48:02-5193,param,Florasat_Individual_Sats.terminal[50].mob,deploymentRadius,,,200
General-317-20260718-15:48:02-5193,param,Florasat_Individual_Sats.terminal[50],typename,,,"""Nodes._10_Terminal.Terminal"""
General-317-20260718-15:48:02-5193,param,Florasat_Individual_Sats.terminal[50],layerName,,,"""Terminal"""
General-317-20260718-15:48:02-5193,attr,Florasat_Individual_Sats.terminal[50],layerName,optional,,
General-317-20260718-15:48:02-5193,param,Florasat_Individual_Sats.terminal[50],sendData,,,true
General-317-20260718-15:48:02-5193,attr,Florasat_Individual_Sats.terminal[50],sendData,mutable,,
General-317-20260718-15:48:02-5193,param,Florasat_Individual_Sats.terminal[50],dstGsOrDev,,,0
General-317-20260718-15:48:02-5193,param,Florasat_Individual_Sats.terminal[51].phy.radio.antenna,typename,,,"""inet.physicallayer.wireless.common.antenna.IsotropicAntenna"""
General-317-20260718-15:48:02-5193,param,Florasat_Individual_Sats.terminal[51].phy.radio.antenna,mobilityModule,,,"""^.^.^.mob"""
General-317-20260718-15:48:02-5193,param,Florasat_Individual_Sats.terminal[51].phy.radio.antenna,numAntennas,,,1
General-317-20260718-15:48:02-5193,param,Florasat_Individual_Sats.terminal[51].phy.radio.transmitter,typename,,,"""Global.Transceiver.LoRaTransmitter"""
General-317-20260718-15:48:02-5193,param,Florasat_Individual_Sats.terminal[51].phy.radio.transmitter,preambleDuration,,,0.001s
General-317-20260718-15:48:02-5193,attr,Florasat_Individual_Sats.terminal[51].phy.radio.transmitter,preambleDuration,unit,s,
General-317-20260718-15:48:02-5193,param,Florasat_Individual_Sats.terminal[51].phy.radio.transmitter,headerLength,,,40b
General-317-20260718-15:48:02-5193,attr,Florasat_Individual_Sats.terminal[51].phy.radio.transmitter,headerLength,unit,b,
General-317-20260718-15:48:02-5193,param,Florasat_Individual_Sats.terminal[51].phy.radio.transmitter,bitrate,,,250000bps
General-317-20260718-15:48:02-5193,attr,Florasat_Individual_Sats.terminal[51].phy.radio.transmitter,bitrate,unit,bps,
General-317-20260718-15:48:02-5193,param,Florasat_Individual_Sats.terminal[51].phy.radio.transmitter,power,,,0.025118W
General-317-20260718-15:48:02-5193,attr,Florasat_Individual_Sats.terminal[51].phy.radio.transmitter,power,unit,W,
General-317-20260718-15:48:02-5193,param,Florasat_Individual_Sats.terminal[51].phy.radio.transmitter,centerFrequency,,,8.68e+08Hz
General-317-20260718-15:48:02-5193,attr,Florasat_Individual_Sats.terminal[51].phy.radio.transmitter,centerFrequency,unit,Hz,
General-317-20260718-15:48:02-5193,param,Florasat_Individual_Sats.terminal[51].phy.radio.transmitter,bandwidth,,,250000Hz
General-317-20260718-15:48:02-5193,attr,Florasat_Individual_Sats.terminal[51].phy.radio.transmitter,bandwidth,unit,Hz,
General-317-20260718-15:48:02-5193,param,Florasat_Individual_Sats.terminal[51].phy.radio.transmitter,codeRate,,,1
General-317-20260718-15:48:02-5193,param,Florasat_Individual_Sats.terminal[51].phy.radio.transmitter,modulation,,,"""LoRaModulation"""
General-317-20260718-15:48:02-5193,param,Florasat_Individual_Sats.terminal[51].phy.radio.receiver,typename,,,"""Global.Transceiver.LoRaReceiver"""
General-317-20260718-15:48:02-5193,param,Florasat_Individual_Sats.terminal[51].phy.radio.receiver,energyDetection,,,-90dBm
General-317-20260718-15:48:02-5193,attr,Florasat_Individual_Sats.terminal[51].phy.radio.receiver,energyDetection,unit,dBm,
General-317-20260718-15:48:02-5193,param,Florasat_Individual_Sats.terminal[51].phy.radio.receiver,sensitivity,,,-137dBm
General-317-20260718-15:48:02-5193,attr,Florasat_Individual_Sats.terminal[51].phy.radio.receiver,sensitivity,unit,dBm,
General-317-20260718-15:48:02-5193,param,Florasat_Individual_Sats.terminal[51].phy.radio.receiver,snirThreshold,,,-8dB
General-317-20260718-15:48:02-5193,attr,Florasat_Individual_Sats.terminal[51].phy.radio.receiver,snirThreshold,unit,dB,
General-317-20260718-15:48:02-5193,param,Florasat_Individual_Sats.terminal[51].phy.radio.receiver,centerFrequency,,,8.68e+08Hz
General-317-20260718-15:48:02-5193,attr,Florasat_Individual_Sats.terminal[51].phy.radio.receiver,centerFrequency,unit,Hz,
General-317-20260718-15:48:02-5193,param,Florasat_Individual_Sats.terminal[51].phy.radio.receiver,bandwidth,,,250000Hz
General-317-20260718-15:48:02-5193,attr,Florasat_Individual_Sats.terminal[51].phy.radio.receiver,bandwidth,unit,Hz,
General-317-20260718-15:48:02-5193,param,Florasat_Individual_Sats.terminal[51].phy.radio.receiver,alohaChannelModel,,,false
General-317-20260718-15:48:02-5193,param,Florasat_Individual_Sats.terminal[51].phy.radio.receiver,errorModelType,,,""""""
General-317-20260718-15:48:02-5193,param,Florasat_Individual_Sats.terminal[51].phy.radio.receiver,ignoreInterference,,,false
General-317-20260718-15:48:02-5193,param,Florasat_Individual_Sats.terminal[51].phy.radio.receiver,enableCollisionOverlap,,,false
General-317-20260718-15:48:02-5193,param,Florasat_Individual_Sats.terminal[51].phy.radio.receiver,minCollisionOverlap,,,0s
General-317-20260718-15:48:02-5193,attr,Florasat_Individual_Sats.terminal[51].phy.radio.receiver,minCollisionOverlap,unit,s,
General-317-20260718-15:48:02-5193,param,Florasat_Individual_Sats.terminal[51].phy.radio.IdealEpEnergyStorage,typename,,,"""inet.power.storage.IdealEpEnergyStorage"""
General-317-20260718-15:48:02-5193,param,Florasat_Individual_Sats.terminal[51].phy.radio,typename,,,"""Nodes._10_Terminal._10_Physical.Ter_Phy_LoRaRadio"""
General-317-20260718-15:48:02-5193,param,Florasat_Individual_Sats.terminal[51].phy.radio,radioMediumModule,,,"""radioMedium"""
General-317-20260718-15:48:02-5193,param,Florasat_Individual_Sats.terminal[51].phy.radio,energySourceModule,,,""""""
General-317-20260718-15:48:02-5193,param,Florasat_Individual_Sats.terminal[51].phy.radio,initialRadioMode,,,"""off"""
General-317-20260718-15:48:02-5193,attr,Florasat_Individual_Sats.terminal[51].phy.radio,initialRadioMode,enum,"off,sleep,receiver,transmitter,transceiver",
General-317-20260718-15:48:02-5193,param,Florasat_Individual_Sats.terminal[51].phy.radio,switchingTimes,,,"""ms 0 0 0 0 0 0 0 0 0 0 0 0 0 0 0 0 0 0 0 0 0 0 0 0 0"""
General-317-20260718-15:48:02-5193,param,Florasat_Individual_Sats.terminal[51].phy.radio,sendRawBytes,,,false
General-317-20260718-15:48:02-5193,param,Florasat_Individual_Sats.terminal[51].phy.radio,separateTransmissionParts,,,false
General-317-20260718-15:48:02-5193,param,Florasat_Individual_Sats.terminal[51].phy.radio,separateReceptionParts,,,false
General-317-20260718-15:48:02-5193,param,Florasat_Individual_Sats.terminal[51].phy.radio,displayCommunicationRange,,,false
General-317-20260718-15:48:02-5193,param,Florasat_Individual_Sats.terminal[51].phy.radio,displayInterferenceRange,,,false
General-317-20260718-15:48:02-5193,param,Florasat_Individual_Sats.terminal[51].phy.radio,centerFrequency,,,8.68e+08Hz
General-317-20260718-15:48:02-5193,attr,Florasat_Individual_Sats.terminal[51].phy.radio,centerFrequency,unit,Hz,
General-317-20260718-15:48:02-5193,param,Florasat_Individual_Sats.terminal[51].phy.radio,bandwidth,,,250000Hz
General-317-20260718-15:48:02-5193,attr,Florasat_Individual_Sats.terminal[51].phy.radio,bandwidth,unit,Hz,
General-317-20260718-15:48:02-5193,param,Florasat_Individual_Sats.terminal[51].phy.radio,iAmGateway,,,false
General-317-20260718-15:48:02-5193,param,Florasat_Individual_Sats.terminal[51].phy,typename,,,"""Nodes._10_Terminal._10_Physical.Ter_Phy"""
General-317-20260718-15:48:02-5193,param,Florasat_Individual_Sats.terminal[51].phy,layerName,,,"""Ter_Phy"""
General-317-20260718-15:48:02-5193,attr,Florasat_Individual_Sats.terminal[51].phy,layerName,optional,,
General-317-20260718-15:48:02-5193,param,Florasat_Individual_Sats.terminal[51].dlk.mac.queue,typename,,,"""inet.queueing.queue.DropTailQueue"""
General-317-20260718-15:48:02-5193,param,Florasat_Individual_Sats.terminal[51].dlk.mac.queue,displayStringTextFormat,,,"""contains %p pk (%l) pushed %u\npulled %o removed %r dropped %d"""
General-317-20260718-15:48:02-5193,param,Florasat_Individual_Sats.terminal[51].dlk.mac.queue,packetCapacity,,,-1
General-317-20260718-15:48:02-5193,param,Florasat_Individual_Sats.terminal[51].dlk.mac.queue,dataCapacity,,,-1b
General-317-20260718-15:48:02-5193,attr,Florasat_Individual_Sats.terminal[51].dlk.mac.queue,dataCapacity,unit,b,
General-317-20260718-15:48:02-5193,param,Florasat_Individual_Sats.terminal[51].dlk.mac.queue,dropperClass,,,"""inet::queueing::PacketAtCollectionEndDropper"""
General-317-20260718-15:48:02-5193,param,Florasat_Individual_Sats.terminal[51].dlk.mac.queue,comparatorClass,,,""""""
General-317-20260718-15:48:02-5193,param,Florasat_Individual_Sats.terminal[51].dlk.mac.queue,bufferModule,,,""""""
General-317-20260718-15:48:02-5193,param,Florasat_Individual_Sats.terminal[51].dlk.mac.mlBox,typename,,,"""Nodes._10_Terminal._20_Data_Link.Transmission_Predictor.Transmission_Predictor"""
General-317-20260718-15:48:02-5193,param,Florasat_Individual_Sats.terminal[51].dlk.mac.mlBox,modelPath,,,"""/home/ylnner/Documents/omnet++/omnetpp-6.3.0/projects/florasat_v4_ult_routing/simulations/Test_Individual/mlmodels/transformer_scripted.pt"""
General-317-20260718-15:48:02-5193,param,Florasat_Individual_Sats.terminal[51].dlk.mac.mlBox,threshold,,,0.2
General-317-20260718-15:48:02-5193,param,Florasat_Individual_Sats.terminal[51].dlk.mac.mlBox,scalerPath,,,""""""
General-317-20260718-15:48:02-5193,param,Florasat_Individual_Sats.terminal[51].dlk.mac,typename,,,"""Nodes._10_Terminal._20_Data_Link.Ter_Dlk_KiWan"""
General-317-20260718-15:48:02-5193,param,Florasat_Individual_Sats.terminal[51].dlk.mac,interfaceTableModule,,,""""""
General-317-20260718-15:48:02-5193,param,Florasat_Individual_Sats.terminal[51].dlk.mac,radioModule,,,"""^.^.phy.radio"""
General-317-20260718-15:48:02-5193,param,Florasat_Individual_Sats.terminal[51].dlk.mac,address,,,"""0A-AA-00-00-00-34"""
General-317-20260718-15:48:02-5193,attr,Florasat_Individual_Sats.terminal[51].dlk.mac,address,mutable,,
General-317-20260718-15:48:02-5193,param,Florasat_Individual_Sats.terminal[51].dlk.mac,mtu,,,1500
General-317-20260718-15:48:02-5193,param,Florasat_Individual_Sats.terminal[51].dlk.mac,ttwDuration,,,100s
General-317-20260718-15:48:02-5193,attr,Florasat_Individual_Sats.terminal[51].dlk.mac,ttwDuration,unit,s,
General-317-20260718-15:48:02-5193,param,Florasat_Individual_Sats.terminal[51].dlk.mac,ttwIdle,,,0s
General-317-20260718-15:48:02-5193,attr,Florasat_Individual_Sats.terminal[51].dlk.mac,ttwIdle,unit,s,
General-317-20260718-15:48:02-5193,param,Florasat_Individual_Sats.terminal[51].dlk.mac,ttxStart_min,,,0s
General-317-20260718-15:48:02-5193,attr,Florasat_Individual_Sats.terminal[51].dlk.mac,ttxStart_min,unit,s,
General-317-20260718-15:48:02-5193,param,Florasat_Individual_Sats.terminal[51].dlk.mac,ttxStart_max,,,1s
General-317-20260718-15:48:02-5193,attr,Florasat_Individual_Sats.terminal[51].dlk.mac,ttxStart_max,unit,s,
General-317-20260718-15:48:02-5193,param,Florasat_Individual_Sats.terminal[51].dlk.mac,ttxIdle_min,,,10s
General-317-20260718-15:48:02-5193,attr,Florasat_Individual_Sats.terminal[51].dlk.mac,ttxIdle_min,unit,s,
General-317-20260718-15:48:02-5193,param,Florasat_Individual_Sats.terminal[51].dlk.mac,ttxIdle_max,,,15s
General-317-20260718-15:48:02-5193,attr,Florasat_Individual_Sats.terminal[51].dlk.mac,ttxIdle_max,unit,s,
General-317-20260718-15:48:02-5193,param,Florasat_Individual_Sats.terminal[51].dlk.mac,Ntw,,,1
General-317-20260718-15:48:02-5193,param,Florasat_Individual_Sats.terminal[51].dlk.mac,Ntx,,,5
General-317-20260718-15:48:02-5193,param,Florasat_Individual_Sats.terminal[51].dlk.mac,enableSatDetect,,,false
General-317-20260718-15:48:02-5193,param,Florasat_Individual_Sats.terminal[51].dlk.mac,tsdStart_min,,,0s
General-317-20260718-15:48:02-5193,attr,Florasat_Individual_Sats.terminal[51].dlk.mac,tsdStart_min,unit,s,
General-317-20260718-15:48:02-5193,param,Florasat_Individual_Sats.terminal[51].dlk.mac,tsdStart_max,,,60s
General-317-20260718-15:48:02-5193,attr,Florasat_Individual_Sats.terminal[51].dlk.mac,tsdStart_max,unit,s,
General-317-20260718-15:48:02-5193,param,Florasat_Individual_Sats.terminal[51].dlk.mac,Ndetect,,,4
General-317-20260718-15:48:02-5193,param,Florasat_Individual_Sats.terminal[51].dlk.mac,NsdSync,,,2
General-317-20260718-15:48:02-5193,param,Florasat_Individual_Sats.terminal[51].dlk.mac,tsyncIdle,,,60s
General-317-20260718-15:48:02-5193,attr,Florasat_Individual_Sats.terminal[51].dlk.mac,tsyncIdle,unit,s,
General-317-20260718-15:48:02-5193,param,Florasat_Individual_Sats.terminal[51].dlk.mac,tsdIdle,,,240s
General-317-20260718-15:48:02-5193,attr,Florasat_Individual_Sats.terminal[51].dlk.mac,tsdIdle,unit,s,
General-317-20260718-15:48:02-5193,param,Florasat_Individual_Sats.terminal[51].dlk.mac,satelliteDetectionProbability,,,0.9
General-317-20260718-15:48:02-5193,param,Florasat_Individual_Sats.terminal[51].dlk.mac,minimumElevation,,,5
General-317-20260718-15:48:02-5193,param,Florasat_Individual_Sats.terminal[51].dlk.mac,detectInitialListen,,,0.33s
General-317-20260718-15:48:02-5193,attr,Florasat_Individual_Sats.terminal[51].dlk.mac,detectInitialListen,unit,s,
General-317-20260718-15:48:02-5193,param,Florasat_Individual_Sats.terminal[51].dlk.mac,detectSuccessExtraMin,,,0.075s
General-317-20260718-15:48:02-5193,attr,Florasat_Individual_Sats.terminal[51].dlk.mac,detectSuccessExtraMin,unit,s,
General-317-20260718-15:48:02-5193,param,Florasat_Individual_Sats.terminal[51].dlk.mac,detectSuccessExtraMax,,,1.67s
General-317-20260718-15:48:02-5193,attr,Florasat_Individual_Sats.terminal[51].dlk.mac,detectSuccessExtraMax,unit,s,
General-317-20260718-15:48:02-5193,param,Florasat_Individual_Sats.terminal[51].dlk.mac,detectMissExtra,,,1.67s
General-317-20260718-15:48:02-5193,attr,Florasat_Individual_Sats.terminal[51].dlk.mac,detectMissExtra,unit,s,
General-317-20260718-15:48:02-5193,param,Florasat_Individual_Sats.terminal[51].dlk.mac,LoRaSF,,,10
General-317-20260718-15:48:02-5193,param,Florasat_Individual_Sats.terminal[51].dlk.mac,LoRaTP,,,12
General-317-20260718-15:48:02-5193,param,Florasat_Individual_Sats.terminal[51].dlk.mac,LoRaCF,,,8.68e+08
General-317-20260718-15:48:02-5193,param,Florasat_Individual_Sats.terminal[51].dlk.mac,LoRaBW,,,125000
General-317-20260718-15:48:02-5193,param,Florasat_Individual_Sats.terminal[51].dlk.mac,LoRaCR,,,1
General-317-20260718-15:48:02-5193,param,Florasat_Individual_Sats.terminal[51].dlk.mac,useMLBox,,,true
General-317-20260718-15:48:02-5193,param,Florasat_Individual_Sats.terminal[51].dlk.mac,useMLBoxBiLSTM,,,false
General-317-20260718-15:48:02-5193,param,Florasat_Individual_Sats.terminal[51].dlk.mac,useAnalytical,,,false
General-317-20260718-15:48:02-5193,param,Florasat_Individual_Sats.terminal[51].dlk,typename,,,"""Nodes._10_Terminal._20_Data_Link.Ter_Dlk"""
General-317-20260718-15:48:02-5193,param,Florasat_Individual_Sats.terminal[51].net.routing,typename,,,"""Global.Base._30_Network.Ter_Null_Routing"""
General-317-20260718-15:48:02-5193,param,Florasat_Individual_Sats.terminal[51].net,typename,,,"""Nodes._10_Terminal._30_Network.Ter_Net"""
General-317-20260718-15:48:02-5193,param,Florasat_Individual_Sats.terminal[51].net,layerName,,,"""Ter_Net"""
General-317-20260718-15:48:02-5193,attr,Florasat_Individual_Sats.terminal[51].net,layerName,optional,,
General-317-20260718-15:48:02-5193,param,Florasat_Individual_Sats.terminal[51].net,routingType,,,"""Ter_Null_Routing"""
General-317-20260718-15:48:02-5193,param,Florasat_Individual_Sats.terminal[51].app,typename,,,"""Nodes._10_Terminal._40_Application.Ter_App"""
General-317-20260718-15:48:02-5193,param,Florasat_Individual_Sats.terminal[51].app,layerName,,,"""TerminalApplicationLayer"""
General-317-20260718-15:48:02-5193,attr,Florasat_Individual_Sats.terminal[51].app,layerName,optional,,
General-317-20260718-15:48:02-5193,param,Florasat_Individual_Sats.terminal[51].app,numberOfPacketsToSend,,,0
General-317-20260718-15:48:02-5193,param,Florasat_Individual_Sats.terminal[51].app,timeToFirstPacket,,,1s
General-317-20260718-15:48:02-5193,attr,Florasat_Individual_Sats.terminal[51].app,timeToFirstPacket,unit,s,
General-317-20260718-15:48:02-5193,param,Florasat_Individual_Sats.terminal[51].app,timeToNextPacket,,,115s
General-317-20260718-15:48:02-5193,attr,Florasat_Individual_Sats.terminal[51].app,timeToNextPacket,unit,s,
General-317-20260718-15:48:02-5193,param,Florasat_Individual_Sats.terminal[51].app,timeToResponse,,,30s
General-317-20260718-15:48:02-5193,attr,Florasat_Individual_Sats.terminal[51].app,timeToResponse,unit,s,
General-317-20260718-15:48:02-5193,param,Florasat_Individual_Sats.terminal[51].app,timeToRetry,,,10s
General-317-20260718-15:48:02-5193,attr,Florasat_Individual_Sats.terminal[51].app,timeToRetry,unit,s,
General-317-20260718-15:48:02-5193,param,Florasat_Individual_Sats.terminal[51].app,ackTimeout,,,7s
General-317-20260718-15:48:02-5193,attr,Florasat_Individual_Sats.terminal[51].app,ackTimeout,unit,s,
General-317-20260718-15:48:02-5193,param,Florasat_Individual_Sats.terminal[51].app,timer,,,1s
General-317-20260718-15:48:02-5193,attr,Florasat_Individual_Sats.terminal[51].app,timer,unit,s,
General-317-20260718-15:48:02-5193,param,Florasat_Individual_Sats.terminal[51].app,initialLoRaTP,,,14dBm
General-317-20260718-15:48:02-5193,attr,Florasat_Individual_Sats.terminal[51].app,initialLoRaTP,unit,dBm,
General-317-20260718-15:48:02-5193,param,Florasat_Individual_Sats.terminal[51].app,initialLoRaCF,,,8.68e+08Hz
General-317-20260718-15:48:02-5193,attr,Florasat_Individual_Sats.terminal[51].app,initialLoRaCF,unit,Hz,
General-317-20260718-15:48:02-5193,param,Florasat_Individual_Sats.terminal[51].app,initialLoRaSF,,,12
General-317-20260718-15:48:02-5193,param,Florasat_Individual_Sats.terminal[51].app,initialLoRaBW,,,125000Hz
General-317-20260718-15:48:02-5193,attr,Florasat_Individual_Sats.terminal[51].app,initialLoRaBW,unit,Hz,
General-317-20260718-15:48:02-5193,param,Florasat_Individual_Sats.terminal[51].app,initialLoRaCR,,,4
General-317-20260718-15:48:02-5193,param,Florasat_Individual_Sats.terminal[51].app,initialUseHeader,,,true
General-317-20260718-15:48:02-5193,param,Florasat_Individual_Sats.terminal[51].app,initialPingSlot,,,1
General-317-20260718-15:48:02-5193,param,Florasat_Individual_Sats.terminal[51].app,InitClassA,,,true
General-317-20260718-15:48:02-5193,param,Florasat_Individual_Sats.terminal[51].app,InitClassB,,,false
General-317-20260718-15:48:02-5193,param,Florasat_Individual_Sats.terminal[51].app,evaluateADRinNode,,,false
General-317-20260718-15:48:02-5193,param,Florasat_Individual_Sats.terminal[51].app,payloadSize,,,10B
General-317-20260718-15:48:02-5193,attr,Florasat_Individual_Sats.terminal[51].app,payloadSize,unit,B,
General-317-20260718-15:48:02-5193,param,Florasat_Individual_Sats.terminal[51].app,usingAck,,,true
General-317-20260718-15:48:02-5193,param,Florasat_Individual_Sats.terminal[51].app,numGroundLinks,,,40
General-317-20260718-15:48:02-5193,param,Florasat_Individual_Sats.terminal[51].app,maxHops,,,50
General-317-20260718-15:48:02-5193,param,Florasat_Individual_Sats.terminal[51].app,nroMaxAttempts,,,0
General-317-20260718-15:48:02-5193,param,Florasat_Individual_Sats.terminal[51].eng,typename,,,"""Nodes._10_Terminal._50_Energy.Ter_Ene"""
General-317-20260718-15:48:02-5193,param,Florasat_Individual_Sats.terminal[51].mob,typename,,,"""Nodes._10_Terminal._60_Mobility.Ter_Mob"""
General-317-20260718-15:48:02-5193,param,Florasat_Individual_Sats.terminal[51].mob,subjectModule,,,"""^"""
General-317-20260718-15:48:02-5193,param,Florasat_Individual_Sats.terminal[51].mob,coordinateSystemModule,,,""""""
General-317-20260718-15:48:02-5193,param,Florasat_Individual_Sats.terminal[51].mob,displayStringTextFormat,,,"""p: %p\nv: %v"""
General-317-20260718-15:48:02-5193,attr,Florasat_Individual_Sats.terminal[51].mob,displayStringTextFormat,mutable,,
General-317-20260718-15:48:02-5193,param,Florasat_Individual_Sats.terminal[51].mob,updateDisplayString,,,true
General-317-20260718-15:48:02-5193,param,Florasat_Individual_Sats.terminal[51].mob,constraintAreaMinX,,,-inf m
General-317-20260718-15:48:02-5193,attr,Florasat_Individual_Sats.terminal[51].mob,constraintAreaMinX,unit,m,
General-317-20260718-15:48:02-5193,param,Florasat_Individual_Sats.terminal[51].mob,constraintAreaMinY,,,-inf m
General-317-20260718-15:48:02-5193,attr,Florasat_Individual_Sats.terminal[51].mob,constraintAreaMinY,unit,m,
General-317-20260718-15:48:02-5193,param,Florasat_Individual_Sats.terminal[51].mob,constraintAreaMinZ,,,-inf m
General-317-20260718-15:48:02-5193,attr,Florasat_Individual_Sats.terminal[51].mob,constraintAreaMinZ,unit,m,
General-317-20260718-15:48:02-5193,param,Florasat_Individual_Sats.terminal[51].mob,constraintAreaMaxX,,,inf m
General-317-20260718-15:48:02-5193,attr,Florasat_Individual_Sats.terminal[51].mob,constraintAreaMaxX,unit,m,
General-317-20260718-15:48:02-5193,param,Florasat_Individual_Sats.terminal[51].mob,constraintAreaMaxY,,,inf m
General-317-20260718-15:48:02-5193,attr,Florasat_Individual_Sats.terminal[51].mob,constraintAreaMaxY,unit,m,
General-317-20260718-15:48:02-5193,param,Florasat_Individual_Sats.terminal[51].mob,constraintAreaMaxZ,,,inf m
General-317-20260718-15:48:02-5193,attr,Florasat_Individual_Sats.terminal[51].mob,constraintAreaMaxZ,unit,m,
General-317-20260718-15:48:02-5193,param,Florasat_Individual_Sats.terminal[51].mob,initialX,,,nan m
General-317-20260718-15:48:02-5193,attr,Florasat_Individual_Sats.terminal[51].mob,initialX,unit,m,
General-317-20260718-15:48:02-5193,param,Florasat_Individual_Sats.terminal[51].mob,initialY,,,nan m
General-317-20260718-15:48:02-5193,attr,Florasat_Individual_Sats.terminal[51].mob,initialY,unit,m,
General-317-20260718-15:48:02-5193,param,Florasat_Individual_Sats.terminal[51].mob,initialZ,,,0m
General-317-20260718-15:48:02-5193,attr,Florasat_Individual_Sats.terminal[51].mob,initialZ,unit,m,
General-317-20260718-15:48:02-5193,param,Florasat_Individual_Sats.terminal[51].mob,initialLatitude,,,nan deg
General-317-20260718-15:48:02-5193,attr,Florasat_Individual_Sats.terminal[51].mob,initialLatitude,unit,deg,
General-317-20260718-15:48:02-5193,param,Florasat_Individual_Sats.terminal[51].mob,initialLongitude,,,nan deg
General-317-20260718-15:48:02-5193,attr,Florasat_Individual_Sats.terminal[51].mob,initialLongitude,unit,deg,
General-317-20260718-15:48:02-5193,param,Florasat_Individual_Sats.terminal[51].mob,initialAltitude,,,0m
General-317-20260718-15:48:02-5193,attr,Florasat_Individual_Sats.terminal[51].mob,initialAltitude,unit,m,
General-317-20260718-15:48:02-5193,param,Florasat_Individual_Sats.terminal[51].mob,initialHeading,,,0deg
General-317-20260718-15:48:02-5193,attr,Florasat_Individual_Sats.terminal[51].mob,initialHeading,unit,deg,
General-317-20260718-15:48:02-5193,param,Florasat_Individual_Sats.terminal[51].mob,initialElevation,,,0deg
General-317-20260718-15:48:02-5193,attr,Florasat_Individual_Sats.terminal[51].mob,initialElevation,unit,deg,
General-317-20260718-15:48:02-5193,param,Florasat_Individual_Sats.terminal[51].mob,initialBank,,,0deg
General-317-20260718-15:48:02-5193,attr,Florasat_Individual_Sats.terminal[51].mob,initialBank,unit,deg,
General-317-20260718-15:48:02-5193,param,Florasat_Individual_Sats.terminal[51].mob,initFromDisplayString,,,false
General-317-20260718-15:48:02-5193,param,Florasat_Individual_Sats.terminal[51].mob,updateFromDisplayString,,,false
General-317-20260718-15:48:02-5193,param,Florasat_Individual_Sats.terminal[51].mob,centerLatitude,,,42.697
General-317-20260718-15:48:02-5193,param,Florasat_Individual_Sats.terminal[51].mob,centerLongitude,,,23.321
General-317-20260718-15:48:02-5193,param,Florasat_Individual_Sats.terminal[51].mob,deploymentRadius,,,200
General-317-20260718-15:48:02-5193,param,Florasat_Individual_Sats.terminal[51],typename,,,"""Nodes._10_Terminal.Terminal"""
General-317-20260718-15:48:02-5193,param,Florasat_Individual_Sats.terminal[51],layerName,,,"""Terminal"""
General-317-20260718-15:48:02-5193,attr,Florasat_Individual_Sats.terminal[51],layerName,optional,,
General-317-20260718-15:48:02-5193,param,Florasat_Individual_Sats.terminal[51],sendData,,,true
General-317-20260718-15:48:02-5193,attr,Florasat_Individual_Sats.terminal[51],sendData,mutable,,
General-317-20260718-15:48:02-5193,param,Florasat_Individual_Sats.terminal[51],dstGsOrDev,,,0
General-317-20260718-15:48:02-5193,param,Florasat_Individual_Sats.terminal[52].phy.radio.antenna,typename,,,"""inet.physicallayer.wireless.common.antenna.IsotropicAntenna"""
General-317-20260718-15:48:02-5193,param,Florasat_Individual_Sats.terminal[52].phy.radio.antenna,mobilityModule,,,"""^.^.^.mob"""
General-317-20260718-15:48:02-5193,param,Florasat_Individual_Sats.terminal[52].phy.radio.antenna,numAntennas,,,1
General-317-20260718-15:48:02-5193,param,Florasat_Individual_Sats.terminal[52].phy.radio.transmitter,typename,,,"""Global.Transceiver.LoRaTransmitter"""
General-317-20260718-15:48:02-5193,param,Florasat_Individual_Sats.terminal[52].phy.radio.transmitter,preambleDuration,,,0.001s
General-317-20260718-15:48:02-5193,attr,Florasat_Individual_Sats.terminal[52].phy.radio.transmitter,preambleDuration,unit,s,
General-317-20260718-15:48:02-5193,param,Florasat_Individual_Sats.terminal[52].phy.radio.transmitter,headerLength,,,40b
General-317-20260718-15:48:02-5193,attr,Florasat_Individual_Sats.terminal[52].phy.radio.transmitter,headerLength,unit,b,
General-317-20260718-15:48:02-5193,param,Florasat_Individual_Sats.terminal[52].phy.radio.transmitter,bitrate,,,250000bps
General-317-20260718-15:48:02-5193,attr,Florasat_Individual_Sats.terminal[52].phy.radio.transmitter,bitrate,unit,bps,
General-317-20260718-15:48:02-5193,param,Florasat_Individual_Sats.terminal[52].phy.radio.transmitter,power,,,0.025118W
General-317-20260718-15:48:02-5193,attr,Florasat_Individual_Sats.terminal[52].phy.radio.transmitter,power,unit,W,
General-317-20260718-15:48:02-5193,param,Florasat_Individual_Sats.terminal[52].phy.radio.transmitter,centerFrequency,,,8.68e+08Hz
General-317-20260718-15:48:02-5193,attr,Florasat_Individual_Sats.terminal[52].phy.radio.transmitter,centerFrequency,unit,Hz,
General-317-20260718-15:48:02-5193,param,Florasat_Individual_Sats.terminal[52].phy.radio.transmitter,bandwidth,,,250000Hz
General-317-20260718-15:48:02-5193,attr,Florasat_Individual_Sats.terminal[52].phy.radio.transmitter,bandwidth,unit,Hz,
General-317-20260718-15:48:02-5193,param,Florasat_Individual_Sats.terminal[52].phy.radio.transmitter,codeRate,,,1
General-317-20260718-15:48:02-5193,param,Florasat_Individual_Sats.terminal[52].phy.radio.transmitter,modulation,,,"""LoRaModulation"""
General-317-20260718-15:48:02-5193,param,Florasat_Individual_Sats.terminal[52].phy.radio.receiver,typename,,,"""Global.Transceiver.LoRaReceiver"""
General-317-20260718-15:48:02-5193,param,Florasat_Individual_Sats.terminal[52].phy.radio.receiver,energyDetection,,,-90dBm
General-317-20260718-15:48:02-5193,attr,Florasat_Individual_Sats.terminal[52].phy.radio.receiver,energyDetection,unit,dBm,
General-317-20260718-15:48:02-5193,param,Florasat_Individual_Sats.terminal[52].phy.radio.receiver,sensitivity,,,-137dBm
General-317-20260718-15:48:02-5193,attr,Florasat_Individual_Sats.terminal[52].phy.radio.receiver,sensitivity,unit,dBm,
General-317-20260718-15:48:02-5193,param,Florasat_Individual_Sats.terminal[52].phy.radio.receiver,snirThreshold,,,-8dB
General-317-20260718-15:48:02-5193,attr,Florasat_Individual_Sats.terminal[52].phy.radio.receiver,snirThreshold,unit,dB,
General-317-20260718-15:48:02-5193,param,Florasat_Individual_Sats.terminal[52].phy.radio.receiver,centerFrequency,,,8.68e+08Hz
General-317-20260718-15:48:02-5193,attr,Florasat_Individual_Sats.terminal[52].phy.radio.receiver,centerFrequency,unit,Hz,
General-317-20260718-15:48:02-5193,param,Florasat_Individual_Sats.terminal[52].phy.radio.receiver,bandwidth,,,250000Hz
General-317-20260718-15:48:02-5193,attr,Florasat_Individual_Sats.terminal[52].phy.radio.receiver,bandwidth,unit,Hz,
General-317-20260718-15:48:02-5193,param,Florasat_Individual_Sats.terminal[52].phy.radio.receiver,alohaChannelModel,,,false
General-317-20260718-15:48:02-5193,param,Florasat_Individual_Sats.terminal[52].phy.radio.receiver,errorModelType,,,""""""
General-317-20260718-15:48:02-5193,param,Florasat_Individual_Sats.terminal[52].phy.radio.receiver,ignoreInterference,,,false
General-317-20260718-15:48:02-5193,param,Florasat_Individual_Sats.terminal[52].phy.radio.receiver,enableCollisionOverlap,,,false
General-317-20260718-15:48:02-5193,param,Florasat_Individual_Sats.terminal[52].phy.radio.receiver,minCollisionOverlap,,,0s
General-317-20260718-15:48:02-5193,attr,Florasat_Individual_Sats.terminal[52].phy.radio.receiver,minCollisionOverlap,unit,s,
General-317-20260718-15:48:02-5193,param,Florasat_Individual_Sats.terminal[52].phy.radio.IdealEpEnergyStorage,typename,,,"""inet.power.storage.IdealEpEnergyStorage"""
General-317-20260718-15:48:02-5193,param,Florasat_Individual_Sats.terminal[52].phy.radio,typename,,,"""Nodes._10_Terminal._10_Physical.Ter_Phy_LoRaRadio"""
General-317-20260718-15:48:02-5193,param,Florasat_Individual_Sats.terminal[52].phy.radio,radioMediumModule,,,"""radioMedium"""
General-317-20260718-15:48:02-5193,param,Florasat_Individual_Sats.terminal[52].phy.radio,energySourceModule,,,""""""
General-317-20260718-15:48:02-5193,param,Florasat_Individual_Sats.terminal[52].phy.radio,initialRadioMode,,,"""off"""
General-317-20260718-15:48:02-5193,attr,Florasat_Individual_Sats.terminal[52].phy.radio,initialRadioMode,enum,"off,sleep,receiver,transmitter,transceiver",
General-317-20260718-15:48:02-5193,param,Florasat_Individual_Sats.terminal[52].phy.radio,switchingTimes,,,"""ms 0 0 0 0 0 0 0 0 0 0 0 0 0 0 0 0 0 0 0 0 0 0 0 0 0"""
General-317-20260718-15:48:02-5193,param,Florasat_Individual_Sats.terminal[52].phy.radio,sendRawBytes,,,false
General-317-20260718-15:48:02-5193,param,Florasat_Individual_Sats.terminal[52].phy.radio,separateTransmissionParts,,,false
General-317-20260718-15:48:02-5193,param,Florasat_Individual_Sats.terminal[52].phy.radio,separateReceptionParts,,,false
General-317-20260718-15:48:02-5193,param,Florasat_Individual_Sats.terminal[52].phy.radio,displayCommunicationRange,,,false
General-317-20260718-15:48:02-5193,param,Florasat_Individual_Sats.terminal[52].phy.radio,displayInterferenceRange,,,false
General-317-20260718-15:48:02-5193,param,Florasat_Individual_Sats.terminal[52].phy.radio,centerFrequency,,,8.68e+08Hz
General-317-20260718-15:48:02-5193,attr,Florasat_Individual_Sats.terminal[52].phy.radio,centerFrequency,unit,Hz,
General-317-20260718-15:48:02-5193,param,Florasat_Individual_Sats.terminal[52].phy.radio,bandwidth,,,250000Hz
General-317-20260718-15:48:02-5193,attr,Florasat_Individual_Sats.terminal[52].phy.radio,bandwidth,unit,Hz,
General-317-20260718-15:48:02-5193,param,Florasat_Individual_Sats.terminal[52].phy.radio,iAmGateway,,,false
General-317-20260718-15:48:02-5193,param,Florasat_Individual_Sats.terminal[52].phy,typename,,,"""Nodes._10_Terminal._10_Physical.Ter_Phy"""
General-317-20260718-15:48:02-5193,param,Florasat_Individual_Sats.terminal[52].phy,layerName,,,"""Ter_Phy"""
General-317-20260718-15:48:02-5193,attr,Florasat_Individual_Sats.terminal[52].phy,layerName,optional,,
General-317-20260718-15:48:02-5193,param,Florasat_Individual_Sats.terminal[52].dlk.mac.queue,typename,,,"""inet.queueing.queue.DropTailQueue"""
General-317-20260718-15:48:02-5193,param,Florasat_Individual_Sats.terminal[52].dlk.mac.queue,displayStringTextFormat,,,"""contains %p pk (%l) pushed %u\npulled %o removed %r dropped %d"""
General-317-20260718-15:48:02-5193,param,Florasat_Individual_Sats.terminal[52].dlk.mac.queue,packetCapacity,,,-1
General-317-20260718-15:48:02-5193,param,Florasat_Individual_Sats.terminal[52].dlk.mac.queue,dataCapacity,,,-1b
General-317-20260718-15:48:02-5193,attr,Florasat_Individual_Sats.terminal[52].dlk.mac.queue,dataCapacity,unit,b,
General-317-20260718-15:48:02-5193,param,Florasat_Individual_Sats.terminal[52].dlk.mac.queue,dropperClass,,,"""inet::queueing::PacketAtCollectionEndDropper"""
General-317-20260718-15:48:02-5193,param,Florasat_Individual_Sats.terminal[52].dlk.mac.queue,comparatorClass,,,""""""
General-317-20260718-15:48:02-5193,param,Florasat_Individual_Sats.terminal[52].dlk.mac.queue,bufferModule,,,""""""
General-317-20260718-15:48:02-5193,param,Florasat_Individual_Sats.terminal[52].dlk.mac.mlBox,typename,,,"""Nodes._10_Terminal._20_Data_Link.Transmission_Predictor.Transmission_Predictor"""
General-317-20260718-15:48:02-5193,param,Florasat_Individual_Sats.terminal[52].dlk.mac.mlBox,modelPath,,,"""/home/ylnner/Documents/omnet++/omnetpp-6.3.0/projects/florasat_v4_ult_routing/simulations/Test_Individual/mlmodels/transformer_scripted.pt"""
General-317-20260718-15:48:02-5193,param,Florasat_Individual_Sats.terminal[52].dlk.mac.mlBox,threshold,,,0.2
General-317-20260718-15:48:02-5193,param,Florasat_Individual_Sats.terminal[52].dlk.mac.mlBox,scalerPath,,,""""""
General-317-20260718-15:48:02-5193,param,Florasat_Individual_Sats.terminal[52].dlk.mac,typename,,,"""Nodes._10_Terminal._20_Data_Link.Ter_Dlk_KiWan"""
General-317-20260718-15:48:02-5193,param,Florasat_Individual_Sats.terminal[52].dlk.mac,interfaceTableModule,,,""""""
General-317-20260718-15:48:02-5193,param,Florasat_Individual_Sats.terminal[52].dlk.mac,radioModule,,,"""^.^.phy.radio"""
General-317-20260718-15:48:02-5193,param,Florasat_Individual_Sats.terminal[52].dlk.mac,address,,,"""0A-AA-00-00-00-35"""
General-317-20260718-15:48:02-5193,attr,Florasat_Individual_Sats.terminal[52].dlk.mac,address,mutable,,
General-317-20260718-15:48:02-5193,param,Florasat_Individual_Sats.terminal[52].dlk.mac,mtu,,,1500
General-317-20260718-15:48:02-5193,param,Florasat_Individual_Sats.terminal[52].dlk.mac,ttwDuration,,,100s
General-317-20260718-15:48:02-5193,attr,Florasat_Individual_Sats.terminal[52].dlk.mac,ttwDuration,unit,s,
General-317-20260718-15:48:02-5193,param,Florasat_Individual_Sats.terminal[52].dlk.mac,ttwIdle,,,0s
General-317-20260718-15:48:02-5193,attr,Florasat_Individual_Sats.terminal[52].dlk.mac,ttwIdle,unit,s,
General-317-20260718-15:48:02-5193,param,Florasat_Individual_Sats.terminal[52].dlk.mac,ttxStart_min,,,0s
General-317-20260718-15:48:02-5193,attr,Florasat_Individual_Sats.terminal[52].dlk.mac,ttxStart_min,unit,s,
General-317-20260718-15:48:02-5193,param,Florasat_Individual_Sats.terminal[52].dlk.mac,ttxStart_max,,,1s
General-317-20260718-15:48:02-5193,attr,Florasat_Individual_Sats.terminal[52].dlk.mac,ttxStart_max,unit,s,
General-317-20260718-15:48:02-5193,param,Florasat_Individual_Sats.terminal[52].dlk.mac,ttxIdle_min,,,10s
General-317-20260718-15:48:02-5193,attr,Florasat_Individual_Sats.terminal[52].dlk.mac,ttxIdle_min,unit,s,
General-317-20260718-15:48:02-5193,param,Florasat_Individual_Sats.terminal[52].dlk.mac,ttxIdle_max,,,15s
General-317-20260718-15:48:02-5193,attr,Florasat_Individual_Sats.terminal[52].dlk.mac,ttxIdle_max,unit,s,
General-317-20260718-15:48:02-5193,param,Florasat_Individual_Sats.terminal[52].dlk.mac,Ntw,,,1
General-317-20260718-15:48:02-5193,param,Florasat_Individual_Sats.terminal[52].dlk.mac,Ntx,,,5
General-317-20260718-15:48:02-5193,param,Florasat_Individual_Sats.terminal[52].dlk.mac,enableSatDetect,,,false
General-317-20260718-15:48:02-5193,param,Florasat_Individual_Sats.terminal[52].dlk.mac,tsdStart_min,,,0s
General-317-20260718-15:48:02-5193,attr,Florasat_Individual_Sats.terminal[52].dlk.mac,tsdStart_min,unit,s,
General-317-20260718-15:48:02-5193,param,Florasat_Individual_Sats.terminal[52].dlk.mac,tsdStart_max,,,60s
General-317-20260718-15:48:02-5193,attr,Florasat_Individual_Sats.terminal[52].dlk.mac,tsdStart_max,unit,s,
General-317-20260718-15:48:02-5193,param,Florasat_Individual_Sats.terminal[52].dlk.mac,Ndetect,,,4
General-317-20260718-15:48:02-5193,param,Florasat_Individual_Sats.terminal[52].dlk.mac,NsdSync,,,2
General-317-20260718-15:48:02-5193,param,Florasat_Individual_Sats.terminal[52].dlk.mac,tsyncIdle,,,60s
General-317-20260718-15:48:02-5193,attr,Florasat_Individual_Sats.terminal[52].dlk.mac,tsyncIdle,unit,s,
General-317-20260718-15:48:02-5193,param,Florasat_Individual_Sats.terminal[52].dlk.mac,tsdIdle,,,240s
General-317-20260718-15:48:02-5193,attr,Florasat_Individual_Sats.terminal[52].dlk.mac,tsdIdle,unit,s,
General-317-20260718-15:48:02-5193,param,Florasat_Individual_Sats.terminal[52].dlk.mac,satelliteDetectionProbability,,,0.9
General-317-20260718-15:48:02-5193,param,Florasat_Individual_Sats.terminal[52].dlk.mac,minimumElevation,,,5
General-317-20260718-15:48:02-5193,param,Florasat_Individual_Sats.terminal[52].dlk.mac,detectInitialListen,,,0.33s
General-317-20260718-15:48:02-5193,attr,Florasat_Individual_Sats.terminal[52].dlk.mac,detectInitialListen,unit,s,
General-317-20260718-15:48:02-5193,param,Florasat_Individual_Sats.terminal[52].dlk.mac,detectSuccessExtraMin,,,0.075s
General-317-20260718-15:48:02-5193,attr,Florasat_Individual_Sats.terminal[52].dlk.mac,detectSuccessExtraMin,unit,s,
General-317-20260718-15:48:02-5193,param,Florasat_Individual_Sats.terminal[52].dlk.mac,detectSuccessExtraMax,,,1.67s
General-317-20260718-15:48:02-5193,attr,Florasat_Individual_Sats.terminal[52].dlk.mac,detectSuccessExtraMax,unit,s,
General-317-20260718-15:48:02-5193,param,Florasat_Individual_Sats.terminal[52].dlk.mac,detectMissExtra,,,1.67s
General-317-20260718-15:48:02-5193,attr,Florasat_Individual_Sats.terminal[52].dlk.mac,detectMissExtra,unit,s,
General-317-20260718-15:48:02-5193,param,Florasat_Individual_Sats.terminal[52].dlk.mac,LoRaSF,,,11
General-317-20260718-15:48:02-5193,param,Florasat_Individual_Sats.terminal[52].dlk.mac,LoRaTP,,,14
General-317-20260718-15:48:02-5193,param,Florasat_Individual_Sats.terminal[52].dlk.mac,LoRaCF,,,8.68e+08
General-317-20260718-15:48:02-5193,param,Florasat_Individual_Sats.terminal[52].dlk.mac,LoRaBW,,,125000
General-317-20260718-15:48:02-5193,param,Florasat_Individual_Sats.terminal[52].dlk.mac,LoRaCR,,,1
General-317-20260718-15:48:02-5193,param,Florasat_Individual_Sats.terminal[52].dlk.mac,useMLBox,,,true
General-317-20260718-15:48:02-5193,param,Florasat_Individual_Sats.terminal[52].dlk.mac,useMLBoxBiLSTM,,,false
General-317-20260718-15:48:02-5193,param,Florasat_Individual_Sats.terminal[52].dlk.mac,useAnalytical,,,false
General-317-20260718-15:48:02-5193,param,Florasat_Individual_Sats.terminal[52].dlk,typename,,,"""Nodes._10_Terminal._20_Data_Link.Ter_Dlk"""
General-317-20260718-15:48:02-5193,param,Florasat_Individual_Sats.terminal[52].net.routing,typename,,,"""Global.Base._30_Network.Ter_Null_Routing"""
General-317-20260718-15:48:02-5193,param,Florasat_Individual_Sats.terminal[52].net,typename,,,"""Nodes._10_Terminal._30_Network.Ter_Net"""
General-317-20260718-15:48:02-5193,param,Florasat_Individual_Sats.terminal[52].net,layerName,,,"""Ter_Net"""
General-317-20260718-15:48:02-5193,attr,Florasat_Individual_Sats.terminal[52].net,layerName,optional,,
General-317-20260718-15:48:02-5193,param,Florasat_Individual_Sats.terminal[52].net,routingType,,,"""Ter_Null_Routing"""
General-317-20260718-15:48:02-5193,param,Florasat_Individual_Sats.terminal[52].app,typename,,,"""Nodes._10_Terminal._40_Application.Ter_App"""
General-317-20260718-15:48:02-5193,param,Florasat_Individual_Sats.terminal[52].app,layerName,,,"""TerminalApplicationLayer"""
General-317-20260718-15:48:02-5193,attr,Florasat_Individual_Sats.terminal[52].app,layerName,optional,,
General-317-20260718-15:48:02-5193,param,Florasat_Individual_Sats.terminal[52].app,numberOfPacketsToSend,,,0
General-317-20260718-15:48:02-5193,param,Florasat_Individual_Sats.terminal[52].app,timeToFirstPacket,,,1s
General-317-20260718-15:48:02-5193,attr,Florasat_Individual_Sats.terminal[52].app,timeToFirstPacket,unit,s,
General-317-20260718-15:48:02-5193,param,Florasat_Individual_Sats.terminal[52].app,timeToNextPacket,,,115s
General-317-20260718-15:48:02-5193,attr,Florasat_Individual_Sats.terminal[52].app,timeToNextPacket,unit,s,
General-317-20260718-15:48:02-5193,param,Florasat_Individual_Sats.terminal[52].app,timeToResponse,,,30s
General-317-20260718-15:48:02-5193,attr,Florasat_Individual_Sats.terminal[52].app,timeToResponse,unit,s,
General-317-20260718-15:48:02-5193,param,Florasat_Individual_Sats.terminal[52].app,timeToRetry,,,10s
General-317-20260718-15:48:02-5193,attr,Florasat_Individual_Sats.terminal[52].app,timeToRetry,unit,s,
General-317-20260718-15:48:02-5193,param,Florasat_Individual_Sats.terminal[52].app,ackTimeout,,,7s
General-317-20260718-15:48:02-5193,attr,Florasat_Individual_Sats.terminal[52].app,ackTimeout,unit,s,
General-317-20260718-15:48:02-5193,param,Florasat_Individual_Sats.terminal[52].app,timer,,,1s
General-317-20260718-15:48:02-5193,attr,Florasat_Individual_Sats.terminal[52].app,timer,unit,s,
General-317-20260718-15:48:02-5193,param,Florasat_Individual_Sats.terminal[52].app,initialLoRaTP,,,14dBm
General-317-20260718-15:48:02-5193,attr,Florasat_Individual_Sats.terminal[52].app,initialLoRaTP,unit,dBm,
General-317-20260718-15:48:02-5193,param,Florasat_Individual_Sats.terminal[52].app,initialLoRaCF,,,8.68e+08Hz
General-317-20260718-15:48:02-5193,attr,Florasat_Individual_Sats.terminal[52].app,initialLoRaCF,unit,Hz,
General-317-20260718-15:48:02-5193,param,Florasat_Individual_Sats.terminal[52].app,initialLoRaSF,,,12
General-317-20260718-15:48:02-5193,param,Florasat_Individual_Sats.terminal[52].app,initialLoRaBW,,,125000Hz
General-317-20260718-15:48:02-5193,attr,Florasat_Individual_Sats.terminal[52].app,initialLoRaBW,unit,Hz,
General-317-20260718-15:48:02-5193,param,Florasat_Individual_Sats.terminal[52].app,initialLoRaCR,,,4
General-317-20260718-15:48:02-5193,param,Florasat_Individual_Sats.terminal[52].app,initialUseHeader,,,true
General-317-20260718-15:48:02-5193,param,Florasat_Individual_Sats.terminal[52].app,initialPingSlot,,,1
General-317-20260718-15:48:02-5193,param,Florasat_Individual_Sats.terminal[52].app,InitClassA,,,true
General-317-20260718-15:48:02-5193,param,Florasat_Individual_Sats.terminal[52].app,InitClassB,,,false
General-317-20260718-15:48:02-5193,param,Florasat_Individual_Sats.terminal[52].app,evaluateADRinNode,,,false
General-317-20260718-15:48:02-5193,param,Florasat_Individual_Sats.terminal[52].app,payloadSize,,,10B
General-317-20260718-15:48:02-5193,attr,Florasat_Individual_Sats.terminal[52].app,payloadSize,unit,B,
General-317-20260718-15:48:02-5193,param,Florasat_Individual_Sats.terminal[52].app,usingAck,,,true
General-317-20260718-15:48:02-5193,param,Florasat_Individual_Sats.terminal[52].app,numGroundLinks,,,40
General-317-20260718-15:48:02-5193,param,Florasat_Individual_Sats.terminal[52].app,maxHops,,,50
General-317-20260718-15:48:02-5193,param,Florasat_Individual_Sats.terminal[52].app,nroMaxAttempts,,,0
General-317-20260718-15:48:02-5193,param,Florasat_Individual_Sats.terminal[52].eng,typename,,,"""Nodes._10_Terminal._50_Energy.Ter_Ene"""
General-317-20260718-15:48:02-5193,param,Florasat_Individual_Sats.terminal[52].mob,typename,,,"""Nodes._10_Terminal._60_Mobility.Ter_Mob"""
General-317-20260718-15:48:02-5193,param,Florasat_Individual_Sats.terminal[52].mob,subjectModule,,,"""^"""
General-317-20260718-15:48:02-5193,param,Florasat_Individual_Sats.terminal[52].mob,coordinateSystemModule,,,""""""
General-317-20260718-15:48:02-5193,param,Florasat_Individual_Sats.terminal[52].mob,displayStringTextFormat,,,"""p: %p\nv: %v"""
General-317-20260718-15:48:02-5193,attr,Florasat_Individual_Sats.terminal[52].mob,displayStringTextFormat,mutable,,
General-317-20260718-15:48:02-5193,param,Florasat_Individual_Sats.terminal[52].mob,updateDisplayString,,,true
General-317-20260718-15:48:02-5193,param,Florasat_Individual_Sats.terminal[52].mob,constraintAreaMinX,,,-inf m
General-317-20260718-15:48:02-5193,attr,Florasat_Individual_Sats.terminal[52].mob,constraintAreaMinX,unit,m,
General-317-20260718-15:48:02-5193,param,Florasat_Individual_Sats.terminal[52].mob,constraintAreaMinY,,,-inf m
General-317-20260718-15:48:02-5193,attr,Florasat_Individual_Sats.terminal[52].mob,constraintAreaMinY,unit,m,
General-317-20260718-15:48:02-5193,param,Florasat_Individual_Sats.terminal[52].mob,constraintAreaMinZ,,,-inf m
General-317-20260718-15:48:02-5193,attr,Florasat_Individual_Sats.terminal[52].mob,constraintAreaMinZ,unit,m,
General-317-20260718-15:48:02-5193,param,Florasat_Individual_Sats.terminal[52].mob,constraintAreaMaxX,,,inf m
General-317-20260718-15:48:02-5193,attr,Florasat_Individual_Sats.terminal[52].mob,constraintAreaMaxX,unit,m,
General-317-20260718-15:48:02-5193,param,Florasat_Individual_Sats.terminal[52].mob,constraintAreaMaxY,,,inf m
General-317-20260718-15:48:02-5193,attr,Florasat_Individual_Sats.terminal[52].mob,constraintAreaMaxY,unit,m,
General-317-20260718-15:48:02-5193,param,Florasat_Individual_Sats.terminal[52].mob,constraintAreaMaxZ,,,inf m
General-317-20260718-15:48:02-5193,attr,Florasat_Individual_Sats.terminal[52].mob,constraintAreaMaxZ,unit,m,
General-317-20260718-15:48:02-5193,param,Florasat_Individual_Sats.terminal[52].mob,initialX,,,nan m
General-317-20260718-15:48:02-5193,attr,Florasat_Individual_Sats.terminal[52].mob,initialX,unit,m,
General-317-20260718-15:48:02-5193,param,Florasat_Individual_Sats.terminal[52].mob,initialY,,,nan m
General-317-20260718-15:48:02-5193,attr,Florasat_Individual_Sats.terminal[52].mob,initialY,unit,m,
General-317-20260718-15:48:02-5193,param,Florasat_Individual_Sats.terminal[52].mob,initialZ,,,0m
General-317-20260718-15:48:02-5193,attr,Florasat_Individual_Sats.terminal[52].mob,initialZ,unit,m,
General-317-20260718-15:48:02-5193,param,Florasat_Individual_Sats.terminal[52].mob,initialLatitude,,,nan deg
General-317-20260718-15:48:02-5193,attr,Florasat_Individual_Sats.terminal[52].mob,initialLatitude,unit,deg,
General-317-20260718-15:48:02-5193,param,Florasat_Individual_Sats.terminal[52].mob,initialLongitude,,,nan deg
General-317-20260718-15:48:02-5193,attr,Florasat_Individual_Sats.terminal[52].mob,initialLongitude,unit,deg,
General-317-20260718-15:48:02-5193,param,Florasat_Individual_Sats.terminal[52].mob,initialAltitude,,,0m
General-317-20260718-15:48:02-5193,attr,Florasat_Individual_Sats.terminal[52].mob,initialAltitude,unit,m,
General-317-20260718-15:48:02-5193,param,Florasat_Individual_Sats.terminal[52].mob,initialHeading,,,0deg
General-317-20260718-15:48:02-5193,attr,Florasat_Individual_Sats.terminal[52].mob,initialHeading,unit,deg,
General-317-20260718-15:48:02-5193,param,Florasat_Individual_Sats.terminal[52].mob,initialElevation,,,0deg
General-317-20260718-15:48:02-5193,attr,Florasat_Individual_Sats.terminal[52].mob,initialElevation,unit,deg,
General-317-20260718-15:48:02-5193,param,Florasat_Individual_Sats.terminal[52].mob,initialBank,,,0deg
General-317-20260718-15:48:02-5193,attr,Florasat_Individual_Sats.terminal[52].mob,initialBank,unit,deg,
General-317-20260718-15:48:02-5193,param,Florasat_Individual_Sats.terminal[52].mob,initFromDisplayString,,,false
General-317-20260718-15:48:02-5193,param,Florasat_Individual_Sats.terminal[52].mob,updateFromDisplayString,,,false
General-317-20260718-15:48:02-5193,param,Florasat_Individual_Sats.terminal[52].mob,centerLatitude,,,45.815
General-317-20260718-15:48:02-5193,param,Florasat_Individual_Sats.terminal[52].mob,centerLongitude,,,15.981
General-317-20260718-15:48:02-5193,param,Florasat_Individual_Sats.terminal[52].mob,deploymentRadius,,,200
General-317-20260718-15:48:02-5193,param,Florasat_Individual_Sats.terminal[52],typename,,,"""Nodes._10_Terminal.Terminal"""
General-317-20260718-15:48:02-5193,param,Florasat_Individual_Sats.terminal[52],layerName,,,"""Terminal"""
General-317-20260718-15:48:02-5193,attr,Florasat_Individual_Sats.terminal[52],layerName,optional,,
General-317-20260718-15:48:02-5193,param,Florasat_Individual_Sats.terminal[52],sendData,,,true
General-317-20260718-15:48:02-5193,attr,Florasat_Individual_Sats.terminal[52],sendData,mutable,,
General-317-20260718-15:48:02-5193,param,Florasat_Individual_Sats.terminal[52],dstGsOrDev,,,0
General-317-20260718-15:48:02-5193,param,Florasat_Individual_Sats.terminal[53].phy.radio.antenna,typename,,,"""inet.physicallayer.wireless.common.antenna.IsotropicAntenna"""
General-317-20260718-15:48:02-5193,param,Florasat_Individual_Sats.terminal[53].phy.radio.antenna,mobilityModule,,,"""^.^.^.mob"""
General-317-20260718-15:48:02-5193,param,Florasat_Individual_Sats.terminal[53].phy.radio.antenna,numAntennas,,,1
General-317-20260718-15:48:02-5193,param,Florasat_Individual_Sats.terminal[53].phy.radio.transmitter,typename,,,"""Global.Transceiver.LoRaTransmitter"""
General-317-20260718-15:48:02-5193,param,Florasat_Individual_Sats.terminal[53].phy.radio.transmitter,preambleDuration,,,0.001s
General-317-20260718-15:48:02-5193,attr,Florasat_Individual_Sats.terminal[53].phy.radio.transmitter,preambleDuration,unit,s,
General-317-20260718-15:48:02-5193,param,Florasat_Individual_Sats.terminal[53].phy.radio.transmitter,headerLength,,,40b
General-317-20260718-15:48:02-5193,attr,Florasat_Individual_Sats.terminal[53].phy.radio.transmitter,headerLength,unit,b,
General-317-20260718-15:48:02-5193,param,Florasat_Individual_Sats.terminal[53].phy.radio.transmitter,bitrate,,,250000bps
General-317-20260718-15:48:02-5193,attr,Florasat_Individual_Sats.terminal[53].phy.radio.transmitter,bitrate,unit,bps,
General-317-20260718-15:48:02-5193,param,Florasat_Individual_Sats.terminal[53].phy.radio.transmitter,power,,,0.025118W
General-317-20260718-15:48:02-5193,attr,Florasat_Individual_Sats.terminal[53].phy.radio.transmitter,power,unit,W,
General-317-20260718-15:48:02-5193,param,Florasat_Individual_Sats.terminal[53].phy.radio.transmitter,centerFrequency,,,8.68e+08Hz
General-317-20260718-15:48:02-5193,attr,Florasat_Individual_Sats.terminal[53].phy.radio.transmitter,centerFrequency,unit,Hz,
General-317-20260718-15:48:02-5193,param,Florasat_Individual_Sats.terminal[53].phy.radio.transmitter,bandwidth,,,250000Hz
General-317-20260718-15:48:02-5193,attr,Florasat_Individual_Sats.terminal[53].phy.radio.transmitter,bandwidth,unit,Hz,
General-317-20260718-15:48:02-5193,param,Florasat_Individual_Sats.terminal[53].phy.radio.transmitter,codeRate,,,1
General-317-20260718-15:48:02-5193,param,Florasat_Individual_Sats.terminal[53].phy.radio.transmitter,modulation,,,"""LoRaModulation"""
General-317-20260718-15:48:02-5193,param,Florasat_Individual_Sats.terminal[53].phy.radio.receiver,typename,,,"""Global.Transceiver.LoRaReceiver"""
General-317-20260718-15:48:02-5193,param,Florasat_Individual_Sats.terminal[53].phy.radio.receiver,energyDetection,,,-90dBm
General-317-20260718-15:48:02-5193,attr,Florasat_Individual_Sats.terminal[53].phy.radio.receiver,energyDetection,unit,dBm,
General-317-20260718-15:48:02-5193,param,Florasat_Individual_Sats.terminal[53].phy.radio.receiver,sensitivity,,,-137dBm
General-317-20260718-15:48:02-5193,attr,Florasat_Individual_Sats.terminal[53].phy.radio.receiver,sensitivity,unit,dBm,
General-317-20260718-15:48:02-5193,param,Florasat_Individual_Sats.terminal[53].phy.radio.receiver,snirThreshold,,,-8dB
General-317-20260718-15:48:02-5193,attr,Florasat_Individual_Sats.terminal[53].phy.radio.receiver,snirThreshold,unit,dB,
General-317-20260718-15:48:02-5193,param,Florasat_Individual_Sats.terminal[53].phy.radio.receiver,centerFrequency,,,8.68e+08Hz
General-317-20260718-15:48:02-5193,attr,Florasat_Individual_Sats.terminal[53].phy.radio.receiver,centerFrequency,unit,Hz,
General-317-20260718-15:48:02-5193,param,Florasat_Individual_Sats.terminal[53].phy.radio.receiver,bandwidth,,,250000Hz
General-317-20260718-15:48:02-5193,attr,Florasat_Individual_Sats.terminal[53].phy.radio.receiver,bandwidth,unit,Hz,
General-317-20260718-15:48:02-5193,param,Florasat_Individual_Sats.terminal[53].phy.radio.receiver,alohaChannelModel,,,false
General-317-20260718-15:48:02-5193,param,Florasat_Individual_Sats.terminal[53].phy.radio.receiver,errorModelType,,,""""""
General-317-20260718-15:48:02-5193,param,Florasat_Individual_Sats.terminal[53].phy.radio.receiver,ignoreInterference,,,false
General-317-20260718-15:48:02-5193,param,Florasat_Individual_Sats.terminal[53].phy.radio.receiver,enableCollisionOverlap,,,false
General-317-20260718-15:48:02-5193,param,Florasat_Individual_Sats.terminal[53].phy.radio.receiver,minCollisionOverlap,,,0s
General-317-20260718-15:48:02-5193,attr,Florasat_Individual_Sats.terminal[53].phy.radio.receiver,minCollisionOverlap,unit,s,
General-317-20260718-15:48:02-5193,param,Florasat_Individual_Sats.terminal[53].phy.radio.IdealEpEnergyStorage,typename,,,"""inet.power.storage.IdealEpEnergyStorage"""
General-317-20260718-15:48:02-5193,param,Florasat_Individual_Sats.terminal[53].phy.radio,typename,,,"""Nodes._10_Terminal._10_Physical.Ter_Phy_LoRaRadio"""
General-317-20260718-15:48:02-5193,param,Florasat_Individual_Sats.terminal[53].phy.radio,radioMediumModule,,,"""radioMedium"""
General-317-20260718-15:48:02-5193,param,Florasat_Individual_Sats.terminal[53].phy.radio,energySourceModule,,,""""""
General-317-20260718-15:48:02-5193,param,Florasat_Individual_Sats.terminal[53].phy.radio,initialRadioMode,,,"""off"""
General-317-20260718-15:48:02-5193,attr,Florasat_Individual_Sats.terminal[53].phy.radio,initialRadioMode,enum,"off,sleep,receiver,transmitter,transceiver",
General-317-20260718-15:48:02-5193,param,Florasat_Individual_Sats.terminal[53].phy.radio,switchingTimes,,,"""ms 0 0 0 0 0 0 0 0 0 0 0 0 0 0 0 0 0 0 0 0 0 0 0 0 0"""
General-317-20260718-15:48:02-5193,param,Florasat_Individual_Sats.terminal[53].phy.radio,sendRawBytes,,,false
General-317-20260718-15:48:02-5193,param,Florasat_Individual_Sats.terminal[53].phy.radio,separateTransmissionParts,,,false
General-317-20260718-15:48:02-5193,param,Florasat_Individual_Sats.terminal[53].phy.radio,separateReceptionParts,,,false
General-317-20260718-15:48:02-5193,param,Florasat_Individual_Sats.terminal[53].phy.radio,displayCommunicationRange,,,false
General-317-20260718-15:48:02-5193,param,Florasat_Individual_Sats.terminal[53].phy.radio,displayInterferenceRange,,,false
General-317-20260718-15:48:02-5193,param,Florasat_Individual_Sats.terminal[53].phy.radio,centerFrequency,,,8.68e+08Hz
General-317-20260718-15:48:02-5193,attr,Florasat_Individual_Sats.terminal[53].phy.radio,centerFrequency,unit,Hz,
General-317-20260718-15:48:02-5193,param,Florasat_Individual_Sats.terminal[53].phy.radio,bandwidth,,,250000Hz
General-317-20260718-15:48:02-5193,attr,Florasat_Individual_Sats.terminal[53].phy.radio,bandwidth,unit,Hz,
General-317-20260718-15:48:02-5193,param,Florasat_Individual_Sats.terminal[53].phy.radio,iAmGateway,,,false
General-317-20260718-15:48:02-5193,param,Florasat_Individual_Sats.terminal[53].phy,typename,,,"""Nodes._10_Terminal._10_Physical.Ter_Phy"""
General-317-20260718-15:48:02-5193,param,Florasat_Individual_Sats.terminal[53].phy,layerName,,,"""Ter_Phy"""
General-317-20260718-15:48:02-5193,attr,Florasat_Individual_Sats.terminal[53].phy,layerName,optional,,
General-317-20260718-15:48:02-5193,param,Florasat_Individual_Sats.terminal[53].dlk.mac.queue,typename,,,"""inet.queueing.queue.DropTailQueue"""
General-317-20260718-15:48:02-5193,param,Florasat_Individual_Sats.terminal[53].dlk.mac.queue,displayStringTextFormat,,,"""contains %p pk (%l) pushed %u\npulled %o removed %r dropped %d"""
General-317-20260718-15:48:02-5193,param,Florasat_Individual_Sats.terminal[53].dlk.mac.queue,packetCapacity,,,-1
General-317-20260718-15:48:02-5193,param,Florasat_Individual_Sats.terminal[53].dlk.mac.queue,dataCapacity,,,-1b
General-317-20260718-15:48:02-5193,attr,Florasat_Individual_Sats.terminal[53].dlk.mac.queue,dataCapacity,unit,b,
General-317-20260718-15:48:02-5193,param,Florasat_Individual_Sats.terminal[53].dlk.mac.queue,dropperClass,,,"""inet::queueing::PacketAtCollectionEndDropper"""
General-317-20260718-15:48:02-5193,param,Florasat_Individual_Sats.terminal[53].dlk.mac.queue,comparatorClass,,,""""""
General-317-20260718-15:48:02-5193,param,Florasat_Individual_Sats.terminal[53].dlk.mac.queue,bufferModule,,,""""""
General-317-20260718-15:48:02-5193,param,Florasat_Individual_Sats.terminal[53].dlk.mac.mlBox,typename,,,"""Nodes._10_Terminal._20_Data_Link.Transmission_Predictor.Transmission_Predictor"""
General-317-20260718-15:48:02-5193,param,Florasat_Individual_Sats.terminal[53].dlk.mac.mlBox,modelPath,,,"""/home/ylnner/Documents/omnet++/omnetpp-6.3.0/projects/florasat_v4_ult_routing/simulations/Test_Individual/mlmodels/transformer_scripted.pt"""
General-317-20260718-15:48:02-5193,param,Florasat_Individual_Sats.terminal[53].dlk.mac.mlBox,threshold,,,0.2
General-317-20260718-15:48:02-5193,param,Florasat_Individual_Sats.terminal[53].dlk.mac.mlBox,scalerPath,,,""""""
General-317-20260718-15:48:02-5193,param,Florasat_Individual_Sats.terminal[53].dlk.mac,typename,,,"""Nodes._10_Terminal._20_Data_Link.Ter_Dlk_KiWan"""
General-317-20260718-15:48:02-5193,param,Florasat_Individual_Sats.terminal[53].dlk.mac,interfaceTableModule,,,""""""
General-317-20260718-15:48:02-5193,param,Florasat_Individual_Sats.terminal[53].dlk.mac,radioModule,,,"""^.^.phy.radio"""
General-317-20260718-15:48:02-5193,param,Florasat_Individual_Sats.terminal[53].dlk.mac,address,,,"""0A-AA-00-00-00-36"""
General-317-20260718-15:48:02-5193,attr,Florasat_Individual_Sats.terminal[53].dlk.mac,address,mutable,,
General-317-20260718-15:48:02-5193,param,Florasat_Individual_Sats.terminal[53].dlk.mac,mtu,,,1500
General-317-20260718-15:48:02-5193,param,Florasat_Individual_Sats.terminal[53].dlk.mac,ttwDuration,,,100s
General-317-20260718-15:48:02-5193,attr,Florasat_Individual_Sats.terminal[53].dlk.mac,ttwDuration,unit,s,
General-317-20260718-15:48:02-5193,param,Florasat_Individual_Sats.terminal[53].dlk.mac,ttwIdle,,,0s
General-317-20260718-15:48:02-5193,attr,Florasat_Individual_Sats.terminal[53].dlk.mac,ttwIdle,unit,s,
General-317-20260718-15:48:02-5193,param,Florasat_Individual_Sats.terminal[53].dlk.mac,ttxStart_min,,,0s
General-317-20260718-15:48:02-5193,attr,Florasat_Individual_Sats.terminal[53].dlk.mac,ttxStart_min,unit,s,
General-317-20260718-15:48:02-5193,param,Florasat_Individual_Sats.terminal[53].dlk.mac,ttxStart_max,,,1s
General-317-20260718-15:48:02-5193,attr,Florasat_Individual_Sats.terminal[53].dlk.mac,ttxStart_max,unit,s,
General-317-20260718-15:48:02-5193,param,Florasat_Individual_Sats.terminal[53].dlk.mac,ttxIdle_min,,,10s
General-317-20260718-15:48:02-5193,attr,Florasat_Individual_Sats.terminal[53].dlk.mac,ttxIdle_min,unit,s,
General-317-20260718-15:48:02-5193,param,Florasat_Individual_Sats.terminal[53].dlk.mac,ttxIdle_max,,,15s
General-317-20260718-15:48:02-5193,attr,Florasat_Individual_Sats.terminal[53].dlk.mac,ttxIdle_max,unit,s,
General-317-20260718-15:48:02-5193,param,Florasat_Individual_Sats.terminal[53].dlk.mac,Ntw,,,1
General-317-20260718-15:48:02-5193,param,Florasat_Individual_Sats.terminal[53].dlk.mac,Ntx,,,5
General-317-20260718-15:48:02-5193,param,Florasat_Individual_Sats.terminal[53].dlk.mac,enableSatDetect,,,false
General-317-20260718-15:48:02-5193,param,Florasat_Individual_Sats.terminal[53].dlk.mac,tsdStart_min,,,0s
General-317-20260718-15:48:02-5193,attr,Florasat_Individual_Sats.terminal[53].dlk.mac,tsdStart_min,unit,s,
General-317-20260718-15:48:02-5193,param,Florasat_Individual_Sats.terminal[53].dlk.mac,tsdStart_max,,,60s
General-317-20260718-15:48:02-5193,attr,Florasat_Individual_Sats.terminal[53].dlk.mac,tsdStart_max,unit,s,
General-317-20260718-15:48:02-5193,param,Florasat_Individual_Sats.terminal[53].dlk.mac,Ndetect,,,4
General-317-20260718-15:48:02-5193,param,Florasat_Individual_Sats.terminal[53].dlk.mac,NsdSync,,,2
General-317-20260718-15:48:02-5193,param,Florasat_Individual_Sats.terminal[53].dlk.mac,tsyncIdle,,,60s
General-317-20260718-15:48:02-5193,attr,Florasat_Individual_Sats.terminal[53].dlk.mac,tsyncIdle,unit,s,
General-317-20260718-15:48:02-5193,param,Florasat_Individual_Sats.terminal[53].dlk.mac,tsdIdle,,,240s
General-317-20260718-15:48:02-5193,attr,Florasat_Individual_Sats.terminal[53].dlk.mac,tsdIdle,unit,s,
General-317-20260718-15:48:02-5193,param,Florasat_Individual_Sats.terminal[53].dlk.mac,satelliteDetectionProbability,,,0.9
General-317-20260718-15:48:02-5193,param,Florasat_Individual_Sats.terminal[53].dlk.mac,minimumElevation,,,5
General-317-20260718-15:48:02-5193,param,Florasat_Individual_Sats.terminal[53].dlk.mac,detectInitialListen,,,0.33s
General-317-20260718-15:48:02-5193,attr,Florasat_Individual_Sats.terminal[53].dlk.mac,detectInitialListen,unit,s,
General-317-20260718-15:48:02-5193,param,Florasat_Individual_Sats.terminal[53].dlk.mac,detectSuccessExtraMin,,,0.075s
General-317-20260718-15:48:02-5193,attr,Florasat_Individual_Sats.terminal[53].dlk.mac,detectSuccessExtraMin,unit,s,
General-317-20260718-15:48:02-5193,param,Florasat_Individual_Sats.terminal[53].dlk.mac,detectSuccessExtraMax,,,1.67s
General-317-20260718-15:48:02-5193,attr,Florasat_Individual_Sats.terminal[53].dlk.mac,detectSuccessExtraMax,unit,s,
General-317-20260718-15:48:02-5193,param,Florasat_Individual_Sats.terminal[53].dlk.mac,detectMissExtra,,,1.67s
General-317-20260718-15:48:02-5193,attr,Florasat_Individual_Sats.terminal[53].dlk.mac,detectMissExtra,unit,s,
General-317-20260718-15:48:02-5193,param,Florasat_Individual_Sats.terminal[53].dlk.mac,LoRaSF,,,11
General-317-20260718-15:48:02-5193,param,Florasat_Individual_Sats.terminal[53].dlk.mac,LoRaTP,,,14
General-317-20260718-15:48:02-5193,param,Florasat_Individual_Sats.terminal[53].dlk.mac,LoRaCF,,,8.68e+08
General-317-20260718-15:48:02-5193,param,Florasat_Individual_Sats.terminal[53].dlk.mac,LoRaBW,,,125000
General-317-20260718-15:48:02-5193,param,Florasat_Individual_Sats.terminal[53].dlk.mac,LoRaCR,,,1
General-317-20260718-15:48:02-5193,param,Florasat_Individual_Sats.terminal[53].dlk.mac,useMLBox,,,true
General-317-20260718-15:48:02-5193,param,Florasat_Individual_Sats.terminal[53].dlk.mac,useMLBoxBiLSTM,,,false
General-317-20260718-15:48:02-5193,param,Florasat_Individual_Sats.terminal[53].dlk.mac,useAnalytical,,,false
General-317-20260718-15:48:02-5193,param,Florasat_Individual_Sats.terminal[53].dlk,typename,,,"""Nodes._10_Terminal._20_Data_Link.Ter_Dlk"""
General-317-20260718-15:48:02-5193,param,Florasat_Individual_Sats.terminal[53].net.routing,typename,,,"""Global.Base._30_Network.Ter_Null_Routing"""
General-317-20260718-15:48:02-5193,param,Florasat_Individual_Sats.terminal[53].net,typename,,,"""Nodes._10_Terminal._30_Network.Ter_Net"""
General-317-20260718-15:48:02-5193,param,Florasat_Individual_Sats.terminal[53].net,layerName,,,"""Ter_Net"""
General-317-20260718-15:48:02-5193,attr,Florasat_Individual_Sats.terminal[53].net,layerName,optional,,
General-317-20260718-15:48:02-5193,param,Florasat_Individual_Sats.terminal[53].net,routingType,,,"""Ter_Null_Routing"""
General-317-20260718-15:48:02-5193,param,Florasat_Individual_Sats.terminal[53].app,typename,,,"""Nodes._10_Terminal._40_Application.Ter_App"""
General-317-20260718-15:48:02-5193,param,Florasat_Individual_Sats.terminal[53].app,layerName,,,"""TerminalApplicationLayer"""
General-317-20260718-15:48:02-5193,attr,Florasat_Individual_Sats.terminal[53].app,layerName,optional,,
General-317-20260718-15:48:02-5193,param,Florasat_Individual_Sats.terminal[53].app,numberOfPacketsToSend,,,0
General-317-20260718-15:48:02-5193,param,Florasat_Individual_Sats.terminal[53].app,timeToFirstPacket,,,1s
General-317-20260718-15:48:02-5193,attr,Florasat_Individual_Sats.terminal[53].app,timeToFirstPacket,unit,s,
General-317-20260718-15:48:02-5193,param,Florasat_Individual_Sats.terminal[53].app,timeToNextPacket,,,115s
General-317-20260718-15:48:02-5193,attr,Florasat_Individual_Sats.terminal[53].app,timeToNextPacket,unit,s,
General-317-20260718-15:48:02-5193,param,Florasat_Individual_Sats.terminal[53].app,timeToResponse,,,30s
General-317-20260718-15:48:02-5193,attr,Florasat_Individual_Sats.terminal[53].app,timeToResponse,unit,s,
General-317-20260718-15:48:02-5193,param,Florasat_Individual_Sats.terminal[53].app,timeToRetry,,,10s
General-317-20260718-15:48:02-5193,attr,Florasat_Individual_Sats.terminal[53].app,timeToRetry,unit,s,
General-317-20260718-15:48:02-5193,param,Florasat_Individual_Sats.terminal[53].app,ackTimeout,,,7s
General-317-20260718-15:48:02-5193,attr,Florasat_Individual_Sats.terminal[53].app,ackTimeout,unit,s,
General-317-20260718-15:48:02-5193,param,Florasat_Individual_Sats.terminal[53].app,timer,,,1s
General-317-20260718-15:48:02-5193,attr,Florasat_Individual_Sats.terminal[53].app,timer,unit,s,
General-317-20260718-15:48:02-5193,param,Florasat_Individual_Sats.terminal[53].app,initialLoRaTP,,,14dBm
General-317-20260718-15:48:02-5193,attr,Florasat_Individual_Sats.terminal[53].app,initialLoRaTP,unit,dBm,
General-317-20260718-15:48:02-5193,param,Florasat_Individual_Sats.terminal[53].app,initialLoRaCF,,,8.68e+08Hz
General-317-20260718-15:48:02-5193,attr,Florasat_Individual_Sats.terminal[53].app,initialLoRaCF,unit,Hz,
General-317-20260718-15:48:02-5193,param,Florasat_Individual_Sats.terminal[53].app,initialLoRaSF,,,12
General-317-20260718-15:48:02-5193,param,Florasat_Individual_Sats.terminal[53].app,initialLoRaBW,,,125000Hz
General-317-20260718-15:48:02-5193,attr,Florasat_Individual_Sats.terminal[53].app,initialLoRaBW,unit,Hz,
General-317-20260718-15:48:02-5193,param,Florasat_Individual_Sats.terminal[53].app,initialLoRaCR,,,4
General-317-20260718-15:48:02-5193,param,Florasat_Individual_Sats.terminal[53].app,initialUseHeader,,,true
General-317-20260718-15:48:02-5193,param,Florasat_Individual_Sats.terminal[53].app,initialPingSlot,,,1
General-317-20260718-15:48:02-5193,param,Florasat_Individual_Sats.terminal[53].app,InitClassA,,,true
General-317-20260718-15:48:02-5193,param,Florasat_Individual_Sats.terminal[53].app,InitClassB,,,false
General-317-20260718-15:48:02-5193,param,Florasat_Individual_Sats.terminal[53].app,evaluateADRinNode,,,false
General-317-20260718-15:48:02-5193,param,Florasat_Individual_Sats.terminal[53].app,payloadSize,,,10B
General-317-20260718-15:48:02-5193,attr,Florasat_Individual_Sats.terminal[53].app,payloadSize,unit,B,
General-317-20260718-15:48:02-5193,param,Florasat_Individual_Sats.terminal[53].app,usingAck,,,true
General-317-20260718-15:48:02-5193,param,Florasat_Individual_Sats.terminal[53].app,numGroundLinks,,,40
General-317-20260718-15:48:02-5193,param,Florasat_Individual_Sats.terminal[53].app,maxHops,,,50
General-317-20260718-15:48:02-5193,param,Florasat_Individual_Sats.terminal[53].app,nroMaxAttempts,,,0
General-317-20260718-15:48:02-5193,param,Florasat_Individual_Sats.terminal[53].eng,typename,,,"""Nodes._10_Terminal._50_Energy.Ter_Ene"""
General-317-20260718-15:48:02-5193,param,Florasat_Individual_Sats.terminal[53].mob,typename,,,"""Nodes._10_Terminal._60_Mobility.Ter_Mob"""
General-317-20260718-15:48:02-5193,param,Florasat_Individual_Sats.terminal[53].mob,subjectModule,,,"""^"""
General-317-20260718-15:48:02-5193,param,Florasat_Individual_Sats.terminal[53].mob,coordinateSystemModule,,,""""""
General-317-20260718-15:48:02-5193,param,Florasat_Individual_Sats.terminal[53].mob,displayStringTextFormat,,,"""p: %p\nv: %v"""
General-317-20260718-15:48:02-5193,attr,Florasat_Individual_Sats.terminal[53].mob,displayStringTextFormat,mutable,,
General-317-20260718-15:48:02-5193,param,Florasat_Individual_Sats.terminal[53].mob,updateDisplayString,,,true
General-317-20260718-15:48:02-5193,param,Florasat_Individual_Sats.terminal[53].mob,constraintAreaMinX,,,-inf m
General-317-20260718-15:48:02-5193,attr,Florasat_Individual_Sats.terminal[53].mob,constraintAreaMinX,unit,m,
General-317-20260718-15:48:02-5193,param,Florasat_Individual_Sats.terminal[53].mob,constraintAreaMinY,,,-inf m
General-317-20260718-15:48:02-5193,attr,Florasat_Individual_Sats.terminal[53].mob,constraintAreaMinY,unit,m,
General-317-20260718-15:48:02-5193,param,Florasat_Individual_Sats.terminal[53].mob,constraintAreaMinZ,,,-inf m
General-317-20260718-15:48:02-5193,attr,Florasat_Individual_Sats.terminal[53].mob,constraintAreaMinZ,unit,m,
General-317-20260718-15:48:02-5193,param,Florasat_Individual_Sats.terminal[53].mob,constraintAreaMaxX,,,inf m
General-317-20260718-15:48:02-5193,attr,Florasat_Individual_Sats.terminal[53].mob,constraintAreaMaxX,unit,m,
General-317-20260718-15:48:02-5193,param,Florasat_Individual_Sats.terminal[53].mob,constraintAreaMaxY,,,inf m
General-317-20260718-15:48:02-5193,attr,Florasat_Individual_Sats.terminal[53].mob,constraintAreaMaxY,unit,m,
General-317-20260718-15:48:02-5193,param,Florasat_Individual_Sats.terminal[53].mob,constraintAreaMaxZ,,,inf m
General-317-20260718-15:48:02-5193,attr,Florasat_Individual_Sats.terminal[53].mob,constraintAreaMaxZ,unit,m,
General-317-20260718-15:48:02-5193,param,Florasat_Individual_Sats.terminal[53].mob,initialX,,,nan m
General-317-20260718-15:48:02-5193,attr,Florasat_Individual_Sats.terminal[53].mob,initialX,unit,m,
General-317-20260718-15:48:02-5193,param,Florasat_Individual_Sats.terminal[53].mob,initialY,,,nan m
General-317-20260718-15:48:02-5193,attr,Florasat_Individual_Sats.terminal[53].mob,initialY,unit,m,
General-317-20260718-15:48:02-5193,param,Florasat_Individual_Sats.terminal[53].mob,initialZ,,,0m
General-317-20260718-15:48:02-5193,attr,Florasat_Individual_Sats.terminal[53].mob,initialZ,unit,m,
General-317-20260718-15:48:02-5193,param,Florasat_Individual_Sats.terminal[53].mob,initialLatitude,,,nan deg
General-317-20260718-15:48:02-5193,attr,Florasat_Individual_Sats.terminal[53].mob,initialLatitude,unit,deg,
General-317-20260718-15:48:02-5193,param,Florasat_Individual_Sats.terminal[53].mob,initialLongitude,,,nan deg
General-317-20260718-15:48:02-5193,attr,Florasat_Individual_Sats.terminal[53].mob,initialLongitude,unit,deg,
General-317-20260718-15:48:02-5193,param,Florasat_Individual_Sats.terminal[53].mob,initialAltitude,,,0m
General-317-20260718-15:48:02-5193,attr,Florasat_Individual_Sats.terminal[53].mob,initialAltitude,unit,m,
General-317-20260718-15:48:02-5193,param,Florasat_Individual_Sats.terminal[53].mob,initialHeading,,,0deg
General-317-20260718-15:48:02-5193,attr,Florasat_Individual_Sats.terminal[53].mob,initialHeading,unit,deg,
General-317-20260718-15:48:02-5193,param,Florasat_Individual_Sats.terminal[53].mob,initialElevation,,,0deg
General-317-20260718-15:48:02-5193,attr,Florasat_Individual_Sats.terminal[53].mob,initialElevation,unit,deg,
General-317-20260718-15:48:02-5193,param,Florasat_Individual_Sats.terminal[53].mob,initialBank,,,0deg
General-317-20260718-15:48:02-5193,attr,Florasat_Individual_Sats.terminal[53].mob,initialBank,unit,deg,
General-317-20260718-15:48:02-5193,param,Florasat_Individual_Sats.terminal[53].mob,initFromDisplayString,,,false
General-317-20260718-15:48:02-5193,param,Florasat_Individual_Sats.terminal[53].mob,updateFromDisplayString,,,false
General-317-20260718-15:48:02-5193,param,Florasat_Individual_Sats.terminal[53].mob,centerLatitude,,,40.64
General-317-20260718-15:48:02-5193,param,Florasat_Individual_Sats.terminal[53].mob,centerLongitude,,,22.944
General-317-20260718-15:48:02-5193,param,Florasat_Individual_Sats.terminal[53].mob,deploymentRadius,,,200
General-317-20260718-15:48:02-5193,param,Florasat_Individual_Sats.terminal[53],typename,,,"""Nodes._10_Terminal.Terminal"""
General-317-20260718-15:48:02-5193,param,Florasat_Individual_Sats.terminal[53],layerName,,,"""Terminal"""
General-317-20260718-15:48:02-5193,attr,Florasat_Individual_Sats.terminal[53],layerName,optional,,
General-317-20260718-15:48:02-5193,param,Florasat_Individual_Sats.terminal[53],sendData,,,true
General-317-20260718-15:48:02-5193,attr,Florasat_Individual_Sats.terminal[53],sendData,mutable,,
General-317-20260718-15:48:02-5193,param,Florasat_Individual_Sats.terminal[53],dstGsOrDev,,,0
General-317-20260718-15:48:02-5193,param,Florasat_Individual_Sats.terminal[54].phy.radio.antenna,typename,,,"""inet.physicallayer.wireless.common.antenna.IsotropicAntenna"""
General-317-20260718-15:48:02-5193,param,Florasat_Individual_Sats.terminal[54].phy.radio.antenna,mobilityModule,,,"""^.^.^.mob"""
General-317-20260718-15:48:02-5193,param,Florasat_Individual_Sats.terminal[54].phy.radio.antenna,numAntennas,,,1
General-317-20260718-15:48:02-5193,param,Florasat_Individual_Sats.terminal[54].phy.radio.transmitter,typename,,,"""Global.Transceiver.LoRaTransmitter"""
General-317-20260718-15:48:02-5193,param,Florasat_Individual_Sats.terminal[54].phy.radio.transmitter,preambleDuration,,,0.001s
General-317-20260718-15:48:02-5193,attr,Florasat_Individual_Sats.terminal[54].phy.radio.transmitter,preambleDuration,unit,s,
General-317-20260718-15:48:02-5193,param,Florasat_Individual_Sats.terminal[54].phy.radio.transmitter,headerLength,,,40b
General-317-20260718-15:48:02-5193,attr,Florasat_Individual_Sats.terminal[54].phy.radio.transmitter,headerLength,unit,b,
General-317-20260718-15:48:02-5193,param,Florasat_Individual_Sats.terminal[54].phy.radio.transmitter,bitrate,,,250000bps
General-317-20260718-15:48:02-5193,attr,Florasat_Individual_Sats.terminal[54].phy.radio.transmitter,bitrate,unit,bps,
General-317-20260718-15:48:02-5193,param,Florasat_Individual_Sats.terminal[54].phy.radio.transmitter,power,,,0.025118W
General-317-20260718-15:48:02-5193,attr,Florasat_Individual_Sats.terminal[54].phy.radio.transmitter,power,unit,W,
General-317-20260718-15:48:02-5193,param,Florasat_Individual_Sats.terminal[54].phy.radio.transmitter,centerFrequency,,,8.68e+08Hz
General-317-20260718-15:48:02-5193,attr,Florasat_Individual_Sats.terminal[54].phy.radio.transmitter,centerFrequency,unit,Hz,
General-317-20260718-15:48:02-5193,param,Florasat_Individual_Sats.terminal[54].phy.radio.transmitter,bandwidth,,,250000Hz
General-317-20260718-15:48:02-5193,attr,Florasat_Individual_Sats.terminal[54].phy.radio.transmitter,bandwidth,unit,Hz,
General-317-20260718-15:48:02-5193,param,Florasat_Individual_Sats.terminal[54].phy.radio.transmitter,codeRate,,,1
General-317-20260718-15:48:02-5193,param,Florasat_Individual_Sats.terminal[54].phy.radio.transmitter,modulation,,,"""LoRaModulation"""
General-317-20260718-15:48:02-5193,param,Florasat_Individual_Sats.terminal[54].phy.radio.receiver,typename,,,"""Global.Transceiver.LoRaReceiver"""
General-317-20260718-15:48:02-5193,param,Florasat_Individual_Sats.terminal[54].phy.radio.receiver,energyDetection,,,-90dBm
General-317-20260718-15:48:02-5193,attr,Florasat_Individual_Sats.terminal[54].phy.radio.receiver,energyDetection,unit,dBm,
General-317-20260718-15:48:02-5193,param,Florasat_Individual_Sats.terminal[54].phy.radio.receiver,sensitivity,,,-137dBm
General-317-20260718-15:48:02-5193,attr,Florasat_Individual_Sats.terminal[54].phy.radio.receiver,sensitivity,unit,dBm,
General-317-20260718-15:48:02-5193,param,Florasat_Individual_Sats.terminal[54].phy.radio.receiver,snirThreshold,,,-8dB
General-317-20260718-15:48:02-5193,attr,Florasat_Individual_Sats.terminal[54].phy.radio.receiver,snirThreshold,unit,dB,
General-317-20260718-15:48:02-5193,param,Florasat_Individual_Sats.terminal[54].phy.radio.receiver,centerFrequency,,,8.68e+08Hz
General-317-20260718-15:48:02-5193,attr,Florasat_Individual_Sats.terminal[54].phy.radio.receiver,centerFrequency,unit,Hz,
General-317-20260718-15:48:02-5193,param,Florasat_Individual_Sats.terminal[54].phy.radio.receiver,bandwidth,,,250000Hz
General-317-20260718-15:48:02-5193,attr,Florasat_Individual_Sats.terminal[54].phy.radio.receiver,bandwidth,unit,Hz,
General-317-20260718-15:48:02-5193,param,Florasat_Individual_Sats.terminal[54].phy.radio.receiver,alohaChannelModel,,,false
General-317-20260718-15:48:02-5193,param,Florasat_Individual_Sats.terminal[54].phy.radio.receiver,errorModelType,,,""""""
General-317-20260718-15:48:02-5193,param,Florasat_Individual_Sats.terminal[54].phy.radio.receiver,ignoreInterference,,,false
General-317-20260718-15:48:02-5193,param,Florasat_Individual_Sats.terminal[54].phy.radio.receiver,enableCollisionOverlap,,,false
General-317-20260718-15:48:02-5193,param,Florasat_Individual_Sats.terminal[54].phy.radio.receiver,minCollisionOverlap,,,0s
General-317-20260718-15:48:02-5193,attr,Florasat_Individual_Sats.terminal[54].phy.radio.receiver,minCollisionOverlap,unit,s,
General-317-20260718-15:48:02-5193,param,Florasat_Individual_Sats.terminal[54].phy.radio.IdealEpEnergyStorage,typename,,,"""inet.power.storage.IdealEpEnergyStorage"""
General-317-20260718-15:48:02-5193,param,Florasat_Individual_Sats.terminal[54].phy.radio,typename,,,"""Nodes._10_Terminal._10_Physical.Ter_Phy_LoRaRadio"""
General-317-20260718-15:48:02-5193,param,Florasat_Individual_Sats.terminal[54].phy.radio,radioMediumModule,,,"""radioMedium"""
General-317-20260718-15:48:02-5193,param,Florasat_Individual_Sats.terminal[54].phy.radio,energySourceModule,,,""""""
General-317-20260718-15:48:02-5193,param,Florasat_Individual_Sats.terminal[54].phy.radio,initialRadioMode,,,"""off"""
General-317-20260718-15:48:02-5193,attr,Florasat_Individual_Sats.terminal[54].phy.radio,initialRadioMode,enum,"off,sleep,receiver,transmitter,transceiver",
General-317-20260718-15:48:02-5193,param,Florasat_Individual_Sats.terminal[54].phy.radio,switchingTimes,,,"""ms 0 0 0 0 0 0 0 0 0 0 0 0 0 0 0 0 0 0 0 0 0 0 0 0 0"""
General-317-20260718-15:48:02-5193,param,Florasat_Individual_Sats.terminal[54].phy.radio,sendRawBytes,,,false
General-317-20260718-15:48:02-5193,param,Florasat_Individual_Sats.terminal[54].phy.radio,separateTransmissionParts,,,false
General-317-20260718-15:48:02-5193,param,Florasat_Individual_Sats.terminal[54].phy.radio,separateReceptionParts,,,false
General-317-20260718-15:48:02-5193,param,Florasat_Individual_Sats.terminal[54].phy.radio,displayCommunicationRange,,,false
General-317-20260718-15:48:02-5193,param,Florasat_Individual_Sats.terminal[54].phy.radio,displayInterferenceRange,,,false
General-317-20260718-15:48:02-5193,param,Florasat_Individual_Sats.terminal[54].phy.radio,centerFrequency,,,8.68e+08Hz
General-317-20260718-15:48:02-5193,attr,Florasat_Individual_Sats.terminal[54].phy.radio,centerFrequency,unit,Hz,
General-317-20260718-15:48:02-5193,param,Florasat_Individual_Sats.terminal[54].phy.radio,bandwidth,,,250000Hz
General-317-20260718-15:48:02-5193,attr,Florasat_Individual_Sats.terminal[54].phy.radio,bandwidth,unit,Hz,
General-317-20260718-15:48:02-5193,param,Florasat_Individual_Sats.terminal[54].phy.radio,iAmGateway,,,false
General-317-20260718-15:48:02-5193,param,Florasat_Individual_Sats.terminal[54].phy,typename,,,"""Nodes._10_Terminal._10_Physical.Ter_Phy"""
General-317-20260718-15:48:02-5193,param,Florasat_Individual_Sats.terminal[54].phy,layerName,,,"""Ter_Phy"""
General-317-20260718-15:48:02-5193,attr,Florasat_Individual_Sats.terminal[54].phy,layerName,optional,,
General-317-20260718-15:48:02-5193,param,Florasat_Individual_Sats.terminal[54].dlk.mac.queue,typename,,,"""inet.queueing.queue.DropTailQueue"""
General-317-20260718-15:48:02-5193,param,Florasat_Individual_Sats.terminal[54].dlk.mac.queue,displayStringTextFormat,,,"""contains %p pk (%l) pushed %u\npulled %o removed %r dropped %d"""
General-317-20260718-15:48:02-5193,param,Florasat_Individual_Sats.terminal[54].dlk.mac.queue,packetCapacity,,,-1
General-317-20260718-15:48:02-5193,param,Florasat_Individual_Sats.terminal[54].dlk.mac.queue,dataCapacity,,,-1b
General-317-20260718-15:48:02-5193,attr,Florasat_Individual_Sats.terminal[54].dlk.mac.queue,dataCapacity,unit,b,
General-317-20260718-15:48:02-5193,param,Florasat_Individual_Sats.terminal[54].dlk.mac.queue,dropperClass,,,"""inet::queueing::PacketAtCollectionEndDropper"""
General-317-20260718-15:48:02-5193,param,Florasat_Individual_Sats.terminal[54].dlk.mac.queue,comparatorClass,,,""""""
General-317-20260718-15:48:02-5193,param,Florasat_Individual_Sats.terminal[54].dlk.mac.queue,bufferModule,,,""""""
General-317-20260718-15:48:02-5193,param,Florasat_Individual_Sats.terminal[54].dlk.mac.mlBox,typename,,,"""Nodes._10_Terminal._20_Data_Link.Transmission_Predictor.Transmission_Predictor"""
General-317-20260718-15:48:02-5193,param,Florasat_Individual_Sats.terminal[54].dlk.mac.mlBox,modelPath,,,"""/home/ylnner/Documents/omnet++/omnetpp-6.3.0/projects/florasat_v4_ult_routing/simulations/Test_Individual/mlmodels/transformer_scripted.pt"""
General-317-20260718-15:48:02-5193,param,Florasat_Individual_Sats.terminal[54].dlk.mac.mlBox,threshold,,,0.2
General-317-20260718-15:48:02-5193,param,Florasat_Individual_Sats.terminal[54].dlk.mac.mlBox,scalerPath,,,""""""
General-317-20260718-15:48:02-5193,param,Florasat_Individual_Sats.terminal[54].dlk.mac,typename,,,"""Nodes._10_Terminal._20_Data_Link.Ter_Dlk_KiWan"""
General-317-20260718-15:48:02-5193,param,Florasat_Individual_Sats.terminal[54].dlk.mac,interfaceTableModule,,,""""""
General-317-20260718-15:48:02-5193,param,Florasat_Individual_Sats.terminal[54].dlk.mac,radioModule,,,"""^.^.phy.radio"""
General-317-20260718-15:48:02-5193,param,Florasat_Individual_Sats.terminal[54].dlk.mac,address,,,"""0A-AA-00-00-00-37"""
General-317-20260718-15:48:02-5193,attr,Florasat_Individual_Sats.terminal[54].dlk.mac,address,mutable,,
General-317-20260718-15:48:02-5193,param,Florasat_Individual_Sats.terminal[54].dlk.mac,mtu,,,1500
General-317-20260718-15:48:02-5193,param,Florasat_Individual_Sats.terminal[54].dlk.mac,ttwDuration,,,100s
General-317-20260718-15:48:02-5193,attr,Florasat_Individual_Sats.terminal[54].dlk.mac,ttwDuration,unit,s,
General-317-20260718-15:48:02-5193,param,Florasat_Individual_Sats.terminal[54].dlk.mac,ttwIdle,,,0s
General-317-20260718-15:48:02-5193,attr,Florasat_Individual_Sats.terminal[54].dlk.mac,ttwIdle,unit,s,
General-317-20260718-15:48:02-5193,param,Florasat_Individual_Sats.terminal[54].dlk.mac,ttxStart_min,,,0s
General-317-20260718-15:48:02-5193,attr,Florasat_Individual_Sats.terminal[54].dlk.mac,ttxStart_min,unit,s,
General-317-20260718-15:48:02-5193,param,Florasat_Individual_Sats.terminal[54].dlk.mac,ttxStart_max,,,1s
General-317-20260718-15:48:02-5193,attr,Florasat_Individual_Sats.terminal[54].dlk.mac,ttxStart_max,unit,s,
General-317-20260718-15:48:02-5193,param,Florasat_Individual_Sats.terminal[54].dlk.mac,ttxIdle_min,,,10s
General-317-20260718-15:48:02-5193,attr,Florasat_Individual_Sats.terminal[54].dlk.mac,ttxIdle_min,unit,s,
General-317-20260718-15:48:02-5193,param,Florasat_Individual_Sats.terminal[54].dlk.mac,ttxIdle_max,,,15s
General-317-20260718-15:48:02-5193,attr,Florasat_Individual_Sats.terminal[54].dlk.mac,ttxIdle_max,unit,s,
General-317-20260718-15:48:02-5193,param,Florasat_Individual_Sats.terminal[54].dlk.mac,Ntw,,,1
General-317-20260718-15:48:02-5193,param,Florasat_Individual_Sats.terminal[54].dlk.mac,Ntx,,,5
General-317-20260718-15:48:02-5193,param,Florasat_Individual_Sats.terminal[54].dlk.mac,enableSatDetect,,,false
General-317-20260718-15:48:02-5193,param,Florasat_Individual_Sats.terminal[54].dlk.mac,tsdStart_min,,,0s
General-317-20260718-15:48:02-5193,attr,Florasat_Individual_Sats.terminal[54].dlk.mac,tsdStart_min,unit,s,
General-317-20260718-15:48:02-5193,param,Florasat_Individual_Sats.terminal[54].dlk.mac,tsdStart_max,,,60s
General-317-20260718-15:48:02-5193,attr,Florasat_Individual_Sats.terminal[54].dlk.mac,tsdStart_max,unit,s,
General-317-20260718-15:48:02-5193,param,Florasat_Individual_Sats.terminal[54].dlk.mac,Ndetect,,,4
General-317-20260718-15:48:02-5193,param,Florasat_Individual_Sats.terminal[54].dlk.mac,NsdSync,,,2
General-317-20260718-15:48:02-5193,param,Florasat_Individual_Sats.terminal[54].dlk.mac,tsyncIdle,,,60s
General-317-20260718-15:48:02-5193,attr,Florasat_Individual_Sats.terminal[54].dlk.mac,tsyncIdle,unit,s,
General-317-20260718-15:48:02-5193,param,Florasat_Individual_Sats.terminal[54].dlk.mac,tsdIdle,,,240s
General-317-20260718-15:48:02-5193,attr,Florasat_Individual_Sats.terminal[54].dlk.mac,tsdIdle,unit,s,
General-317-20260718-15:48:02-5193,param,Florasat_Individual_Sats.terminal[54].dlk.mac,satelliteDetectionProbability,,,0.9
General-317-20260718-15:48:02-5193,param,Florasat_Individual_Sats.terminal[54].dlk.mac,minimumElevation,,,5
General-317-20260718-15:48:02-5193,param,Florasat_Individual_Sats.terminal[54].dlk.mac,detectInitialListen,,,0.33s
General-317-20260718-15:48:02-5193,attr,Florasat_Individual_Sats.terminal[54].dlk.mac,detectInitialListen,unit,s,
General-317-20260718-15:48:02-5193,param,Florasat_Individual_Sats.terminal[54].dlk.mac,detectSuccessExtraMin,,,0.075s
General-317-20260718-15:48:02-5193,attr,Florasat_Individual_Sats.terminal[54].dlk.mac,detectSuccessExtraMin,unit,s,
General-317-20260718-15:48:02-5193,param,Florasat_Individual_Sats.terminal[54].dlk.mac,detectSuccessExtraMax,,,1.67s
General-317-20260718-15:48:02-5193,attr,Florasat_Individual_Sats.terminal[54].dlk.mac,detectSuccessExtraMax,unit,s,
General-317-20260718-15:48:02-5193,param,Florasat_Individual_Sats.terminal[54].dlk.mac,detectMissExtra,,,1.67s
General-317-20260718-15:48:02-5193,attr,Florasat_Individual_Sats.terminal[54].dlk.mac,detectMissExtra,unit,s,
General-317-20260718-15:48:02-5193,param,Florasat_Individual_Sats.terminal[54].dlk.mac,LoRaSF,,,12
General-317-20260718-15:48:02-5193,param,Florasat_Individual_Sats.terminal[54].dlk.mac,LoRaTP,,,12
General-317-20260718-15:48:02-5193,param,Florasat_Individual_Sats.terminal[54].dlk.mac,LoRaCF,,,8.68e+08
General-317-20260718-15:48:02-5193,param,Florasat_Individual_Sats.terminal[54].dlk.mac,LoRaBW,,,125000
General-317-20260718-15:48:02-5193,param,Florasat_Individual_Sats.terminal[54].dlk.mac,LoRaCR,,,1
General-317-20260718-15:48:02-5193,param,Florasat_Individual_Sats.terminal[54].dlk.mac,useMLBox,,,true
General-317-20260718-15:48:02-5193,param,Florasat_Individual_Sats.terminal[54].dlk.mac,useMLBoxBiLSTM,,,false
General-317-20260718-15:48:02-5193,param,Florasat_Individual_Sats.terminal[54].dlk.mac,useAnalytical,,,false
General-317-20260718-15:48:02-5193,param,Florasat_Individual_Sats.terminal[54].dlk,typename,,,"""Nodes._10_Terminal._20_Data_Link.Ter_Dlk"""
General-317-20260718-15:48:02-5193,param,Florasat_Individual_Sats.terminal[54].net.routing,typename,,,"""Global.Base._30_Network.Ter_Null_Routing"""
General-317-20260718-15:48:02-5193,param,Florasat_Individual_Sats.terminal[54].net,typename,,,"""Nodes._10_Terminal._30_Network.Ter_Net"""
General-317-20260718-15:48:02-5193,param,Florasat_Individual_Sats.terminal[54].net,layerName,,,"""Ter_Net"""
General-317-20260718-15:48:02-5193,attr,Florasat_Individual_Sats.terminal[54].net,layerName,optional,,
General-317-20260718-15:48:02-5193,param,Florasat_Individual_Sats.terminal[54].net,routingType,,,"""Ter_Null_Routing"""
General-317-20260718-15:48:02-5193,param,Florasat_Individual_Sats.terminal[54].app,typename,,,"""Nodes._10_Terminal._40_Application.Ter_App"""
General-317-20260718-15:48:02-5193,param,Florasat_Individual_Sats.terminal[54].app,layerName,,,"""TerminalApplicationLayer"""
General-317-20260718-15:48:02-5193,attr,Florasat_Individual_Sats.terminal[54].app,layerName,optional,,
General-317-20260718-15:48:02-5193,param,Florasat_Individual_Sats.terminal[54].app,numberOfPacketsToSend,,,0
General-317-20260718-15:48:02-5193,param,Florasat_Individual_Sats.terminal[54].app,timeToFirstPacket,,,1s
General-317-20260718-15:48:02-5193,attr,Florasat_Individual_Sats.terminal[54].app,timeToFirstPacket,unit,s,
General-317-20260718-15:48:02-5193,param,Florasat_Individual_Sats.terminal[54].app,timeToNextPacket,,,115s
General-317-20260718-15:48:02-5193,attr,Florasat_Individual_Sats.terminal[54].app,timeToNextPacket,unit,s,
General-317-20260718-15:48:02-5193,param,Florasat_Individual_Sats.terminal[54].app,timeToResponse,,,30s
General-317-20260718-15:48:02-5193,attr,Florasat_Individual_Sats.terminal[54].app,timeToResponse,unit,s,
General-317-20260718-15:48:02-5193,param,Florasat_Individual_Sats.terminal[54].app,timeToRetry,,,10s
General-317-20260718-15:48:02-5193,attr,Florasat_Individual_Sats.terminal[54].app,timeToRetry,unit,s,
General-317-20260718-15:48:02-5193,param,Florasat_Individual_Sats.terminal[54].app,ackTimeout,,,7s
General-317-20260718-15:48:02-5193,attr,Florasat_Individual_Sats.terminal[54].app,ackTimeout,unit,s,
General-317-20260718-15:48:02-5193,param,Florasat_Individual_Sats.terminal[54].app,timer,,,1s
General-317-20260718-15:48:02-5193,attr,Florasat_Individual_Sats.terminal[54].app,timer,unit,s,
General-317-20260718-15:48:02-5193,param,Florasat_Individual_Sats.terminal[54].app,initialLoRaTP,,,14dBm
General-317-20260718-15:48:02-5193,attr,Florasat_Individual_Sats.terminal[54].app,initialLoRaTP,unit,dBm,
General-317-20260718-15:48:02-5193,param,Florasat_Individual_Sats.terminal[54].app,initialLoRaCF,,,8.68e+08Hz
General-317-20260718-15:48:02-5193,attr,Florasat_Individual_Sats.terminal[54].app,initialLoRaCF,unit,Hz,
General-317-20260718-15:48:02-5193,param,Florasat_Individual_Sats.terminal[54].app,initialLoRaSF,,,12
General-317-20260718-15:48:02-5193,param,Florasat_Individual_Sats.terminal[54].app,initialLoRaBW,,,125000Hz
General-317-20260718-15:48:02-5193,attr,Florasat_Individual_Sats.terminal[54].app,initialLoRaBW,unit,Hz,
General-317-20260718-15:48:02-5193,param,Florasat_Individual_Sats.terminal[54].app,initialLoRaCR,,,4
General-317-20260718-15:48:02-5193,param,Florasat_Individual_Sats.terminal[54].app,initialUseHeader,,,true
General-317-20260718-15:48:02-5193,param,Florasat_Individual_Sats.terminal[54].app,initialPingSlot,,,1
General-317-20260718-15:48:02-5193,param,Florasat_Individual_Sats.terminal[54].app,InitClassA,,,true
General-317-20260718-15:48:02-5193,param,Florasat_Individual_Sats.terminal[54].app,InitClassB,,,false
General-317-20260718-15:48:02-5193,param,Florasat_Individual_Sats.terminal[54].app,evaluateADRinNode,,,false
General-317-20260718-15:48:02-5193,param,Florasat_Individual_Sats.terminal[54].app,payloadSize,,,10B
General-317-20260718-15:48:02-5193,attr,Florasat_Individual_Sats.terminal[54].app,payloadSize,unit,B,
General-317-20260718-15:48:02-5193,param,Florasat_Individual_Sats.terminal[54].app,usingAck,,,true
General-317-20260718-15:48:02-5193,param,Florasat_Individual_Sats.terminal[54].app,numGroundLinks,,,40
General-317-20260718-15:48:02-5193,param,Florasat_Individual_Sats.terminal[54].app,maxHops,,,50
General-317-20260718-15:48:02-5193,param,Florasat_Individual_Sats.terminal[54].app,nroMaxAttempts,,,0
General-317-20260718-15:48:02-5193,param,Florasat_Individual_Sats.terminal[54].eng,typename,,,"""Nodes._10_Terminal._50_Energy.Ter_Ene"""
General-317-20260718-15:48:02-5193,param,Florasat_Individual_Sats.terminal[54].mob,typename,,,"""Nodes._10_Terminal._60_Mobility.Ter_Mob"""
General-317-20260718-15:48:02-5193,param,Florasat_Individual_Sats.terminal[54].mob,subjectModule,,,"""^"""
General-317-20260718-15:48:02-5193,param,Florasat_Individual_Sats.terminal[54].mob,coordinateSystemModule,,,""""""
General-317-20260718-15:48:02-5193,param,Florasat_Individual_Sats.terminal[54].mob,displayStringTextFormat,,,"""p: %p\nv: %v"""
General-317-20260718-15:48:02-5193,attr,Florasat_Individual_Sats.terminal[54].mob,displayStringTextFormat,mutable,,
General-317-20260718-15:48:02-5193,param,Florasat_Individual_Sats.terminal[54].mob,updateDisplayString,,,true
General-317-20260718-15:48:02-5193,param,Florasat_Individual_Sats.terminal[54].mob,constraintAreaMinX,,,-inf m
General-317-20260718-15:48:02-5193,attr,Florasat_Individual_Sats.terminal[54].mob,constraintAreaMinX,unit,m,
General-317-20260718-15:48:02-5193,param,Florasat_Individual_Sats.terminal[54].mob,constraintAreaMinY,,,-inf m
General-317-20260718-15:48:02-5193,attr,Florasat_Individual_Sats.terminal[54].mob,constraintAreaMinY,unit,m,
General-317-20260718-15:48:02-5193,param,Florasat_Individual_Sats.terminal[54].mob,constraintAreaMinZ,,,-inf m
General-317-20260718-15:48:02-5193,attr,Florasat_Individual_Sats.terminal[54].mob,constraintAreaMinZ,unit,m,
General-317-20260718-15:48:02-5193,param,Florasat_Individual_Sats.terminal[54].mob,constraintAreaMaxX,,,inf m
General-317-20260718-15:48:02-5193,attr,Florasat_Individual_Sats.terminal[54].mob,constraintAreaMaxX,unit,m,
General-317-20260718-15:48:02-5193,param,Florasat_Individual_Sats.terminal[54].mob,constraintAreaMaxY,,,inf m
General-317-20260718-15:48:02-5193,attr,Florasat_Individual_Sats.terminal[54].mob,constraintAreaMaxY,unit,m,
General-317-20260718-15:48:02-5193,param,Florasat_Individual_Sats.terminal[54].mob,constraintAreaMaxZ,,,inf m
General-317-20260718-15:48:02-5193,attr,Florasat_Individual_Sats.terminal[54].mob,constraintAreaMaxZ,unit,m,
General-317-20260718-15:48:02-5193,param,Florasat_Individual_Sats.terminal[54].mob,initialX,,,nan m
General-317-20260718-15:48:02-5193,attr,Florasat_Individual_Sats.terminal[54].mob,initialX,unit,m,
General-317-20260718-15:48:02-5193,param,Florasat_Individual_Sats.terminal[54].mob,initialY,,,nan m
General-317-20260718-15:48:02-5193,attr,Florasat_Individual_Sats.terminal[54].mob,initialY,unit,m,
General-317-20260718-15:48:02-5193,param,Florasat_Individual_Sats.terminal[54].mob,initialZ,,,0m
General-317-20260718-15:48:02-5193,attr,Florasat_Individual_Sats.terminal[54].mob,initialZ,unit,m,
General-317-20260718-15:48:02-5193,param,Florasat_Individual_Sats.terminal[54].mob,initialLatitude,,,nan deg
General-317-20260718-15:48:02-5193,attr,Florasat_Individual_Sats.terminal[54].mob,initialLatitude,unit,deg,
General-317-20260718-15:48:02-5193,param,Florasat_Individual_Sats.terminal[54].mob,initialLongitude,,,nan deg
General-317-20260718-15:48:02-5193,attr,Florasat_Individual_Sats.terminal[54].mob,initialLongitude,unit,deg,
General-317-20260718-15:48:02-5193,param,Florasat_Individual_Sats.terminal[54].mob,initialAltitude,,,0m
General-317-20260718-15:48:02-5193,attr,Florasat_Individual_Sats.terminal[54].mob,initialAltitude,unit,m,
General-317-20260718-15:48:02-5193,param,Florasat_Individual_Sats.terminal[54].mob,initialHeading,,,0deg
General-317-20260718-15:48:02-5193,attr,Florasat_Individual_Sats.terminal[54].mob,initialHeading,unit,deg,
General-317-20260718-15:48:02-5193,param,Florasat_Individual_Sats.terminal[54].mob,initialElevation,,,0deg
General-317-20260718-15:48:02-5193,attr,Florasat_Individual_Sats.terminal[54].mob,initialElevation,unit,deg,
General-317-20260718-15:48:02-5193,param,Florasat_Individual_Sats.terminal[54].mob,initialBank,,,0deg
General-317-20260718-15:48:02-5193,attr,Florasat_Individual_Sats.terminal[54].mob,initialBank,unit,deg,
General-317-20260718-15:48:02-5193,param,Florasat_Individual_Sats.terminal[54].mob,initFromDisplayString,,,false
General-317-20260718-15:48:02-5193,param,Florasat_Individual_Sats.terminal[54].mob,updateFromDisplayString,,,false
General-317-20260718-15:48:02-5193,param,Florasat_Individual_Sats.terminal[54].mob,centerLatitude,,,39.933
General-317-20260718-15:48:02-5193,param,Florasat_Individual_Sats.terminal[54].mob,centerLongitude,,,32.859
General-317-20260718-15:48:02-5193,param,Florasat_Individual_Sats.terminal[54].mob,deploymentRadius,,,200
General-317-20260718-15:48:02-5193,param,Florasat_Individual_Sats.terminal[54],typename,,,"""Nodes._10_Terminal.Terminal"""
General-317-20260718-15:48:02-5193,param,Florasat_Individual_Sats.terminal[54],layerName,,,"""Terminal"""
General-317-20260718-15:48:02-5193,attr,Florasat_Individual_Sats.terminal[54],layerName,optional,,
General-317-20260718-15:48:02-5193,param,Florasat_Individual_Sats.terminal[54],sendData,,,true
General-317-20260718-15:48:02-5193,attr,Florasat_Individual_Sats.terminal[54],sendData,mutable,,
General-317-20260718-15:48:02-5193,param,Florasat_Individual_Sats.terminal[54],dstGsOrDev,,,0
General-317-20260718-15:48:02-5193,param,Florasat_Individual_Sats.terminal[55].phy.radio.antenna,typename,,,"""inet.physicallayer.wireless.common.antenna.IsotropicAntenna"""
General-317-20260718-15:48:02-5193,param,Florasat_Individual_Sats.terminal[55].phy.radio.antenna,mobilityModule,,,"""^.^.^.mob"""
General-317-20260718-15:48:02-5193,param,Florasat_Individual_Sats.terminal[55].phy.radio.antenna,numAntennas,,,1
General-317-20260718-15:48:02-5193,param,Florasat_Individual_Sats.terminal[55].phy.radio.transmitter,typename,,,"""Global.Transceiver.LoRaTransmitter"""
General-317-20260718-15:48:02-5193,param,Florasat_Individual_Sats.terminal[55].phy.radio.transmitter,preambleDuration,,,0.001s
General-317-20260718-15:48:02-5193,attr,Florasat_Individual_Sats.terminal[55].phy.radio.transmitter,preambleDuration,unit,s,
General-317-20260718-15:48:02-5193,param,Florasat_Individual_Sats.terminal[55].phy.radio.transmitter,headerLength,,,40b
General-317-20260718-15:48:02-5193,attr,Florasat_Individual_Sats.terminal[55].phy.radio.transmitter,headerLength,unit,b,
General-317-20260718-15:48:02-5193,param,Florasat_Individual_Sats.terminal[55].phy.radio.transmitter,bitrate,,,250000bps
General-317-20260718-15:48:02-5193,attr,Florasat_Individual_Sats.terminal[55].phy.radio.transmitter,bitrate,unit,bps,
General-317-20260718-15:48:02-5193,param,Florasat_Individual_Sats.terminal[55].phy.radio.transmitter,power,,,0.025118W
General-317-20260718-15:48:02-5193,attr,Florasat_Individual_Sats.terminal[55].phy.radio.transmitter,power,unit,W,
General-317-20260718-15:48:02-5193,param,Florasat_Individual_Sats.terminal[55].phy.radio.transmitter,centerFrequency,,,8.68e+08Hz
General-317-20260718-15:48:02-5193,attr,Florasat_Individual_Sats.terminal[55].phy.radio.transmitter,centerFrequency,unit,Hz,
General-317-20260718-15:48:02-5193,param,Florasat_Individual_Sats.terminal[55].phy.radio.transmitter,bandwidth,,,250000Hz
General-317-20260718-15:48:02-5193,attr,Florasat_Individual_Sats.terminal[55].phy.radio.transmitter,bandwidth,unit,Hz,
General-317-20260718-15:48:02-5193,param,Florasat_Individual_Sats.terminal[55].phy.radio.transmitter,codeRate,,,1
General-317-20260718-15:48:02-5193,param,Florasat_Individual_Sats.terminal[55].phy.radio.transmitter,modulation,,,"""LoRaModulation"""
General-317-20260718-15:48:02-5193,param,Florasat_Individual_Sats.terminal[55].phy.radio.receiver,typename,,,"""Global.Transceiver.LoRaReceiver"""
General-317-20260718-15:48:02-5193,param,Florasat_Individual_Sats.terminal[55].phy.radio.receiver,energyDetection,,,-90dBm
General-317-20260718-15:48:02-5193,attr,Florasat_Individual_Sats.terminal[55].phy.radio.receiver,energyDetection,unit,dBm,
General-317-20260718-15:48:02-5193,param,Florasat_Individual_Sats.terminal[55].phy.radio.receiver,sensitivity,,,-137dBm
General-317-20260718-15:48:02-5193,attr,Florasat_Individual_Sats.terminal[55].phy.radio.receiver,sensitivity,unit,dBm,
General-317-20260718-15:48:02-5193,param,Florasat_Individual_Sats.terminal[55].phy.radio.receiver,snirThreshold,,,-8dB
General-317-20260718-15:48:02-5193,attr,Florasat_Individual_Sats.terminal[55].phy.radio.receiver,snirThreshold,unit,dB,
General-317-20260718-15:48:02-5193,param,Florasat_Individual_Sats.terminal[55].phy.radio.receiver,centerFrequency,,,8.68e+08Hz
General-317-20260718-15:48:02-5193,attr,Florasat_Individual_Sats.terminal[55].phy.radio.receiver,centerFrequency,unit,Hz,
General-317-20260718-15:48:02-5193,param,Florasat_Individual_Sats.terminal[55].phy.radio.receiver,bandwidth,,,250000Hz
General-317-20260718-15:48:02-5193,attr,Florasat_Individual_Sats.terminal[55].phy.radio.receiver,bandwidth,unit,Hz,
General-317-20260718-15:48:02-5193,param,Florasat_Individual_Sats.terminal[55].phy.radio.receiver,alohaChannelModel,,,false
General-317-20260718-15:48:02-5193,param,Florasat_Individual_Sats.terminal[55].phy.radio.receiver,errorModelType,,,""""""
General-317-20260718-15:48:02-5193,param,Florasat_Individual_Sats.terminal[55].phy.radio.receiver,ignoreInterference,,,false
General-317-20260718-15:48:02-5193,param,Florasat_Individual_Sats.terminal[55].phy.radio.receiver,enableCollisionOverlap,,,false
General-317-20260718-15:48:02-5193,param,Florasat_Individual_Sats.terminal[55].phy.radio.receiver,minCollisionOverlap,,,0s
General-317-20260718-15:48:02-5193,attr,Florasat_Individual_Sats.terminal[55].phy.radio.receiver,minCollisionOverlap,unit,s,
General-317-20260718-15:48:02-5193,param,Florasat_Individual_Sats.terminal[55].phy.radio.IdealEpEnergyStorage,typename,,,"""inet.power.storage.IdealEpEnergyStorage"""
General-317-20260718-15:48:02-5193,param,Florasat_Individual_Sats.terminal[55].phy.radio,typename,,,"""Nodes._10_Terminal._10_Physical.Ter_Phy_LoRaRadio"""
General-317-20260718-15:48:02-5193,param,Florasat_Individual_Sats.terminal[55].phy.radio,radioMediumModule,,,"""radioMedium"""
General-317-20260718-15:48:02-5193,param,Florasat_Individual_Sats.terminal[55].phy.radio,energySourceModule,,,""""""
General-317-20260718-15:48:02-5193,param,Florasat_Individual_Sats.terminal[55].phy.radio,initialRadioMode,,,"""off"""
General-317-20260718-15:48:02-5193,attr,Florasat_Individual_Sats.terminal[55].phy.radio,initialRadioMode,enum,"off,sleep,receiver,transmitter,transceiver",
General-317-20260718-15:48:02-5193,param,Florasat_Individual_Sats.terminal[55].phy.radio,switchingTimes,,,"""ms 0 0 0 0 0 0 0 0 0 0 0 0 0 0 0 0 0 0 0 0 0 0 0 0 0"""
General-317-20260718-15:48:02-5193,param,Florasat_Individual_Sats.terminal[55].phy.radio,sendRawBytes,,,false
General-317-20260718-15:48:02-5193,param,Florasat_Individual_Sats.terminal[55].phy.radio,separateTransmissionParts,,,false
General-317-20260718-15:48:02-5193,param,Florasat_Individual_Sats.terminal[55].phy.radio,separateReceptionParts,,,false
General-317-20260718-15:48:02-5193,param,Florasat_Individual_Sats.terminal[55].phy.radio,displayCommunicationRange,,,false
General-317-20260718-15:48:02-5193,param,Florasat_Individual_Sats.terminal[55].phy.radio,displayInterferenceRange,,,false
General-317-20260718-15:48:02-5193,param,Florasat_Individual_Sats.terminal[55].phy.radio,centerFrequency,,,8.68e+08Hz
General-317-20260718-15:48:02-5193,attr,Florasat_Individual_Sats.terminal[55].phy.radio,centerFrequency,unit,Hz,
General-317-20260718-15:48:02-5193,param,Florasat_Individual_Sats.terminal[55].phy.radio,bandwidth,,,250000Hz
General-317-20260718-15:48:02-5193,attr,Florasat_Individual_Sats.terminal[55].phy.radio,bandwidth,unit,Hz,
General-317-20260718-15:48:02-5193,param,Florasat_Individual_Sats.terminal[55].phy.radio,iAmGateway,,,false
General-317-20260718-15:48:02-5193,param,Florasat_Individual_Sats.terminal[55].phy,typename,,,"""Nodes._10_Terminal._10_Physical.Ter_Phy"""
General-317-20260718-15:48:02-5193,param,Florasat_Individual_Sats.terminal[55].phy,layerName,,,"""Ter_Phy"""
General-317-20260718-15:48:02-5193,attr,Florasat_Individual_Sats.terminal[55].phy,layerName,optional,,
General-317-20260718-15:48:02-5193,param,Florasat_Individual_Sats.terminal[55].dlk.mac.queue,typename,,,"""inet.queueing.queue.DropTailQueue"""
General-317-20260718-15:48:02-5193,param,Florasat_Individual_Sats.terminal[55].dlk.mac.queue,displayStringTextFormat,,,"""contains %p pk (%l) pushed %u\npulled %o removed %r dropped %d"""
General-317-20260718-15:48:02-5193,param,Florasat_Individual_Sats.terminal[55].dlk.mac.queue,packetCapacity,,,-1
General-317-20260718-15:48:02-5193,param,Florasat_Individual_Sats.terminal[55].dlk.mac.queue,dataCapacity,,,-1b
General-317-20260718-15:48:02-5193,attr,Florasat_Individual_Sats.terminal[55].dlk.mac.queue,dataCapacity,unit,b,
General-317-20260718-15:48:02-5193,param,Florasat_Individual_Sats.terminal[55].dlk.mac.queue,dropperClass,,,"""inet::queueing::PacketAtCollectionEndDropper"""
General-317-20260718-15:48:02-5193,param,Florasat_Individual_Sats.terminal[55].dlk.mac.queue,comparatorClass,,,""""""
General-317-20260718-15:48:02-5193,param,Florasat_Individual_Sats.terminal[55].dlk.mac.queue,bufferModule,,,""""""
General-317-20260718-15:48:02-5193,param,Florasat_Individual_Sats.terminal[55].dlk.mac.mlBox,typename,,,"""Nodes._10_Terminal._20_Data_Link.Transmission_Predictor.Transmission_Predictor"""
General-317-20260718-15:48:02-5193,param,Florasat_Individual_Sats.terminal[55].dlk.mac.mlBox,modelPath,,,"""/home/ylnner/Documents/omnet++/omnetpp-6.3.0/projects/florasat_v4_ult_routing/simulations/Test_Individual/mlmodels/transformer_scripted.pt"""
General-317-20260718-15:48:02-5193,param,Florasat_Individual_Sats.terminal[55].dlk.mac.mlBox,threshold,,,0.2
General-317-20260718-15:48:02-5193,param,Florasat_Individual_Sats.terminal[55].dlk.mac.mlBox,scalerPath,,,""""""
General-317-20260718-15:48:02-5193,param,Florasat_Individual_Sats.terminal[55].dlk.mac,typename,,,"""Nodes._10_Terminal._20_Data_Link.Ter_Dlk_KiWan"""
General-317-20260718-15:48:02-5193,param,Florasat_Individual_Sats.terminal[55].dlk.mac,interfaceTableModule,,,""""""
General-317-20260718-15:48:02-5193,param,Florasat_Individual_Sats.terminal[55].dlk.mac,radioModule,,,"""^.^.phy.radio"""
General-317-20260718-15:48:02-5193,param,Florasat_Individual_Sats.terminal[55].dlk.mac,address,,,"""0A-AA-00-00-00-38"""
General-317-20260718-15:48:02-5193,attr,Florasat_Individual_Sats.terminal[55].dlk.mac,address,mutable,,
General-317-20260718-15:48:02-5193,param,Florasat_Individual_Sats.terminal[55].dlk.mac,mtu,,,1500
General-317-20260718-15:48:02-5193,param,Florasat_Individual_Sats.terminal[55].dlk.mac,ttwDuration,,,100s
General-317-20260718-15:48:02-5193,attr,Florasat_Individual_Sats.terminal[55].dlk.mac,ttwDuration,unit,s,
General-317-20260718-15:48:02-5193,param,Florasat_Individual_Sats.terminal[55].dlk.mac,ttwIdle,,,0s
General-317-20260718-15:48:02-5193,attr,Florasat_Individual_Sats.terminal[55].dlk.mac,ttwIdle,unit,s,
General-317-20260718-15:48:02-5193,param,Florasat_Individual_Sats.terminal[55].dlk.mac,ttxStart_min,,,0s
General-317-20260718-15:48:02-5193,attr,Florasat_Individual_Sats.terminal[55].dlk.mac,ttxStart_min,unit,s,
General-317-20260718-15:48:02-5193,param,Florasat_Individual_Sats.terminal[55].dlk.mac,ttxStart_max,,,1s
General-317-20260718-15:48:02-5193,attr,Florasat_Individual_Sats.terminal[55].dlk.mac,ttxStart_max,unit,s,
General-317-20260718-15:48:02-5193,param,Florasat_Individual_Sats.terminal[55].dlk.mac,ttxIdle_min,,,10s
General-317-20260718-15:48:02-5193,attr,Florasat_Individual_Sats.terminal[55].dlk.mac,ttxIdle_min,unit,s,
General-317-20260718-15:48:02-5193,param,Florasat_Individual_Sats.terminal[55].dlk.mac,ttxIdle_max,,,15s
General-317-20260718-15:48:02-5193,attr,Florasat_Individual_Sats.terminal[55].dlk.mac,ttxIdle_max,unit,s,
General-317-20260718-15:48:02-5193,param,Florasat_Individual_Sats.terminal[55].dlk.mac,Ntw,,,1
General-317-20260718-15:48:02-5193,param,Florasat_Individual_Sats.terminal[55].dlk.mac,Ntx,,,5
General-317-20260718-15:48:02-5193,param,Florasat_Individual_Sats.terminal[55].dlk.mac,enableSatDetect,,,false
General-317-20260718-15:48:02-5193,param,Florasat_Individual_Sats.terminal[55].dlk.mac,tsdStart_min,,,0s
General-317-20260718-15:48:02-5193,attr,Florasat_Individual_Sats.terminal[55].dlk.mac,tsdStart_min,unit,s,
General-317-20260718-15:48:02-5193,param,Florasat_Individual_Sats.terminal[55].dlk.mac,tsdStart_max,,,60s
General-317-20260718-15:48:02-5193,attr,Florasat_Individual_Sats.terminal[55].dlk.mac,tsdStart_max,unit,s,
General-317-20260718-15:48:02-5193,param,Florasat_Individual_Sats.terminal[55].dlk.mac,Ndetect,,,4
General-317-20260718-15:48:02-5193,param,Florasat_Individual_Sats.terminal[55].dlk.mac,NsdSync,,,2
General-317-20260718-15:48:02-5193,param,Florasat_Individual_Sats.terminal[55].dlk.mac,tsyncIdle,,,60s
General-317-20260718-15:48:02-5193,attr,Florasat_Individual_Sats.terminal[55].dlk.mac,tsyncIdle,unit,s,
General-317-20260718-15:48:02-5193,param,Florasat_Individual_Sats.terminal[55].dlk.mac,tsdIdle,,,240s
General-317-20260718-15:48:02-5193,attr,Florasat_Individual_Sats.terminal[55].dlk.mac,tsdIdle,unit,s,
General-317-20260718-15:48:02-5193,param,Florasat_Individual_Sats.terminal[55].dlk.mac,satelliteDetectionProbability,,,0.9
General-317-20260718-15:48:02-5193,param,Florasat_Individual_Sats.terminal[55].dlk.mac,minimumElevation,,,5
General-317-20260718-15:48:02-5193,param,Florasat_Individual_Sats.terminal[55].dlk.mac,detectInitialListen,,,0.33s
General-317-20260718-15:48:02-5193,attr,Florasat_Individual_Sats.terminal[55].dlk.mac,detectInitialListen,unit,s,
General-317-20260718-15:48:02-5193,param,Florasat_Individual_Sats.terminal[55].dlk.mac,detectSuccessExtraMin,,,0.075s
General-317-20260718-15:48:02-5193,attr,Florasat_Individual_Sats.terminal[55].dlk.mac,detectSuccessExtraMin,unit,s,
General-317-20260718-15:48:02-5193,param,Florasat_Individual_Sats.terminal[55].dlk.mac,detectSuccessExtraMax,,,1.67s
General-317-20260718-15:48:02-5193,attr,Florasat_Individual_Sats.terminal[55].dlk.mac,detectSuccessExtraMax,unit,s,
General-317-20260718-15:48:02-5193,param,Florasat_Individual_Sats.terminal[55].dlk.mac,detectMissExtra,,,1.67s
General-317-20260718-15:48:02-5193,attr,Florasat_Individual_Sats.terminal[55].dlk.mac,detectMissExtra,unit,s,
General-317-20260718-15:48:02-5193,param,Florasat_Individual_Sats.terminal[55].dlk.mac,LoRaSF,,,12
General-317-20260718-15:48:02-5193,param,Florasat_Individual_Sats.terminal[55].dlk.mac,LoRaTP,,,12
General-317-20260718-15:48:02-5193,param,Florasat_Individual_Sats.terminal[55].dlk.mac,LoRaCF,,,8.68e+08
General-317-20260718-15:48:02-5193,param,Florasat_Individual_Sats.terminal[55].dlk.mac,LoRaBW,,,125000
General-317-20260718-15:48:02-5193,param,Florasat_Individual_Sats.terminal[55].dlk.mac,LoRaCR,,,1
General-317-20260718-15:48:02-5193,param,Florasat_Individual_Sats.terminal[55].dlk.mac,useMLBox,,,true
General-317-20260718-15:48:02-5193,param,Florasat_Individual_Sats.terminal[55].dlk.mac,useMLBoxBiLSTM,,,false
General-317-20260718-15:48:02-5193,param,Florasat_Individual_Sats.terminal[55].dlk.mac,useAnalytical,,,false
General-317-20260718-15:48:02-5193,param,Florasat_Individual_Sats.terminal[55].dlk,typename,,,"""Nodes._10_Terminal._20_Data_Link.Ter_Dlk"""
General-317-20260718-15:48:02-5193,param,Florasat_Individual_Sats.terminal[55].net.routing,typename,,,"""Global.Base._30_Network.Ter_Null_Routing"""
General-317-20260718-15:48:02-5193,param,Florasat_Individual_Sats.terminal[55].net,typename,,,"""Nodes._10_Terminal._30_Network.Ter_Net"""
General-317-20260718-15:48:02-5193,param,Florasat_Individual_Sats.terminal[55].net,layerName,,,"""Ter_Net"""
General-317-20260718-15:48:02-5193,attr,Florasat_Individual_Sats.terminal[55].net,layerName,optional,,
General-317-20260718-15:48:02-5193,param,Florasat_Individual_Sats.terminal[55].net,routingType,,,"""Ter_Null_Routing"""
General-317-20260718-15:48:02-5193,param,Florasat_Individual_Sats.terminal[55].app,typename,,,"""Nodes._10_Terminal._40_Application.Ter_App"""
General-317-20260718-15:48:02-5193,param,Florasat_Individual_Sats.terminal[55].app,layerName,,,"""TerminalApplicationLayer"""
General-317-20260718-15:48:02-5193,attr,Florasat_Individual_Sats.terminal[55].app,layerName,optional,,
General-317-20260718-15:48:02-5193,param,Florasat_Individual_Sats.terminal[55].app,numberOfPacketsToSend,,,0
General-317-20260718-15:48:02-5193,param,Florasat_Individual_Sats.terminal[55].app,timeToFirstPacket,,,1s
General-317-20260718-15:48:02-5193,attr,Florasat_Individual_Sats.terminal[55].app,timeToFirstPacket,unit,s,
General-317-20260718-15:48:02-5193,param,Florasat_Individual_Sats.terminal[55].app,timeToNextPacket,,,115s
General-317-20260718-15:48:02-5193,attr,Florasat_Individual_Sats.terminal[55].app,timeToNextPacket,unit,s,
General-317-20260718-15:48:02-5193,param,Florasat_Individual_Sats.terminal[55].app,timeToResponse,,,30s
General-317-20260718-15:48:02-5193,attr,Florasat_Individual_Sats.terminal[55].app,timeToResponse,unit,s,
General-317-20260718-15:48:02-5193,param,Florasat_Individual_Sats.terminal[55].app,timeToRetry,,,10s
General-317-20260718-15:48:02-5193,attr,Florasat_Individual_Sats.terminal[55].app,timeToRetry,unit,s,
General-317-20260718-15:48:02-5193,param,Florasat_Individual_Sats.terminal[55].app,ackTimeout,,,7s
General-317-20260718-15:48:02-5193,attr,Florasat_Individual_Sats.terminal[55].app,ackTimeout,unit,s,
General-317-20260718-15:48:02-5193,param,Florasat_Individual_Sats.terminal[55].app,timer,,,1s
General-317-20260718-15:48:02-5193,attr,Florasat_Individual_Sats.terminal[55].app,timer,unit,s,
General-317-20260718-15:48:02-5193,param,Florasat_Individual_Sats.terminal[55].app,initialLoRaTP,,,14dBm
General-317-20260718-15:48:02-5193,attr,Florasat_Individual_Sats.terminal[55].app,initialLoRaTP,unit,dBm,
General-317-20260718-15:48:02-5193,param,Florasat_Individual_Sats.terminal[55].app,initialLoRaCF,,,8.68e+08Hz
General-317-20260718-15:48:02-5193,attr,Florasat_Individual_Sats.terminal[55].app,initialLoRaCF,unit,Hz,
General-317-20260718-15:48:02-5193,param,Florasat_Individual_Sats.terminal[55].app,initialLoRaSF,,,12
General-317-20260718-15:48:02-5193,param,Florasat_Individual_Sats.terminal[55].app,initialLoRaBW,,,125000Hz
General-317-20260718-15:48:02-5193,attr,Florasat_Individual_Sats.terminal[55].app,initialLoRaBW,unit,Hz,
General-317-20260718-15:48:02-5193,param,Florasat_Individual_Sats.terminal[55].app,initialLoRaCR,,,4
General-317-20260718-15:48:02-5193,param,Florasat_Individual_Sats.terminal[55].app,initialUseHeader,,,true
General-317-20260718-15:48:02-5193,param,Florasat_Individual_Sats.terminal[55].app,initialPingSlot,,,1
General-317-20260718-15:48:02-5193,param,Florasat_Individual_Sats.terminal[55].app,InitClassA,,,true
General-317-20260718-15:48:02-5193,param,Florasat_Individual_Sats.terminal[55].app,InitClassB,,,false
General-317-20260718-15:48:02-5193,param,Florasat_Individual_Sats.terminal[55].app,evaluateADRinNode,,,false
General-317-20260718-15:48:02-5193,param,Florasat_Individual_Sats.terminal[55].app,payloadSize,,,10B
General-317-20260718-15:48:02-5193,attr,Florasat_Individual_Sats.terminal[55].app,payloadSize,unit,B,
General-317-20260718-15:48:02-5193,param,Florasat_Individual_Sats.terminal[55].app,usingAck,,,true
General-317-20260718-15:48:02-5193,param,Florasat_Individual_Sats.terminal[55].app,numGroundLinks,,,40
General-317-20260718-15:48:02-5193,param,Florasat_Individual_Sats.terminal[55].app,maxHops,,,50
General-317-20260718-15:48:02-5193,param,Florasat_Individual_Sats.terminal[55].app,nroMaxAttempts,,,0
General-317-20260718-15:48:02-5193,param,Florasat_Individual_Sats.terminal[55].eng,typename,,,"""Nodes._10_Terminal._50_Energy.Ter_Ene"""
General-317-20260718-15:48:02-5193,param,Florasat_Individual_Sats.terminal[55].mob,typename,,,"""Nodes._10_Terminal._60_Mobility.Ter_Mob"""
General-317-20260718-15:48:02-5193,param,Florasat_Individual_Sats.terminal[55].mob,subjectModule,,,"""^"""
General-317-20260718-15:48:02-5193,param,Florasat_Individual_Sats.terminal[55].mob,coordinateSystemModule,,,""""""
General-317-20260718-15:48:02-5193,param,Florasat_Individual_Sats.terminal[55].mob,displayStringTextFormat,,,"""p: %p\nv: %v"""
General-317-20260718-15:48:02-5193,attr,Florasat_Individual_Sats.terminal[55].mob,displayStringTextFormat,mutable,,
General-317-20260718-15:48:02-5193,param,Florasat_Individual_Sats.terminal[55].mob,updateDisplayString,,,true
General-317-20260718-15:48:02-5193,param,Florasat_Individual_Sats.terminal[55].mob,constraintAreaMinX,,,-inf m
General-317-20260718-15:48:02-5193,attr,Florasat_Individual_Sats.terminal[55].mob,constraintAreaMinX,unit,m,
General-317-20260718-15:48:02-5193,param,Florasat_Individual_Sats.terminal[55].mob,constraintAreaMinY,,,-inf m
General-317-20260718-15:48:02-5193,attr,Florasat_Individual_Sats.terminal[55].mob,constraintAreaMinY,unit,m,
General-317-20260718-15:48:02-5193,param,Florasat_Individual_Sats.terminal[55].mob,constraintAreaMinZ,,,-inf m
General-317-20260718-15:48:02-5193,attr,Florasat_Individual_Sats.terminal[55].mob,constraintAreaMinZ,unit,m,
General-317-20260718-15:48:02-5193,param,Florasat_Individual_Sats.terminal[55].mob,constraintAreaMaxX,,,inf m
General-317-20260718-15:48:02-5193,attr,Florasat_Individual_Sats.terminal[55].mob,constraintAreaMaxX,unit,m,
General-317-20260718-15:48:02-5193,param,Florasat_Individual_Sats.terminal[55].mob,constraintAreaMaxY,,,inf m
General-317-20260718-15:48:02-5193,attr,Florasat_Individual_Sats.terminal[55].mob,constraintAreaMaxY,unit,m,
General-317-20260718-15:48:02-5193,param,Florasat_Individual_Sats.terminal[55].mob,constraintAreaMaxZ,,,inf m
General-317-20260718-15:48:02-5193,attr,Florasat_Individual_Sats.terminal[55].mob,constraintAreaMaxZ,unit,m,
General-317-20260718-15:48:02-5193,param,Florasat_Individual_Sats.terminal[55].mob,initialX,,,nan m
General-317-20260718-15:48:02-5193,attr,Florasat_Individual_Sats.terminal[55].mob,initialX,unit,m,
General-317-20260718-15:48:02-5193,param,Florasat_Individual_Sats.terminal[55].mob,initialY,,,nan m
General-317-20260718-15:48:02-5193,attr,Florasat_Individual_Sats.terminal[55].mob,initialY,unit,m,
General-317-20260718-15:48:02-5193,param,Florasat_Individual_Sats.terminal[55].mob,initialZ,,,0m
General-317-20260718-15:48:02-5193,attr,Florasat_Individual_Sats.terminal[55].mob,initialZ,unit,m,
General-317-20260718-15:48:02-5193,param,Florasat_Individual_Sats.terminal[55].mob,initialLatitude,,,nan deg
General-317-20260718-15:48:02-5193,attr,Florasat_Individual_Sats.terminal[55].mob,initialLatitude,unit,deg,
General-317-20260718-15:48:02-5193,param,Florasat_Individual_Sats.terminal[55].mob,initialLongitude,,,nan deg
General-317-20260718-15:48:02-5193,attr,Florasat_Individual_Sats.terminal[55].mob,initialLongitude,unit,deg,
General-317-20260718-15:48:02-5193,param,Florasat_Individual_Sats.terminal[55].mob,initialAltitude,,,0m
General-317-20260718-15:48:02-5193,attr,Florasat_Individual_Sats.terminal[55].mob,initialAltitude,unit,m,
General-317-20260718-15:48:02-5193,param,Florasat_Individual_Sats.terminal[55].mob,initialHeading,,,0deg
General-317-20260718-15:48:02-5193,attr,Florasat_Individual_Sats.terminal[55].mob,initialHeading,unit,deg,
General-317-20260718-15:48:02-5193,param,Florasat_Individual_Sats.terminal[55].mob,initialElevation,,,0deg
General-317-20260718-15:48:02-5193,attr,Florasat_Individual_Sats.terminal[55].mob,initialElevation,unit,deg,
General-317-20260718-15:48:02-5193,param,Florasat_Individual_Sats.terminal[55].mob,initialBank,,,0deg
General-317-20260718-15:48:02-5193,attr,Florasat_Individual_Sats.terminal[55].mob,initialBank,unit,deg,
General-317-20260718-15:48:02-5193,param,Florasat_Individual_Sats.terminal[55].mob,initFromDisplayString,,,false
General-317-20260718-15:48:02-5193,param,Florasat_Individual_Sats.terminal[55].mob,updateFromDisplayString,,,false
General-317-20260718-15:48:02-5193,param,Florasat_Individual_Sats.terminal[55].mob,centerLatitude,,,38.419
General-317-20260718-15:48:02-5193,param,Florasat_Individual_Sats.terminal[55].mob,centerLongitude,,,27.128
General-317-20260718-15:48:02-5193,param,Florasat_Individual_Sats.terminal[55].mob,deploymentRadius,,,200
General-317-20260718-15:48:02-5193,param,Florasat_Individual_Sats.terminal[55],typename,,,"""Nodes._10_Terminal.Terminal"""
General-317-20260718-15:48:02-5193,param,Florasat_Individual_Sats.terminal[55],layerName,,,"""Terminal"""
General-317-20260718-15:48:02-5193,attr,Florasat_Individual_Sats.terminal[55],layerName,optional,,
General-317-20260718-15:48:02-5193,param,Florasat_Individual_Sats.terminal[55],sendData,,,true
General-317-20260718-15:48:02-5193,attr,Florasat_Individual_Sats.terminal[55],sendData,mutable,,
General-317-20260718-15:48:02-5193,param,Florasat_Individual_Sats.terminal[55],dstGsOrDev,,,0
General-317-20260718-15:48:02-5193,param,Florasat_Individual_Sats.terminal[56].phy.radio.antenna,typename,,,"""inet.physicallayer.wireless.common.antenna.IsotropicAntenna"""
General-317-20260718-15:48:02-5193,param,Florasat_Individual_Sats.terminal[56].phy.radio.antenna,mobilityModule,,,"""^.^.^.mob"""
General-317-20260718-15:48:02-5193,param,Florasat_Individual_Sats.terminal[56].phy.radio.antenna,numAntennas,,,1
General-317-20260718-15:48:02-5193,param,Florasat_Individual_Sats.terminal[56].phy.radio.transmitter,typename,,,"""Global.Transceiver.LoRaTransmitter"""
General-317-20260718-15:48:02-5193,param,Florasat_Individual_Sats.terminal[56].phy.radio.transmitter,preambleDuration,,,0.001s
General-317-20260718-15:48:02-5193,attr,Florasat_Individual_Sats.terminal[56].phy.radio.transmitter,preambleDuration,unit,s,
General-317-20260718-15:48:02-5193,param,Florasat_Individual_Sats.terminal[56].phy.radio.transmitter,headerLength,,,40b
General-317-20260718-15:48:02-5193,attr,Florasat_Individual_Sats.terminal[56].phy.radio.transmitter,headerLength,unit,b,
General-317-20260718-15:48:02-5193,param,Florasat_Individual_Sats.terminal[56].phy.radio.transmitter,bitrate,,,250000bps
General-317-20260718-15:48:02-5193,attr,Florasat_Individual_Sats.terminal[56].phy.radio.transmitter,bitrate,unit,bps,
General-317-20260718-15:48:02-5193,param,Florasat_Individual_Sats.terminal[56].phy.radio.transmitter,power,,,0.025118W
General-317-20260718-15:48:02-5193,attr,Florasat_Individual_Sats.terminal[56].phy.radio.transmitter,power,unit,W,
General-317-20260718-15:48:02-5193,param,Florasat_Individual_Sats.terminal[56].phy.radio.transmitter,centerFrequency,,,8.68e+08Hz
General-317-20260718-15:48:02-5193,attr,Florasat_Individual_Sats.terminal[56].phy.radio.transmitter,centerFrequency,unit,Hz,
General-317-20260718-15:48:02-5193,param,Florasat_Individual_Sats.terminal[56].phy.radio.transmitter,bandwidth,,,250000Hz
General-317-20260718-15:48:02-5193,attr,Florasat_Individual_Sats.terminal[56].phy.radio.transmitter,bandwidth,unit,Hz,
General-317-20260718-15:48:02-5193,param,Florasat_Individual_Sats.terminal[56].phy.radio.transmitter,codeRate,,,1
General-317-20260718-15:48:02-5193,param,Florasat_Individual_Sats.terminal[56].phy.radio.transmitter,modulation,,,"""LoRaModulation"""
General-317-20260718-15:48:02-5193,param,Florasat_Individual_Sats.terminal[56].phy.radio.receiver,typename,,,"""Global.Transceiver.LoRaReceiver"""
General-317-20260718-15:48:02-5193,param,Florasat_Individual_Sats.terminal[56].phy.radio.receiver,energyDetection,,,-90dBm
General-317-20260718-15:48:02-5193,attr,Florasat_Individual_Sats.terminal[56].phy.radio.receiver,energyDetection,unit,dBm,
General-317-20260718-15:48:02-5193,param,Florasat_Individual_Sats.terminal[56].phy.radio.receiver,sensitivity,,,-137dBm
General-317-20260718-15:48:02-5193,attr,Florasat_Individual_Sats.terminal[56].phy.radio.receiver,sensitivity,unit,dBm,
General-317-20260718-15:48:02-5193,param,Florasat_Individual_Sats.terminal[56].phy.radio.receiver,snirThreshold,,,-8dB
General-317-20260718-15:48:02-5193,attr,Florasat_Individual_Sats.terminal[56].phy.radio.receiver,snirThreshold,unit,dB,
General-317-20260718-15:48:02-5193,param,Florasat_Individual_Sats.terminal[56].phy.radio.receiver,centerFrequency,,,8.68e+08Hz
General-317-20260718-15:48:02-5193,attr,Florasat_Individual_Sats.terminal[56].phy.radio.receiver,centerFrequency,unit,Hz,
General-317-20260718-15:48:02-5193,param,Florasat_Individual_Sats.terminal[56].phy.radio.receiver,bandwidth,,,250000Hz
General-317-20260718-15:48:02-5193,attr,Florasat_Individual_Sats.terminal[56].phy.radio.receiver,bandwidth,unit,Hz,
General-317-20260718-15:48:02-5193,param,Florasat_Individual_Sats.terminal[56].phy.radio.receiver,alohaChannelModel,,,false
General-317-20260718-15:48:02-5193,param,Florasat_Individual_Sats.terminal[56].phy.radio.receiver,errorModelType,,,""""""
General-317-20260718-15:48:02-5193,param,Florasat_Individual_Sats.terminal[56].phy.radio.receiver,ignoreInterference,,,false
General-317-20260718-15:48:02-5193,param,Florasat_Individual_Sats.terminal[56].phy.radio.receiver,enableCollisionOverlap,,,false
General-317-20260718-15:48:02-5193,param,Florasat_Individual_Sats.terminal[56].phy.radio.receiver,minCollisionOverlap,,,0s
General-317-20260718-15:48:02-5193,attr,Florasat_Individual_Sats.terminal[56].phy.radio.receiver,minCollisionOverlap,unit,s,
General-317-20260718-15:48:02-5193,param,Florasat_Individual_Sats.terminal[56].phy.radio.IdealEpEnergyStorage,typename,,,"""inet.power.storage.IdealEpEnergyStorage"""
General-317-20260718-15:48:02-5193,param,Florasat_Individual_Sats.terminal[56].phy.radio,typename,,,"""Nodes._10_Terminal._10_Physical.Ter_Phy_LoRaRadio"""
General-317-20260718-15:48:02-5193,param,Florasat_Individual_Sats.terminal[56].phy.radio,radioMediumModule,,,"""radioMedium"""
General-317-20260718-15:48:02-5193,param,Florasat_Individual_Sats.terminal[56].phy.radio,energySourceModule,,,""""""
General-317-20260718-15:48:02-5193,param,Florasat_Individual_Sats.terminal[56].phy.radio,initialRadioMode,,,"""off"""
General-317-20260718-15:48:02-5193,attr,Florasat_Individual_Sats.terminal[56].phy.radio,initialRadioMode,enum,"off,sleep,receiver,transmitter,transceiver",
General-317-20260718-15:48:02-5193,param,Florasat_Individual_Sats.terminal[56].phy.radio,switchingTimes,,,"""ms 0 0 0 0 0 0 0 0 0 0 0 0 0 0 0 0 0 0 0 0 0 0 0 0 0"""
General-317-20260718-15:48:02-5193,param,Florasat_Individual_Sats.terminal[56].phy.radio,sendRawBytes,,,false
General-317-20260718-15:48:02-5193,param,Florasat_Individual_Sats.terminal[56].phy.radio,separateTransmissionParts,,,false
General-317-20260718-15:48:02-5193,param,Florasat_Individual_Sats.terminal[56].phy.radio,separateReceptionParts,,,false
General-317-20260718-15:48:02-5193,param,Florasat_Individual_Sats.terminal[56].phy.radio,displayCommunicationRange,,,false
General-317-20260718-15:48:02-5193,param,Florasat_Individual_Sats.terminal[56].phy.radio,displayInterferenceRange,,,false
General-317-20260718-15:48:02-5193,param,Florasat_Individual_Sats.terminal[56].phy.radio,centerFrequency,,,8.68e+08Hz
General-317-20260718-15:48:02-5193,attr,Florasat_Individual_Sats.terminal[56].phy.radio,centerFrequency,unit,Hz,
General-317-20260718-15:48:02-5193,param,Florasat_Individual_Sats.terminal[56].phy.radio,bandwidth,,,250000Hz
General-317-20260718-15:48:02-5193,attr,Florasat_Individual_Sats.terminal[56].phy.radio,bandwidth,unit,Hz,
General-317-20260718-15:48:02-5193,param,Florasat_Individual_Sats.terminal[56].phy.radio,iAmGateway,,,false
General-317-20260718-15:48:02-5193,param,Florasat_Individual_Sats.terminal[56].phy,typename,,,"""Nodes._10_Terminal._10_Physical.Ter_Phy"""
General-317-20260718-15:48:02-5193,param,Florasat_Individual_Sats.terminal[56].phy,layerName,,,"""Ter_Phy"""
General-317-20260718-15:48:02-5193,attr,Florasat_Individual_Sats.terminal[56].phy,layerName,optional,,
General-317-20260718-15:48:02-5193,param,Florasat_Individual_Sats.terminal[56].dlk.mac.queue,typename,,,"""inet.queueing.queue.DropTailQueue"""
General-317-20260718-15:48:02-5193,param,Florasat_Individual_Sats.terminal[56].dlk.mac.queue,displayStringTextFormat,,,"""contains %p pk (%l) pushed %u\npulled %o removed %r dropped %d"""
General-317-20260718-15:48:02-5193,param,Florasat_Individual_Sats.terminal[56].dlk.mac.queue,packetCapacity,,,-1
General-317-20260718-15:48:02-5193,param,Florasat_Individual_Sats.terminal[56].dlk.mac.queue,dataCapacity,,,-1b
General-317-20260718-15:48:02-5193,attr,Florasat_Individual_Sats.terminal[56].dlk.mac.queue,dataCapacity,unit,b,
General-317-20260718-15:48:02-5193,param,Florasat_Individual_Sats.terminal[56].dlk.mac.queue,dropperClass,,,"""inet::queueing::PacketAtCollectionEndDropper"""
General-317-20260718-15:48:02-5193,param,Florasat_Individual_Sats.terminal[56].dlk.mac.queue,comparatorClass,,,""""""
General-317-20260718-15:48:02-5193,param,Florasat_Individual_Sats.terminal[56].dlk.mac.queue,bufferModule,,,""""""
General-317-20260718-15:48:02-5193,param,Florasat_Individual_Sats.terminal[56].dlk.mac.mlBox,typename,,,"""Nodes._10_Terminal._20_Data_Link.Transmission_Predictor.Transmission_Predictor"""
General-317-20260718-15:48:02-5193,param,Florasat_Individual_Sats.terminal[56].dlk.mac.mlBox,modelPath,,,"""/home/ylnner/Documents/omnet++/omnetpp-6.3.0/projects/florasat_v4_ult_routing/simulations/Test_Individual/mlmodels/transformer_scripted.pt"""
General-317-20260718-15:48:02-5193,param,Florasat_Individual_Sats.terminal[56].dlk.mac.mlBox,threshold,,,0.2
General-317-20260718-15:48:02-5193,param,Florasat_Individual_Sats.terminal[56].dlk.mac.mlBox,scalerPath,,,""""""
General-317-20260718-15:48:02-5193,param,Florasat_Individual_Sats.terminal[56].dlk.mac,typename,,,"""Nodes._10_Terminal._20_Data_Link.Ter_Dlk_KiWan"""
General-317-20260718-15:48:02-5193,param,Florasat_Individual_Sats.terminal[56].dlk.mac,interfaceTableModule,,,""""""
General-317-20260718-15:48:02-5193,param,Florasat_Individual_Sats.terminal[56].dlk.mac,radioModule,,,"""^.^.phy.radio"""
General-317-20260718-15:48:02-5193,param,Florasat_Individual_Sats.terminal[56].dlk.mac,address,,,"""0A-AA-00-00-00-39"""
General-317-20260718-15:48:02-5193,attr,Florasat_Individual_Sats.terminal[56].dlk.mac,address,mutable,,
General-317-20260718-15:48:02-5193,param,Florasat_Individual_Sats.terminal[56].dlk.mac,mtu,,,1500
General-317-20260718-15:48:02-5193,param,Florasat_Individual_Sats.terminal[56].dlk.mac,ttwDuration,,,100s
General-317-20260718-15:48:02-5193,attr,Florasat_Individual_Sats.terminal[56].dlk.mac,ttwDuration,unit,s,
General-317-20260718-15:48:02-5193,param,Florasat_Individual_Sats.terminal[56].dlk.mac,ttwIdle,,,0s
General-317-20260718-15:48:02-5193,attr,Florasat_Individual_Sats.terminal[56].dlk.mac,ttwIdle,unit,s,
General-317-20260718-15:48:02-5193,param,Florasat_Individual_Sats.terminal[56].dlk.mac,ttxStart_min,,,0s
General-317-20260718-15:48:02-5193,attr,Florasat_Individual_Sats.terminal[56].dlk.mac,ttxStart_min,unit,s,
General-317-20260718-15:48:02-5193,param,Florasat_Individual_Sats.terminal[56].dlk.mac,ttxStart_max,,,1s
General-317-20260718-15:48:02-5193,attr,Florasat_Individual_Sats.terminal[56].dlk.mac,ttxStart_max,unit,s,
General-317-20260718-15:48:02-5193,param,Florasat_Individual_Sats.terminal[56].dlk.mac,ttxIdle_min,,,10s
General-317-20260718-15:48:02-5193,attr,Florasat_Individual_Sats.terminal[56].dlk.mac,ttxIdle_min,unit,s,
General-317-20260718-15:48:02-5193,param,Florasat_Individual_Sats.terminal[56].dlk.mac,ttxIdle_max,,,15s
General-317-20260718-15:48:02-5193,attr,Florasat_Individual_Sats.terminal[56].dlk.mac,ttxIdle_max,unit,s,
General-317-20260718-15:48:02-5193,param,Florasat_Individual_Sats.terminal[56].dlk.mac,Ntw,,,1
General-317-20260718-15:48:02-5193,param,Florasat_Individual_Sats.terminal[56].dlk.mac,Ntx,,,5
General-317-20260718-15:48:02-5193,param,Florasat_Individual_Sats.terminal[56].dlk.mac,enableSatDetect,,,false
General-317-20260718-15:48:02-5193,param,Florasat_Individual_Sats.terminal[56].dlk.mac,tsdStart_min,,,0s
General-317-20260718-15:48:02-5193,attr,Florasat_Individual_Sats.terminal[56].dlk.mac,tsdStart_min,unit,s,
General-317-20260718-15:48:02-5193,param,Florasat_Individual_Sats.terminal[56].dlk.mac,tsdStart_max,,,60s
General-317-20260718-15:48:02-5193,attr,Florasat_Individual_Sats.terminal[56].dlk.mac,tsdStart_max,unit,s,
General-317-20260718-15:48:02-5193,param,Florasat_Individual_Sats.terminal[56].dlk.mac,Ndetect,,,4
General-317-20260718-15:48:02-5193,param,Florasat_Individual_Sats.terminal[56].dlk.mac,NsdSync,,,2
General-317-20260718-15:48:02-5193,param,Florasat_Individual_Sats.terminal[56].dlk.mac,tsyncIdle,,,60s
General-317-20260718-15:48:02-5193,attr,Florasat_Individual_Sats.terminal[56].dlk.mac,tsyncIdle,unit,s,
General-317-20260718-15:48:02-5193,param,Florasat_Individual_Sats.terminal[56].dlk.mac,tsdIdle,,,240s
General-317-20260718-15:48:02-5193,attr,Florasat_Individual_Sats.terminal[56].dlk.mac,tsdIdle,unit,s,
General-317-20260718-15:48:02-5193,param,Florasat_Individual_Sats.terminal[56].dlk.mac,satelliteDetectionProbability,,,0.9
General-317-20260718-15:48:02-5193,param,Florasat_Individual_Sats.terminal[56].dlk.mac,minimumElevation,,,5
General-317-20260718-15:48:02-5193,param,Florasat_Individual_Sats.terminal[56].dlk.mac,detectInitialListen,,,0.33s
General-317-20260718-15:48:02-5193,attr,Florasat_Individual_Sats.terminal[56].dlk.mac,detectInitialListen,unit,s,
General-317-20260718-15:48:02-5193,param,Florasat_Individual_Sats.terminal[56].dlk.mac,detectSuccessExtraMin,,,0.075s
General-317-20260718-15:48:02-5193,attr,Florasat_Individual_Sats.terminal[56].dlk.mac,detectSuccessExtraMin,unit,s,
General-317-20260718-15:48:02-5193,param,Florasat_Individual_Sats.terminal[56].dlk.mac,detectSuccessExtraMax,,,1.67s
General-317-20260718-15:48:02-5193,attr,Florasat_Individual_Sats.terminal[56].dlk.mac,detectSuccessExtraMax,unit,s,
General-317-20260718-15:48:02-5193,param,Florasat_Individual_Sats.terminal[56].dlk.mac,detectMissExtra,,,1.67s
General-317-20260718-15:48:02-5193,attr,Florasat_Individual_Sats.terminal[56].dlk.mac,detectMissExtra,unit,s,
General-317-20260718-15:48:02-5193,param,Florasat_Individual_Sats.terminal[56].dlk.mac,LoRaSF,,,12
General-317-20260718-15:48:02-5193,param,Florasat_Individual_Sats.terminal[56].dlk.mac,LoRaTP,,,12
General-317-20260718-15:48:02-5193,param,Florasat_Individual_Sats.terminal[56].dlk.mac,LoRaCF,,,8.68e+08
General-317-20260718-15:48:02-5193,param,Florasat_Individual_Sats.terminal[56].dlk.mac,LoRaBW,,,125000
General-317-20260718-15:48:02-5193,param,Florasat_Individual_Sats.terminal[56].dlk.mac,LoRaCR,,,1
General-317-20260718-15:48:02-5193,param,Florasat_Individual_Sats.terminal[56].dlk.mac,useMLBox,,,true
General-317-20260718-15:48:02-5193,param,Florasat_Individual_Sats.terminal[56].dlk.mac,useMLBoxBiLSTM,,,false
General-317-20260718-15:48:02-5193,param,Florasat_Individual_Sats.terminal[56].dlk.mac,useAnalytical,,,false
General-317-20260718-15:48:02-5193,param,Florasat_Individual_Sats.terminal[56].dlk,typename,,,"""Nodes._10_Terminal._20_Data_Link.Ter_Dlk"""
General-317-20260718-15:48:02-5193,param,Florasat_Individual_Sats.terminal[56].net.routing,typename,,,"""Global.Base._30_Network.Ter_Null_Routing"""
General-317-20260718-15:48:02-5193,param,Florasat_Individual_Sats.terminal[56].net,typename,,,"""Nodes._10_Terminal._30_Network.Ter_Net"""
General-317-20260718-15:48:02-5193,param,Florasat_Individual_Sats.terminal[56].net,layerName,,,"""Ter_Net"""
General-317-20260718-15:48:02-5193,attr,Florasat_Individual_Sats.terminal[56].net,layerName,optional,,
General-317-20260718-15:48:02-5193,param,Florasat_Individual_Sats.terminal[56].net,routingType,,,"""Ter_Null_Routing"""
General-317-20260718-15:48:02-5193,param,Florasat_Individual_Sats.terminal[56].app,typename,,,"""Nodes._10_Terminal._40_Application.Ter_App"""
General-317-20260718-15:48:02-5193,param,Florasat_Individual_Sats.terminal[56].app,layerName,,,"""TerminalApplicationLayer"""
General-317-20260718-15:48:02-5193,attr,Florasat_Individual_Sats.terminal[56].app,layerName,optional,,
General-317-20260718-15:48:02-5193,param,Florasat_Individual_Sats.terminal[56].app,numberOfPacketsToSend,,,0
General-317-20260718-15:48:02-5193,param,Florasat_Individual_Sats.terminal[56].app,timeToFirstPacket,,,1s
General-317-20260718-15:48:02-5193,attr,Florasat_Individual_Sats.terminal[56].app,timeToFirstPacket,unit,s,
General-317-20260718-15:48:02-5193,param,Florasat_Individual_Sats.terminal[56].app,timeToNextPacket,,,115s
General-317-20260718-15:48:02-5193,attr,Florasat_Individual_Sats.terminal[56].app,timeToNextPacket,unit,s,
General-317-20260718-15:48:02-5193,param,Florasat_Individual_Sats.terminal[56].app,timeToResponse,,,30s
General-317-20260718-15:48:02-5193,attr,Florasat_Individual_Sats.terminal[56].app,timeToResponse,unit,s,
General-317-20260718-15:48:02-5193,param,Florasat_Individual_Sats.terminal[56].app,timeToRetry,,,10s
General-317-20260718-15:48:02-5193,attr,Florasat_Individual_Sats.terminal[56].app,timeToRetry,unit,s,
General-317-20260718-15:48:02-5193,param,Florasat_Individual_Sats.terminal[56].app,ackTimeout,,,7s
General-317-20260718-15:48:02-5193,attr,Florasat_Individual_Sats.terminal[56].app,ackTimeout,unit,s,
General-317-20260718-15:48:02-5193,param,Florasat_Individual_Sats.terminal[56].app,timer,,,1s
General-317-20260718-15:48:02-5193,attr,Florasat_Individual_Sats.terminal[56].app,timer,unit,s,
General-317-20260718-15:48:02-5193,param,Florasat_Individual_Sats.terminal[56].app,initialLoRaTP,,,14dBm
General-317-20260718-15:48:02-5193,attr,Florasat_Individual_Sats.terminal[56].app,initialLoRaTP,unit,dBm,
General-317-20260718-15:48:02-5193,param,Florasat_Individual_Sats.terminal[56].app,initialLoRaCF,,,8.68e+08Hz
General-317-20260718-15:48:02-5193,attr,Florasat_Individual_Sats.terminal[56].app,initialLoRaCF,unit,Hz,
General-317-20260718-15:48:02-5193,param,Florasat_Individual_Sats.terminal[56].app,initialLoRaSF,,,12
General-317-20260718-15:48:02-5193,param,Florasat_Individual_Sats.terminal[56].app,initialLoRaBW,,,125000Hz
General-317-20260718-15:48:02-5193,attr,Florasat_Individual_Sats.terminal[56].app,initialLoRaBW,unit,Hz,
General-317-20260718-15:48:02-5193,param,Florasat_Individual_Sats.terminal[56].app,initialLoRaCR,,,4
General-317-20260718-15:48:02-5193,param,Florasat_Individual_Sats.terminal[56].app,initialUseHeader,,,true
General-317-20260718-15:48:02-5193,param,Florasat_Individual_Sats.terminal[56].app,initialPingSlot,,,1
General-317-20260718-15:48:02-5193,param,Florasat_Individual_Sats.terminal[56].app,InitClassA,,,true
General-317-20260718-15:48:02-5193,param,Florasat_Individual_Sats.terminal[56].app,InitClassB,,,false
General-317-20260718-15:48:02-5193,param,Florasat_Individual_Sats.terminal[56].app,evaluateADRinNode,,,false
General-317-20260718-15:48:02-5193,param,Florasat_Individual_Sats.terminal[56].app,payloadSize,,,10B
General-317-20260718-15:48:02-5193,attr,Florasat_Individual_Sats.terminal[56].app,payloadSize,unit,B,
General-317-20260718-15:48:02-5193,param,Florasat_Individual_Sats.terminal[56].app,usingAck,,,true
General-317-20260718-15:48:02-5193,param,Florasat_Individual_Sats.terminal[56].app,numGroundLinks,,,40
General-317-20260718-15:48:02-5193,param,Florasat_Individual_Sats.terminal[56].app,maxHops,,,50
General-317-20260718-15:48:02-5193,param,Florasat_Individual_Sats.terminal[56].app,nroMaxAttempts,,,0
General-317-20260718-15:48:02-5193,param,Florasat_Individual_Sats.terminal[56].eng,typename,,,"""Nodes._10_Terminal._50_Energy.Ter_Ene"""
General-317-20260718-15:48:02-5193,param,Florasat_Individual_Sats.terminal[56].mob,typename,,,"""Nodes._10_Terminal._60_Mobility.Ter_Mob"""
General-317-20260718-15:48:02-5193,param,Florasat_Individual_Sats.terminal[56].mob,subjectModule,,,"""^"""
General-317-20260718-15:48:02-5193,param,Florasat_Individual_Sats.terminal[56].mob,coordinateSystemModule,,,""""""
General-317-20260718-15:48:02-5193,param,Florasat_Individual_Sats.terminal[56].mob,displayStringTextFormat,,,"""p: %p\nv: %v"""
General-317-20260718-15:48:02-5193,attr,Florasat_Individual_Sats.terminal[56].mob,displayStringTextFormat,mutable,,
General-317-20260718-15:48:02-5193,param,Florasat_Individual_Sats.terminal[56].mob,updateDisplayString,,,true
General-317-20260718-15:48:02-5193,param,Florasat_Individual_Sats.terminal[56].mob,constraintAreaMinX,,,-inf m
General-317-20260718-15:48:02-5193,attr,Florasat_Individual_Sats.terminal[56].mob,constraintAreaMinX,unit,m,
General-317-20260718-15:48:02-5193,param,Florasat_Individual_Sats.terminal[56].mob,constraintAreaMinY,,,-inf m
General-317-20260718-15:48:02-5193,attr,Florasat_Individual_Sats.terminal[56].mob,constraintAreaMinY,unit,m,
General-317-20260718-15:48:02-5193,param,Florasat_Individual_Sats.terminal[56].mob,constraintAreaMinZ,,,-inf m
General-317-20260718-15:48:02-5193,attr,Florasat_Individual_Sats.terminal[56].mob,constraintAreaMinZ,unit,m,
General-317-20260718-15:48:02-5193,param,Florasat_Individual_Sats.terminal[56].mob,constraintAreaMaxX,,,inf m
General-317-20260718-15:48:02-5193,attr,Florasat_Individual_Sats.terminal[56].mob,constraintAreaMaxX,unit,m,
General-317-20260718-15:48:02-5193,param,Florasat_Individual_Sats.terminal[56].mob,constraintAreaMaxY,,,inf m
General-317-20260718-15:48:02-5193,attr,Florasat_Individual_Sats.terminal[56].mob,constraintAreaMaxY,unit,m,
General-317-20260718-15:48:02-5193,param,Florasat_Individual_Sats.terminal[56].mob,constraintAreaMaxZ,,,inf m
General-317-20260718-15:48:02-5193,attr,Florasat_Individual_Sats.terminal[56].mob,constraintAreaMaxZ,unit,m,
General-317-20260718-15:48:02-5193,param,Florasat_Individual_Sats.terminal[56].mob,initialX,,,nan m
General-317-20260718-15:48:02-5193,attr,Florasat_Individual_Sats.terminal[56].mob,initialX,unit,m,
General-317-20260718-15:48:02-5193,param,Florasat_Individual_Sats.terminal[56].mob,initialY,,,nan m
General-317-20260718-15:48:02-5193,attr,Florasat_Individual_Sats.terminal[56].mob,initialY,unit,m,
General-317-20260718-15:48:02-5193,param,Florasat_Individual_Sats.terminal[56].mob,initialZ,,,0m
General-317-20260718-15:48:02-5193,attr,Florasat_Individual_Sats.terminal[56].mob,initialZ,unit,m,
General-317-20260718-15:48:02-5193,param,Florasat_Individual_Sats.terminal[56].mob,initialLatitude,,,nan deg
General-317-20260718-15:48:02-5193,attr,Florasat_Individual_Sats.terminal[56].mob,initialLatitude,unit,deg,
General-317-20260718-15:48:02-5193,param,Florasat_Individual_Sats.terminal[56].mob,initialLongitude,,,nan deg
General-317-20260718-15:48:02-5193,attr,Florasat_Individual_Sats.terminal[56].mob,initialLongitude,unit,deg,
General-317-20260718-15:48:02-5193,param,Florasat_Individual_Sats.terminal[56].mob,initialAltitude,,,0m
General-317-20260718-15:48:02-5193,attr,Florasat_Individual_Sats.terminal[56].mob,initialAltitude,unit,m,
General-317-20260718-15:48:02-5193,param,Florasat_Individual_Sats.terminal[56].mob,initialHeading,,,0deg
General-317-20260718-15:48:02-5193,attr,Florasat_Individual_Sats.terminal[56].mob,initialHeading,unit,deg,
General-317-20260718-15:48:02-5193,param,Florasat_Individual_Sats.terminal[56].mob,initialElevation,,,0deg
General-317-20260718-15:48:02-5193,attr,Florasat_Individual_Sats.terminal[56].mob,initialElevation,unit,deg,
General-317-20260718-15:48:02-5193,param,Florasat_Individual_Sats.terminal[56].mob,initialBank,,,0deg
General-317-20260718-15:48:02-5193,attr,Florasat_Individual_Sats.terminal[56].mob,initialBank,unit,deg,
General-317-20260718-15:48:02-5193,param,Florasat_Individual_Sats.terminal[56].mob,initFromDisplayString,,,false
General-317-20260718-15:48:02-5193,param,Florasat_Individual_Sats.terminal[56].mob,updateFromDisplayString,,,false
General-317-20260718-15:48:02-5193,param,Florasat_Individual_Sats.terminal[56].mob,centerLatitude,,,35.898
General-317-20260718-15:48:02-5193,param,Florasat_Individual_Sats.terminal[56].mob,centerLongitude,,,14.514
General-317-20260718-15:48:02-5193,param,Florasat_Individual_Sats.terminal[56].mob,deploymentRadius,,,200
General-317-20260718-15:48:02-5193,param,Florasat_Individual_Sats.terminal[56],typename,,,"""Nodes._10_Terminal.Terminal"""
General-317-20260718-15:48:02-5193,param,Florasat_Individual_Sats.terminal[56],layerName,,,"""Terminal"""
General-317-20260718-15:48:02-5193,attr,Florasat_Individual_Sats.terminal[56],layerName,optional,,
General-317-20260718-15:48:02-5193,param,Florasat_Individual_Sats.terminal[56],sendData,,,true
General-317-20260718-15:48:02-5193,attr,Florasat_Individual_Sats.terminal[56],sendData,mutable,,
General-317-20260718-15:48:02-5193,param,Florasat_Individual_Sats.terminal[56],dstGsOrDev,,,0
General-317-20260718-15:48:02-5193,param,Florasat_Individual_Sats.terminal[57].phy.radio.antenna,typename,,,"""inet.physicallayer.wireless.common.antenna.IsotropicAntenna"""
General-317-20260718-15:48:02-5193,param,Florasat_Individual_Sats.terminal[57].phy.radio.antenna,mobilityModule,,,"""^.^.^.mob"""
General-317-20260718-15:48:02-5193,param,Florasat_Individual_Sats.terminal[57].phy.radio.antenna,numAntennas,,,1
General-317-20260718-15:48:02-5193,param,Florasat_Individual_Sats.terminal[57].phy.radio.transmitter,typename,,,"""Global.Transceiver.LoRaTransmitter"""
General-317-20260718-15:48:02-5193,param,Florasat_Individual_Sats.terminal[57].phy.radio.transmitter,preambleDuration,,,0.001s
General-317-20260718-15:48:02-5193,attr,Florasat_Individual_Sats.terminal[57].phy.radio.transmitter,preambleDuration,unit,s,
General-317-20260718-15:48:02-5193,param,Florasat_Individual_Sats.terminal[57].phy.radio.transmitter,headerLength,,,40b
General-317-20260718-15:48:02-5193,attr,Florasat_Individual_Sats.terminal[57].phy.radio.transmitter,headerLength,unit,b,
General-317-20260718-15:48:02-5193,param,Florasat_Individual_Sats.terminal[57].phy.radio.transmitter,bitrate,,,250000bps
General-317-20260718-15:48:02-5193,attr,Florasat_Individual_Sats.terminal[57].phy.radio.transmitter,bitrate,unit,bps,
General-317-20260718-15:48:02-5193,param,Florasat_Individual_Sats.terminal[57].phy.radio.transmitter,power,,,0.025118W
General-317-20260718-15:48:02-5193,attr,Florasat_Individual_Sats.terminal[57].phy.radio.transmitter,power,unit,W,
General-317-20260718-15:48:02-5193,param,Florasat_Individual_Sats.terminal[57].phy.radio.transmitter,centerFrequency,,,8.68e+08Hz
General-317-20260718-15:48:02-5193,attr,Florasat_Individual_Sats.terminal[57].phy.radio.transmitter,centerFrequency,unit,Hz,
General-317-20260718-15:48:02-5193,param,Florasat_Individual_Sats.terminal[57].phy.radio.transmitter,bandwidth,,,250000Hz
General-317-20260718-15:48:02-5193,attr,Florasat_Individual_Sats.terminal[57].phy.radio.transmitter,bandwidth,unit,Hz,
General-317-20260718-15:48:02-5193,param,Florasat_Individual_Sats.terminal[57].phy.radio.transmitter,codeRate,,,1
General-317-20260718-15:48:02-5193,param,Florasat_Individual_Sats.terminal[57].phy.radio.transmitter,modulation,,,"""LoRaModulation"""
General-317-20260718-15:48:02-5193,param,Florasat_Individual_Sats.terminal[57].phy.radio.receiver,typename,,,"""Global.Transceiver.LoRaReceiver"""
General-317-20260718-15:48:02-5193,param,Florasat_Individual_Sats.terminal[57].phy.radio.receiver,energyDetection,,,-90dBm
General-317-20260718-15:48:02-5193,attr,Florasat_Individual_Sats.terminal[57].phy.radio.receiver,energyDetection,unit,dBm,
General-317-20260718-15:48:02-5193,param,Florasat_Individual_Sats.terminal[57].phy.radio.receiver,sensitivity,,,-137dBm
General-317-20260718-15:48:02-5193,attr,Florasat_Individual_Sats.terminal[57].phy.radio.receiver,sensitivity,unit,dBm,
General-317-20260718-15:48:02-5193,param,Florasat_Individual_Sats.terminal[57].phy.radio.receiver,snirThreshold,,,-8dB
General-317-20260718-15:48:02-5193,attr,Florasat_Individual_Sats.terminal[57].phy.radio.receiver,snirThreshold,unit,dB,
General-317-20260718-15:48:02-5193,param,Florasat_Individual_Sats.terminal[57].phy.radio.receiver,centerFrequency,,,8.68e+08Hz
General-317-20260718-15:48:02-5193,attr,Florasat_Individual_Sats.terminal[57].phy.radio.receiver,centerFrequency,unit,Hz,
General-317-20260718-15:48:02-5193,param,Florasat_Individual_Sats.terminal[57].phy.radio.receiver,bandwidth,,,250000Hz
General-317-20260718-15:48:02-5193,attr,Florasat_Individual_Sats.terminal[57].phy.radio.receiver,bandwidth,unit,Hz,
General-317-20260718-15:48:02-5193,param,Florasat_Individual_Sats.terminal[57].phy.radio.receiver,alohaChannelModel,,,false
General-317-20260718-15:48:02-5193,param,Florasat_Individual_Sats.terminal[57].phy.radio.receiver,errorModelType,,,""""""
General-317-20260718-15:48:02-5193,param,Florasat_Individual_Sats.terminal[57].phy.radio.receiver,ignoreInterference,,,false
General-317-20260718-15:48:02-5193,param,Florasat_Individual_Sats.terminal[57].phy.radio.receiver,enableCollisionOverlap,,,false
General-317-20260718-15:48:02-5193,param,Florasat_Individual_Sats.terminal[57].phy.radio.receiver,minCollisionOverlap,,,0s
General-317-20260718-15:48:02-5193,attr,Florasat_Individual_Sats.terminal[57].phy.radio.receiver,minCollisionOverlap,unit,s,
General-317-20260718-15:48:02-5193,param,Florasat_Individual_Sats.terminal[57].phy.radio.IdealEpEnergyStorage,typename,,,"""inet.power.storage.IdealEpEnergyStorage"""
General-317-20260718-15:48:02-5193,param,Florasat_Individual_Sats.terminal[57].phy.radio,typename,,,"""Nodes._10_Terminal._10_Physical.Ter_Phy_LoRaRadio"""
General-317-20260718-15:48:02-5193,param,Florasat_Individual_Sats.terminal[57].phy.radio,radioMediumModule,,,"""radioMedium"""
General-317-20260718-15:48:02-5193,param,Florasat_Individual_Sats.terminal[57].phy.radio,energySourceModule,,,""""""
General-317-20260718-15:48:02-5193,param,Florasat_Individual_Sats.terminal[57].phy.radio,initialRadioMode,,,"""off"""
General-317-20260718-15:48:02-5193,attr,Florasat_Individual_Sats.terminal[57].phy.radio,initialRadioMode,enum,"off,sleep,receiver,transmitter,transceiver",
General-317-20260718-15:48:02-5193,param,Florasat_Individual_Sats.terminal[57].phy.radio,switchingTimes,,,"""ms 0 0 0 0 0 0 0 0 0 0 0 0 0 0 0 0 0 0 0 0 0 0 0 0 0"""
General-317-20260718-15:48:02-5193,param,Florasat_Individual_Sats.terminal[57].phy.radio,sendRawBytes,,,false
General-317-20260718-15:48:02-5193,param,Florasat_Individual_Sats.terminal[57].phy.radio,separateTransmissionParts,,,false
General-317-20260718-15:48:02-5193,param,Florasat_Individual_Sats.terminal[57].phy.radio,separateReceptionParts,,,false
General-317-20260718-15:48:02-5193,param,Florasat_Individual_Sats.terminal[57].phy.radio,displayCommunicationRange,,,false
General-317-20260718-15:48:02-5193,param,Florasat_Individual_Sats.terminal[57].phy.radio,displayInterferenceRange,,,false
General-317-20260718-15:48:02-5193,param,Florasat_Individual_Sats.terminal[57].phy.radio,centerFrequency,,,8.68e+08Hz
General-317-20260718-15:48:02-5193,attr,Florasat_Individual_Sats.terminal[57].phy.radio,centerFrequency,unit,Hz,
General-317-20260718-15:48:02-5193,param,Florasat_Individual_Sats.terminal[57].phy.radio,bandwidth,,,250000Hz
General-317-20260718-15:48:02-5193,attr,Florasat_Individual_Sats.terminal[57].phy.radio,bandwidth,unit,Hz,
General-317-20260718-15:48:02-5193,param,Florasat_Individual_Sats.terminal[57].phy.radio,iAmGateway,,,false
General-317-20260718-15:48:02-5193,param,Florasat_Individual_Sats.terminal[57].phy,typename,,,"""Nodes._10_Terminal._10_Physical.Ter_Phy"""
General-317-20260718-15:48:02-5193,param,Florasat_Individual_Sats.terminal[57].phy,layerName,,,"""Ter_Phy"""
General-317-20260718-15:48:02-5193,attr,Florasat_Individual_Sats.terminal[57].phy,layerName,optional,,
General-317-20260718-15:48:02-5193,param,Florasat_Individual_Sats.terminal[57].dlk.mac.queue,typename,,,"""inet.queueing.queue.DropTailQueue"""
General-317-20260718-15:48:02-5193,param,Florasat_Individual_Sats.terminal[57].dlk.mac.queue,displayStringTextFormat,,,"""contains %p pk (%l) pushed %u\npulled %o removed %r dropped %d"""
General-317-20260718-15:48:02-5193,param,Florasat_Individual_Sats.terminal[57].dlk.mac.queue,packetCapacity,,,-1
General-317-20260718-15:48:02-5193,param,Florasat_Individual_Sats.terminal[57].dlk.mac.queue,dataCapacity,,,-1b
General-317-20260718-15:48:02-5193,attr,Florasat_Individual_Sats.terminal[57].dlk.mac.queue,dataCapacity,unit,b,
General-317-20260718-15:48:02-5193,param,Florasat_Individual_Sats.terminal[57].dlk.mac.queue,dropperClass,,,"""inet::queueing::PacketAtCollectionEndDropper"""
General-317-20260718-15:48:02-5193,param,Florasat_Individual_Sats.terminal[57].dlk.mac.queue,comparatorClass,,,""""""
General-317-20260718-15:48:02-5193,param,Florasat_Individual_Sats.terminal[57].dlk.mac.queue,bufferModule,,,""""""
General-317-20260718-15:48:02-5193,param,Florasat_Individual_Sats.terminal[57].dlk.mac.mlBox,typename,,,"""Nodes._10_Terminal._20_Data_Link.Transmission_Predictor.Transmission_Predictor"""
General-317-20260718-15:48:02-5193,param,Florasat_Individual_Sats.terminal[57].dlk.mac.mlBox,modelPath,,,"""/home/ylnner/Documents/omnet++/omnetpp-6.3.0/projects/florasat_v4_ult_routing/simulations/Test_Individual/mlmodels/transformer_scripted.pt"""
General-317-20260718-15:48:02-5193,param,Florasat_Individual_Sats.terminal[57].dlk.mac.mlBox,threshold,,,0.2
General-317-20260718-15:48:02-5193,param,Florasat_Individual_Sats.terminal[57].dlk.mac.mlBox,scalerPath,,,""""""
General-317-20260718-15:48:02-5193,param,Florasat_Individual_Sats.terminal[57].dlk.mac,typename,,,"""Nodes._10_Terminal._20_Data_Link.Ter_Dlk_KiWan"""
General-317-20260718-15:48:02-5193,param,Florasat_Individual_Sats.terminal[57].dlk.mac,interfaceTableModule,,,""""""
General-317-20260718-15:48:02-5193,param,Florasat_Individual_Sats.terminal[57].dlk.mac,radioModule,,,"""^.^.phy.radio"""
General-317-20260718-15:48:02-5193,param,Florasat_Individual_Sats.terminal[57].dlk.mac,address,,,"""0A-AA-00-00-00-3A"""
General-317-20260718-15:48:02-5193,attr,Florasat_Individual_Sats.terminal[57].dlk.mac,address,mutable,,
General-317-20260718-15:48:02-5193,param,Florasat_Individual_Sats.terminal[57].dlk.mac,mtu,,,1500
General-317-20260718-15:48:02-5193,param,Florasat_Individual_Sats.terminal[57].dlk.mac,ttwDuration,,,100s
General-317-20260718-15:48:02-5193,attr,Florasat_Individual_Sats.terminal[57].dlk.mac,ttwDuration,unit,s,
General-317-20260718-15:48:02-5193,param,Florasat_Individual_Sats.terminal[57].dlk.mac,ttwIdle,,,0s
General-317-20260718-15:48:02-5193,attr,Florasat_Individual_Sats.terminal[57].dlk.mac,ttwIdle,unit,s,
General-317-20260718-15:48:02-5193,param,Florasat_Individual_Sats.terminal[57].dlk.mac,ttxStart_min,,,0s
General-317-20260718-15:48:02-5193,attr,Florasat_Individual_Sats.terminal[57].dlk.mac,ttxStart_min,unit,s,
General-317-20260718-15:48:02-5193,param,Florasat_Individual_Sats.terminal[57].dlk.mac,ttxStart_max,,,1s
General-317-20260718-15:48:02-5193,attr,Florasat_Individual_Sats.terminal[57].dlk.mac,ttxStart_max,unit,s,
General-317-20260718-15:48:02-5193,param,Florasat_Individual_Sats.terminal[57].dlk.mac,ttxIdle_min,,,10s
General-317-20260718-15:48:02-5193,attr,Florasat_Individual_Sats.terminal[57].dlk.mac,ttxIdle_min,unit,s,
General-317-20260718-15:48:02-5193,param,Florasat_Individual_Sats.terminal[57].dlk.mac,ttxIdle_max,,,15s
General-317-20260718-15:48:02-5193,attr,Florasat_Individual_Sats.terminal[57].dlk.mac,ttxIdle_max,unit,s,
General-317-20260718-15:48:02-5193,param,Florasat_Individual_Sats.terminal[57].dlk.mac,Ntw,,,1
General-317-20260718-15:48:02-5193,param,Florasat_Individual_Sats.terminal[57].dlk.mac,Ntx,,,5
General-317-20260718-15:48:02-5193,param,Florasat_Individual_Sats.terminal[57].dlk.mac,enableSatDetect,,,false
General-317-20260718-15:48:02-5193,param,Florasat_Individual_Sats.terminal[57].dlk.mac,tsdStart_min,,,0s
General-317-20260718-15:48:02-5193,attr,Florasat_Individual_Sats.terminal[57].dlk.mac,tsdStart_min,unit,s,
General-317-20260718-15:48:02-5193,param,Florasat_Individual_Sats.terminal[57].dlk.mac,tsdStart_max,,,60s
General-317-20260718-15:48:02-5193,attr,Florasat_Individual_Sats.terminal[57].dlk.mac,tsdStart_max,unit,s,
General-317-20260718-15:48:02-5193,param,Florasat_Individual_Sats.terminal[57].dlk.mac,Ndetect,,,4
General-317-20260718-15:48:02-5193,param,Florasat_Individual_Sats.terminal[57].dlk.mac,NsdSync,,,2
General-317-20260718-15:48:02-5193,param,Florasat_Individual_Sats.terminal[57].dlk.mac,tsyncIdle,,,60s
General-317-20260718-15:48:02-5193,attr,Florasat_Individual_Sats.terminal[57].dlk.mac,tsyncIdle,unit,s,
General-317-20260718-15:48:02-5193,param,Florasat_Individual_Sats.terminal[57].dlk.mac,tsdIdle,,,240s
General-317-20260718-15:48:02-5193,attr,Florasat_Individual_Sats.terminal[57].dlk.mac,tsdIdle,unit,s,
General-317-20260718-15:48:02-5193,param,Florasat_Individual_Sats.terminal[57].dlk.mac,satelliteDetectionProbability,,,0.9
General-317-20260718-15:48:02-5193,param,Florasat_Individual_Sats.terminal[57].dlk.mac,minimumElevation,,,5
General-317-20260718-15:48:02-5193,param,Florasat_Individual_Sats.terminal[57].dlk.mac,detectInitialListen,,,0.33s
General-317-20260718-15:48:02-5193,attr,Florasat_Individual_Sats.terminal[57].dlk.mac,detectInitialListen,unit,s,
General-317-20260718-15:48:02-5193,param,Florasat_Individual_Sats.terminal[57].dlk.mac,detectSuccessExtraMin,,,0.075s
General-317-20260718-15:48:02-5193,attr,Florasat_Individual_Sats.terminal[57].dlk.mac,detectSuccessExtraMin,unit,s,
General-317-20260718-15:48:02-5193,param,Florasat_Individual_Sats.terminal[57].dlk.mac,detectSuccessExtraMax,,,1.67s
General-317-20260718-15:48:02-5193,attr,Florasat_Individual_Sats.terminal[57].dlk.mac,detectSuccessExtraMax,unit,s,
General-317-20260718-15:48:02-5193,param,Florasat_Individual_Sats.terminal[57].dlk.mac,detectMissExtra,,,1.67s
General-317-20260718-15:48:02-5193,attr,Florasat_Individual_Sats.terminal[57].dlk.mac,detectMissExtra,unit,s,
General-317-20260718-15:48:02-5193,param,Florasat_Individual_Sats.terminal[57].dlk.mac,LoRaSF,,,11
General-317-20260718-15:48:02-5193,param,Florasat_Individual_Sats.terminal[57].dlk.mac,LoRaTP,,,12
General-317-20260718-15:48:02-5193,param,Florasat_Individual_Sats.terminal[57].dlk.mac,LoRaCF,,,8.68e+08
General-317-20260718-15:48:02-5193,param,Florasat_Individual_Sats.terminal[57].dlk.mac,LoRaBW,,,125000
General-317-20260718-15:48:02-5193,param,Florasat_Individual_Sats.terminal[57].dlk.mac,LoRaCR,,,1
General-317-20260718-15:48:02-5193,param,Florasat_Individual_Sats.terminal[57].dlk.mac,useMLBox,,,true
General-317-20260718-15:48:02-5193,param,Florasat_Individual_Sats.terminal[57].dlk.mac,useMLBoxBiLSTM,,,false
General-317-20260718-15:48:02-5193,param,Florasat_Individual_Sats.terminal[57].dlk.mac,useAnalytical,,,false
General-317-20260718-15:48:02-5193,param,Florasat_Individual_Sats.terminal[57].dlk,typename,,,"""Nodes._10_Terminal._20_Data_Link.Ter_Dlk"""
General-317-20260718-15:48:02-5193,param,Florasat_Individual_Sats.terminal[57].net.routing,typename,,,"""Global.Base._30_Network.Ter_Null_Routing"""
General-317-20260718-15:48:02-5193,param,Florasat_Individual_Sats.terminal[57].net,typename,,,"""Nodes._10_Terminal._30_Network.Ter_Net"""
General-317-20260718-15:48:02-5193,param,Florasat_Individual_Sats.terminal[57].net,layerName,,,"""Ter_Net"""
General-317-20260718-15:48:02-5193,attr,Florasat_Individual_Sats.terminal[57].net,layerName,optional,,
General-317-20260718-15:48:02-5193,param,Florasat_Individual_Sats.terminal[57].net,routingType,,,"""Ter_Null_Routing"""
General-317-20260718-15:48:02-5193,param,Florasat_Individual_Sats.terminal[57].app,typename,,,"""Nodes._10_Terminal._40_Application.Ter_App"""
General-317-20260718-15:48:02-5193,param,Florasat_Individual_Sats.terminal[57].app,layerName,,,"""TerminalApplicationLayer"""
General-317-20260718-15:48:02-5193,attr,Florasat_Individual_Sats.terminal[57].app,layerName,optional,,
General-317-20260718-15:48:02-5193,param,Florasat_Individual_Sats.terminal[57].app,numberOfPacketsToSend,,,0
General-317-20260718-15:48:02-5193,param,Florasat_Individual_Sats.terminal[57].app,timeToFirstPacket,,,1s
General-317-20260718-15:48:02-5193,attr,Florasat_Individual_Sats.terminal[57].app,timeToFirstPacket,unit,s,
General-317-20260718-15:48:02-5193,param,Florasat_Individual_Sats.terminal[57].app,timeToNextPacket,,,115s
General-317-20260718-15:48:02-5193,attr,Florasat_Individual_Sats.terminal[57].app,timeToNextPacket,unit,s,
General-317-20260718-15:48:02-5193,param,Florasat_Individual_Sats.terminal[57].app,timeToResponse,,,30s
General-317-20260718-15:48:02-5193,attr,Florasat_Individual_Sats.terminal[57].app,timeToResponse,unit,s,
General-317-20260718-15:48:02-5193,param,Florasat_Individual_Sats.terminal[57].app,timeToRetry,,,10s
General-317-20260718-15:48:02-5193,attr,Florasat_Individual_Sats.terminal[57].app,timeToRetry,unit,s,
General-317-20260718-15:48:02-5193,param,Florasat_Individual_Sats.terminal[57].app,ackTimeout,,,7s
General-317-20260718-15:48:02-5193,attr,Florasat_Individual_Sats.terminal[57].app,ackTimeout,unit,s,
General-317-20260718-15:48:02-5193,param,Florasat_Individual_Sats.terminal[57].app,timer,,,1s
General-317-20260718-15:48:02-5193,attr,Florasat_Individual_Sats.terminal[57].app,timer,unit,s,
General-317-20260718-15:48:02-5193,param,Florasat_Individual_Sats.terminal[57].app,initialLoRaTP,,,14dBm
General-317-20260718-15:48:02-5193,attr,Florasat_Individual_Sats.terminal[57].app,initialLoRaTP,unit,dBm,
General-317-20260718-15:48:02-5193,param,Florasat_Individual_Sats.terminal[57].app,initialLoRaCF,,,8.68e+08Hz
General-317-20260718-15:48:02-5193,attr,Florasat_Individual_Sats.terminal[57].app,initialLoRaCF,unit,Hz,
General-317-20260718-15:48:02-5193,param,Florasat_Individual_Sats.terminal[57].app,initialLoRaSF,,,12
General-317-20260718-15:48:02-5193,param,Florasat_Individual_Sats.terminal[57].app,initialLoRaBW,,,125000Hz
General-317-20260718-15:48:02-5193,attr,Florasat_Individual_Sats.terminal[57].app,initialLoRaBW,unit,Hz,
General-317-20260718-15:48:02-5193,param,Florasat_Individual_Sats.terminal[57].app,initialLoRaCR,,,4
General-317-20260718-15:48:02-5193,param,Florasat_Individual_Sats.terminal[57].app,initialUseHeader,,,true
General-317-20260718-15:48:02-5193,param,Florasat_Individual_Sats.terminal[57].app,initialPingSlot,,,1
General-317-20260718-15:48:02-5193,param,Florasat_Individual_Sats.terminal[57].app,InitClassA,,,true
General-317-20260718-15:48:02-5193,param,Florasat_Individual_Sats.terminal[57].app,InitClassB,,,false
General-317-20260718-15:48:02-5193,param,Florasat_Individual_Sats.terminal[57].app,evaluateADRinNode,,,false
General-317-20260718-15:48:02-5193,param,Florasat_Individual_Sats.terminal[57].app,payloadSize,,,10B
General-317-20260718-15:48:02-5193,attr,Florasat_Individual_Sats.terminal[57].app,payloadSize,unit,B,
General-317-20260718-15:48:02-5193,param,Florasat_Individual_Sats.terminal[57].app,usingAck,,,true
General-317-20260718-15:48:02-5193,param,Florasat_Individual_Sats.terminal[57].app,numGroundLinks,,,40
General-317-20260718-15:48:02-5193,param,Florasat_Individual_Sats.terminal[57].app,maxHops,,,50
General-317-20260718-15:48:02-5193,param,Florasat_Individual_Sats.terminal[57].app,nroMaxAttempts,,,0
General-317-20260718-15:48:02-5193,param,Florasat_Individual_Sats.terminal[57].eng,typename,,,"""Nodes._10_Terminal._50_Energy.Ter_Ene"""
General-317-20260718-15:48:02-5193,param,Florasat_Individual_Sats.terminal[57].mob,typename,,,"""Nodes._10_Terminal._60_Mobility.Ter_Mob"""
General-317-20260718-15:48:02-5193,param,Florasat_Individual_Sats.terminal[57].mob,subjectModule,,,"""^"""
General-317-20260718-15:48:02-5193,param,Florasat_Individual_Sats.terminal[57].mob,coordinateSystemModule,,,""""""
General-317-20260718-15:48:02-5193,param,Florasat_Individual_Sats.terminal[57].mob,displayStringTextFormat,,,"""p: %p\nv: %v"""
General-317-20260718-15:48:02-5193,attr,Florasat_Individual_Sats.terminal[57].mob,displayStringTextFormat,mutable,,
General-317-20260718-15:48:02-5193,param,Florasat_Individual_Sats.terminal[57].mob,updateDisplayString,,,true
General-317-20260718-15:48:02-5193,param,Florasat_Individual_Sats.terminal[57].mob,constraintAreaMinX,,,-inf m
General-317-20260718-15:48:02-5193,attr,Florasat_Individual_Sats.terminal[57].mob,constraintAreaMinX,unit,m,
General-317-20260718-15:48:02-5193,param,Florasat_Individual_Sats.terminal[57].mob,constraintAreaMinY,,,-inf m
General-317-20260718-15:48:02-5193,attr,Florasat_Individual_Sats.terminal[57].mob,constraintAreaMinY,unit,m,
General-317-20260718-15:48:02-5193,param,Florasat_Individual_Sats.terminal[57].mob,constraintAreaMinZ,,,-inf m
General-317-20260718-15:48:02-5193,attr,Florasat_Individual_Sats.terminal[57].mob,constraintAreaMinZ,unit,m,
General-317-20260718-15:48:02-5193,param,Florasat_Individual_Sats.terminal[57].mob,constraintAreaMaxX,,,inf m
General-317-20260718-15:48:02-5193,attr,Florasat_Individual_Sats.terminal[57].mob,constraintAreaMaxX,unit,m,
General-317-20260718-15:48:02-5193,param,Florasat_Individual_Sats.terminal[57].mob,constraintAreaMaxY,,,inf m
General-317-20260718-15:48:02-5193,attr,Florasat_Individual_Sats.terminal[57].mob,constraintAreaMaxY,unit,m,
General-317-20260718-15:48:02-5193,param,Florasat_Individual_Sats.terminal[57].mob,constraintAreaMaxZ,,,inf m
General-317-20260718-15:48:02-5193,attr,Florasat_Individual_Sats.terminal[57].mob,constraintAreaMaxZ,unit,m,
General-317-20260718-15:48:02-5193,param,Florasat_Individual_Sats.terminal[57].mob,initialX,,,nan m
General-317-20260718-15:48:02-5193,attr,Florasat_Individual_Sats.terminal[57].mob,initialX,unit,m,
General-317-20260718-15:48:02-5193,param,Florasat_Individual_Sats.terminal[57].mob,initialY,,,nan m
General-317-20260718-15:48:02-5193,attr,Florasat_Individual_Sats.terminal[57].mob,initialY,unit,m,
General-317-20260718-15:48:02-5193,param,Florasat_Individual_Sats.terminal[57].mob,initialZ,,,0m
General-317-20260718-15:48:02-5193,attr,Florasat_Individual_Sats.terminal[57].mob,initialZ,unit,m,
General-317-20260718-15:48:02-5193,param,Florasat_Individual_Sats.terminal[57].mob,initialLatitude,,,nan deg
General-317-20260718-15:48:02-5193,attr,Florasat_Individual_Sats.terminal[57].mob,initialLatitude,unit,deg,
General-317-20260718-15:48:02-5193,param,Florasat_Individual_Sats.terminal[57].mob,initialLongitude,,,nan deg
General-317-20260718-15:48:02-5193,attr,Florasat_Individual_Sats.terminal[57].mob,initialLongitude,unit,deg,
General-317-20260718-15:48:02-5193,param,Florasat_Individual_Sats.terminal[57].mob,initialAltitude,,,0m
General-317-20260718-15:48:02-5193,attr,Florasat_Individual_Sats.terminal[57].mob,initialAltitude,unit,m,
General-317-20260718-15:48:02-5193,param,Florasat_Individual_Sats.terminal[57].mob,initialHeading,,,0deg
General-317-20260718-15:48:02-5193,attr,Florasat_Individual_Sats.terminal[57].mob,initialHeading,unit,deg,
General-317-20260718-15:48:02-5193,param,Florasat_Individual_Sats.terminal[57].mob,initialElevation,,,0deg
General-317-20260718-15:48:02-5193,attr,Florasat_Individual_Sats.terminal[57].mob,initialElevation,unit,deg,
General-317-20260718-15:48:02-5193,param,Florasat_Individual_Sats.terminal[57].mob,initialBank,,,0deg
General-317-20260718-15:48:02-5193,attr,Florasat_Individual_Sats.terminal[57].mob,initialBank,unit,deg,
General-317-20260718-15:48:02-5193,param,Florasat_Individual_Sats.terminal[57].mob,initFromDisplayString,,,false
General-317-20260718-15:48:02-5193,param,Florasat_Individual_Sats.terminal[57].mob,updateFromDisplayString,,,false
General-317-20260718-15:48:02-5193,param,Florasat_Individual_Sats.terminal[57].mob,centerLatitude,,,65.683
General-317-20260718-15:48:02-5193,param,Florasat_Individual_Sats.terminal[57].mob,centerLongitude,,,-18.087
General-317-20260718-15:48:02-5193,param,Florasat_Individual_Sats.terminal[57].mob,deploymentRadius,,,200
General-317-20260718-15:48:02-5193,param,Florasat_Individual_Sats.terminal[57],typename,,,"""Nodes._10_Terminal.Terminal"""
General-317-20260718-15:48:02-5193,param,Florasat_Individual_Sats.terminal[57],layerName,,,"""Terminal"""
General-317-20260718-15:48:02-5193,attr,Florasat_Individual_Sats.terminal[57],layerName,optional,,
General-317-20260718-15:48:02-5193,param,Florasat_Individual_Sats.terminal[57],sendData,,,true
General-317-20260718-15:48:02-5193,attr,Florasat_Individual_Sats.terminal[57],sendData,mutable,,
General-317-20260718-15:48:02-5193,param,Florasat_Individual_Sats.terminal[57],dstGsOrDev,,,0
General-317-20260718-15:48:02-5193,param,Florasat_Individual_Sats.terminal[58].phy.radio.antenna,typename,,,"""inet.physicallayer.wireless.common.antenna.IsotropicAntenna"""
General-317-20260718-15:48:02-5193,param,Florasat_Individual_Sats.terminal[58].phy.radio.antenna,mobilityModule,,,"""^.^.^.mob"""
General-317-20260718-15:48:02-5193,param,Florasat_Individual_Sats.terminal[58].phy.radio.antenna,numAntennas,,,1
General-317-20260718-15:48:02-5193,param,Florasat_Individual_Sats.terminal[58].phy.radio.transmitter,typename,,,"""Global.Transceiver.LoRaTransmitter"""
General-317-20260718-15:48:02-5193,param,Florasat_Individual_Sats.terminal[58].phy.radio.transmitter,preambleDuration,,,0.001s
General-317-20260718-15:48:02-5193,attr,Florasat_Individual_Sats.terminal[58].phy.radio.transmitter,preambleDuration,unit,s,
General-317-20260718-15:48:02-5193,param,Florasat_Individual_Sats.terminal[58].phy.radio.transmitter,headerLength,,,40b
General-317-20260718-15:48:02-5193,attr,Florasat_Individual_Sats.terminal[58].phy.radio.transmitter,headerLength,unit,b,
General-317-20260718-15:48:02-5193,param,Florasat_Individual_Sats.terminal[58].phy.radio.transmitter,bitrate,,,250000bps
General-317-20260718-15:48:02-5193,attr,Florasat_Individual_Sats.terminal[58].phy.radio.transmitter,bitrate,unit,bps,
General-317-20260718-15:48:02-5193,param,Florasat_Individual_Sats.terminal[58].phy.radio.transmitter,power,,,0.025118W
General-317-20260718-15:48:02-5193,attr,Florasat_Individual_Sats.terminal[58].phy.radio.transmitter,power,unit,W,
General-317-20260718-15:48:02-5193,param,Florasat_Individual_Sats.terminal[58].phy.radio.transmitter,centerFrequency,,,8.68e+08Hz
General-317-20260718-15:48:02-5193,attr,Florasat_Individual_Sats.terminal[58].phy.radio.transmitter,centerFrequency,unit,Hz,
General-317-20260718-15:48:02-5193,param,Florasat_Individual_Sats.terminal[58].phy.radio.transmitter,bandwidth,,,250000Hz
General-317-20260718-15:48:02-5193,attr,Florasat_Individual_Sats.terminal[58].phy.radio.transmitter,bandwidth,unit,Hz,
General-317-20260718-15:48:02-5193,param,Florasat_Individual_Sats.terminal[58].phy.radio.transmitter,codeRate,,,1
General-317-20260718-15:48:02-5193,param,Florasat_Individual_Sats.terminal[58].phy.radio.transmitter,modulation,,,"""LoRaModulation"""
General-317-20260718-15:48:02-5193,param,Florasat_Individual_Sats.terminal[58].phy.radio.receiver,typename,,,"""Global.Transceiver.LoRaReceiver"""
General-317-20260718-15:48:02-5193,param,Florasat_Individual_Sats.terminal[58].phy.radio.receiver,energyDetection,,,-90dBm
General-317-20260718-15:48:02-5193,attr,Florasat_Individual_Sats.terminal[58].phy.radio.receiver,energyDetection,unit,dBm,
General-317-20260718-15:48:02-5193,param,Florasat_Individual_Sats.terminal[58].phy.radio.receiver,sensitivity,,,-137dBm
General-317-20260718-15:48:02-5193,attr,Florasat_Individual_Sats.terminal[58].phy.radio.receiver,sensitivity,unit,dBm,
General-317-20260718-15:48:02-5193,param,Florasat_Individual_Sats.terminal[58].phy.radio.receiver,snirThreshold,,,-8dB
General-317-20260718-15:48:02-5193,attr,Florasat_Individual_Sats.terminal[58].phy.radio.receiver,snirThreshold,unit,dB,
General-317-20260718-15:48:02-5193,param,Florasat_Individual_Sats.terminal[58].phy.radio.receiver,centerFrequency,,,8.68e+08Hz
General-317-20260718-15:48:02-5193,attr,Florasat_Individual_Sats.terminal[58].phy.radio.receiver,centerFrequency,unit,Hz,
General-317-20260718-15:48:02-5193,param,Florasat_Individual_Sats.terminal[58].phy.radio.receiver,bandwidth,,,250000Hz
General-317-20260718-15:48:02-5193,attr,Florasat_Individual_Sats.terminal[58].phy.radio.receiver,bandwidth,unit,Hz,
General-317-20260718-15:48:02-5193,param,Florasat_Individual_Sats.terminal[58].phy.radio.receiver,alohaChannelModel,,,false
General-317-20260718-15:48:02-5193,param,Florasat_Individual_Sats.terminal[58].phy.radio.receiver,errorModelType,,,""""""
General-317-20260718-15:48:02-5193,param,Florasat_Individual_Sats.terminal[58].phy.radio.receiver,ignoreInterference,,,false
General-317-20260718-15:48:02-5193,param,Florasat_Individual_Sats.terminal[58].phy.radio.receiver,enableCollisionOverlap,,,false
General-317-20260718-15:48:02-5193,param,Florasat_Individual_Sats.terminal[58].phy.radio.receiver,minCollisionOverlap,,,0s
General-317-20260718-15:48:02-5193,attr,Florasat_Individual_Sats.terminal[58].phy.radio.receiver,minCollisionOverlap,unit,s,
General-317-20260718-15:48:02-5193,param,Florasat_Individual_Sats.terminal[58].phy.radio.IdealEpEnergyStorage,typename,,,"""inet.power.storage.IdealEpEnergyStorage"""
General-317-20260718-15:48:02-5193,param,Florasat_Individual_Sats.terminal[58].phy.radio,typename,,,"""Nodes._10_Terminal._10_Physical.Ter_Phy_LoRaRadio"""
General-317-20260718-15:48:02-5193,param,Florasat_Individual_Sats.terminal[58].phy.radio,radioMediumModule,,,"""radioMedium"""
General-317-20260718-15:48:02-5193,param,Florasat_Individual_Sats.terminal[58].phy.radio,energySourceModule,,,""""""
General-317-20260718-15:48:02-5193,param,Florasat_Individual_Sats.terminal[58].phy.radio,initialRadioMode,,,"""off"""
General-317-20260718-15:48:02-5193,attr,Florasat_Individual_Sats.terminal[58].phy.radio,initialRadioMode,enum,"off,sleep,receiver,transmitter,transceiver",
General-317-20260718-15:48:02-5193,param,Florasat_Individual_Sats.terminal[58].phy.radio,switchingTimes,,,"""ms 0 0 0 0 0 0 0 0 0 0 0 0 0 0 0 0 0 0 0 0 0 0 0 0 0"""
General-317-20260718-15:48:02-5193,param,Florasat_Individual_Sats.terminal[58].phy.radio,sendRawBytes,,,false
General-317-20260718-15:48:02-5193,param,Florasat_Individual_Sats.terminal[58].phy.radio,separateTransmissionParts,,,false
General-317-20260718-15:48:02-5193,param,Florasat_Individual_Sats.terminal[58].phy.radio,separateReceptionParts,,,false
General-317-20260718-15:48:02-5193,param,Florasat_Individual_Sats.terminal[58].phy.radio,displayCommunicationRange,,,false
General-317-20260718-15:48:02-5193,param,Florasat_Individual_Sats.terminal[58].phy.radio,displayInterferenceRange,,,false
General-317-20260718-15:48:02-5193,param,Florasat_Individual_Sats.terminal[58].phy.radio,centerFrequency,,,8.68e+08Hz
General-317-20260718-15:48:02-5193,attr,Florasat_Individual_Sats.terminal[58].phy.radio,centerFrequency,unit,Hz,
General-317-20260718-15:48:02-5193,param,Florasat_Individual_Sats.terminal[58].phy.radio,bandwidth,,,250000Hz
General-317-20260718-15:48:02-5193,attr,Florasat_Individual_Sats.terminal[58].phy.radio,bandwidth,unit,Hz,
General-317-20260718-15:48:02-5193,param,Florasat_Individual_Sats.terminal[58].phy.radio,iAmGateway,,,false
General-317-20260718-15:48:02-5193,param,Florasat_Individual_Sats.terminal[58].phy,typename,,,"""Nodes._10_Terminal._10_Physical.Ter_Phy"""
General-317-20260718-15:48:02-5193,param,Florasat_Individual_Sats.terminal[58].phy,layerName,,,"""Ter_Phy"""
General-317-20260718-15:48:02-5193,attr,Florasat_Individual_Sats.terminal[58].phy,layerName,optional,,
General-317-20260718-15:48:02-5193,param,Florasat_Individual_Sats.terminal[58].dlk.mac.queue,typename,,,"""inet.queueing.queue.DropTailQueue"""
General-317-20260718-15:48:02-5193,param,Florasat_Individual_Sats.terminal[58].dlk.mac.queue,displayStringTextFormat,,,"""contains %p pk (%l) pushed %u\npulled %o removed %r dropped %d"""
General-317-20260718-15:48:02-5193,param,Florasat_Individual_Sats.terminal[58].dlk.mac.queue,packetCapacity,,,-1
General-317-20260718-15:48:02-5193,param,Florasat_Individual_Sats.terminal[58].dlk.mac.queue,dataCapacity,,,-1b
General-317-20260718-15:48:02-5193,attr,Florasat_Individual_Sats.terminal[58].dlk.mac.queue,dataCapacity,unit,b,
General-317-20260718-15:48:02-5193,param,Florasat_Individual_Sats.terminal[58].dlk.mac.queue,dropperClass,,,"""inet::queueing::PacketAtCollectionEndDropper"""
General-317-20260718-15:48:02-5193,param,Florasat_Individual_Sats.terminal[58].dlk.mac.queue,comparatorClass,,,""""""
General-317-20260718-15:48:02-5193,param,Florasat_Individual_Sats.terminal[58].dlk.mac.queue,bufferModule,,,""""""
General-317-20260718-15:48:02-5193,param,Florasat_Individual_Sats.terminal[58].dlk.mac.mlBox,typename,,,"""Nodes._10_Terminal._20_Data_Link.Transmission_Predictor.Transmission_Predictor"""
General-317-20260718-15:48:02-5193,param,Florasat_Individual_Sats.terminal[58].dlk.mac.mlBox,modelPath,,,"""/home/ylnner/Documents/omnet++/omnetpp-6.3.0/projects/florasat_v4_ult_routing/simulations/Test_Individual/mlmodels/transformer_scripted.pt"""
General-317-20260718-15:48:02-5193,param,Florasat_Individual_Sats.terminal[58].dlk.mac.mlBox,threshold,,,0.2
General-317-20260718-15:48:02-5193,param,Florasat_Individual_Sats.terminal[58].dlk.mac.mlBox,scalerPath,,,""""""
General-317-20260718-15:48:02-5193,param,Florasat_Individual_Sats.terminal[58].dlk.mac,typename,,,"""Nodes._10_Terminal._20_Data_Link.Ter_Dlk_KiWan"""
General-317-20260718-15:48:02-5193,param,Florasat_Individual_Sats.terminal[58].dlk.mac,interfaceTableModule,,,""""""
General-317-20260718-15:48:02-5193,param,Florasat_Individual_Sats.terminal[58].dlk.mac,radioModule,,,"""^.^.phy.radio"""
General-317-20260718-15:48:02-5193,param,Florasat_Individual_Sats.terminal[58].dlk.mac,address,,,"""0A-AA-00-00-00-3B"""
General-317-20260718-15:48:02-5193,attr,Florasat_Individual_Sats.terminal[58].dlk.mac,address,mutable,,
General-317-20260718-15:48:02-5193,param,Florasat_Individual_Sats.terminal[58].dlk.mac,mtu,,,1500
General-317-20260718-15:48:02-5193,param,Florasat_Individual_Sats.terminal[58].dlk.mac,ttwDuration,,,100s
General-317-20260718-15:48:02-5193,attr,Florasat_Individual_Sats.terminal[58].dlk.mac,ttwDuration,unit,s,
General-317-20260718-15:48:02-5193,param,Florasat_Individual_Sats.terminal[58].dlk.mac,ttwIdle,,,0s
General-317-20260718-15:48:02-5193,attr,Florasat_Individual_Sats.terminal[58].dlk.mac,ttwIdle,unit,s,
General-317-20260718-15:48:02-5193,param,Florasat_Individual_Sats.terminal[58].dlk.mac,ttxStart_min,,,0s
General-317-20260718-15:48:02-5193,attr,Florasat_Individual_Sats.terminal[58].dlk.mac,ttxStart_min,unit,s,
General-317-20260718-15:48:02-5193,param,Florasat_Individual_Sats.terminal[58].dlk.mac,ttxStart_max,,,1s
General-317-20260718-15:48:02-5193,attr,Florasat_Individual_Sats.terminal[58].dlk.mac,ttxStart_max,unit,s,
General-317-20260718-15:48:02-5193,param,Florasat_Individual_Sats.terminal[58].dlk.mac,ttxIdle_min,,,10s
General-317-20260718-15:48:02-5193,attr,Florasat_Individual_Sats.terminal[58].dlk.mac,ttxIdle_min,unit,s,
General-317-20260718-15:48:02-5193,param,Florasat_Individual_Sats.terminal[58].dlk.mac,ttxIdle_max,,,15s
General-317-20260718-15:48:02-5193,attr,Florasat_Individual_Sats.terminal[58].dlk.mac,ttxIdle_max,unit,s,
General-317-20260718-15:48:02-5193,param,Florasat_Individual_Sats.terminal[58].dlk.mac,Ntw,,,1
General-317-20260718-15:48:02-5193,param,Florasat_Individual_Sats.terminal[58].dlk.mac,Ntx,,,5
General-317-20260718-15:48:02-5193,param,Florasat_Individual_Sats.terminal[58].dlk.mac,enableSatDetect,,,false
General-317-20260718-15:48:02-5193,param,Florasat_Individual_Sats.terminal[58].dlk.mac,tsdStart_min,,,0s
General-317-20260718-15:48:02-5193,attr,Florasat_Individual_Sats.terminal[58].dlk.mac,tsdStart_min,unit,s,
General-317-20260718-15:48:02-5193,param,Florasat_Individual_Sats.terminal[58].dlk.mac,tsdStart_max,,,60s
General-317-20260718-15:48:02-5193,attr,Florasat_Individual_Sats.terminal[58].dlk.mac,tsdStart_max,unit,s,
General-317-20260718-15:48:02-5193,param,Florasat_Individual_Sats.terminal[58].dlk.mac,Ndetect,,,4
General-317-20260718-15:48:02-5193,param,Florasat_Individual_Sats.terminal[58].dlk.mac,NsdSync,,,2
General-317-20260718-15:48:02-5193,param,Florasat_Individual_Sats.terminal[58].dlk.mac,tsyncIdle,,,60s
General-317-20260718-15:48:02-5193,attr,Florasat_Individual_Sats.terminal[58].dlk.mac,tsyncIdle,unit,s,
General-317-20260718-15:48:02-5193,param,Florasat_Individual_Sats.terminal[58].dlk.mac,tsdIdle,,,240s
General-317-20260718-15:48:02-5193,attr,Florasat_Individual_Sats.terminal[58].dlk.mac,tsdIdle,unit,s,
General-317-20260718-15:48:02-5193,param,Florasat_Individual_Sats.terminal[58].dlk.mac,satelliteDetectionProbability,,,0.9
General-317-20260718-15:48:02-5193,param,Florasat_Individual_Sats.terminal[58].dlk.mac,minimumElevation,,,5
General-317-20260718-15:48:02-5193,param,Florasat_Individual_Sats.terminal[58].dlk.mac,detectInitialListen,,,0.33s
General-317-20260718-15:48:02-5193,attr,Florasat_Individual_Sats.terminal[58].dlk.mac,detectInitialListen,unit,s,
General-317-20260718-15:48:02-5193,param,Florasat_Individual_Sats.terminal[58].dlk.mac,detectSuccessExtraMin,,,0.075s
General-317-20260718-15:48:02-5193,attr,Florasat_Individual_Sats.terminal[58].dlk.mac,detectSuccessExtraMin,unit,s,
General-317-20260718-15:48:02-5193,param,Florasat_Individual_Sats.terminal[58].dlk.mac,detectSuccessExtraMax,,,1.67s
General-317-20260718-15:48:02-5193,attr,Florasat_Individual_Sats.terminal[58].dlk.mac,detectSuccessExtraMax,unit,s,
General-317-20260718-15:48:02-5193,param,Florasat_Individual_Sats.terminal[58].dlk.mac,detectMissExtra,,,1.67s
General-317-20260718-15:48:02-5193,attr,Florasat_Individual_Sats.terminal[58].dlk.mac,detectMissExtra,unit,s,
General-317-20260718-15:48:02-5193,param,Florasat_Individual_Sats.terminal[58].dlk.mac,LoRaSF,,,12
General-317-20260718-15:48:02-5193,param,Florasat_Individual_Sats.terminal[58].dlk.mac,LoRaTP,,,12
General-317-20260718-15:48:02-5193,param,Florasat_Individual_Sats.terminal[58].dlk.mac,LoRaCF,,,8.68e+08
General-317-20260718-15:48:02-5193,param,Florasat_Individual_Sats.terminal[58].dlk.mac,LoRaBW,,,125000
General-317-20260718-15:48:02-5193,param,Florasat_Individual_Sats.terminal[58].dlk.mac,LoRaCR,,,1
General-317-20260718-15:48:02-5193,param,Florasat_Individual_Sats.terminal[58].dlk.mac,useMLBox,,,true
General-317-20260718-15:48:02-5193,param,Florasat_Individual_Sats.terminal[58].dlk.mac,useMLBoxBiLSTM,,,false
General-317-20260718-15:48:02-5193,param,Florasat_Individual_Sats.terminal[58].dlk.mac,useAnalytical,,,false
General-317-20260718-15:48:02-5193,param,Florasat_Individual_Sats.terminal[58].dlk,typename,,,"""Nodes._10_Terminal._20_Data_Link.Ter_Dlk"""
General-317-20260718-15:48:02-5193,param,Florasat_Individual_Sats.terminal[58].net.routing,typename,,,"""Global.Base._30_Network.Ter_Null_Routing"""
General-317-20260718-15:48:02-5193,param,Florasat_Individual_Sats.terminal[58].net,typename,,,"""Nodes._10_Terminal._30_Network.Ter_Net"""
General-317-20260718-15:48:02-5193,param,Florasat_Individual_Sats.terminal[58].net,layerName,,,"""Ter_Net"""
General-317-20260718-15:48:02-5193,attr,Florasat_Individual_Sats.terminal[58].net,layerName,optional,,
General-317-20260718-15:48:02-5193,param,Florasat_Individual_Sats.terminal[58].net,routingType,,,"""Ter_Null_Routing"""
General-317-20260718-15:48:02-5193,param,Florasat_Individual_Sats.terminal[58].app,typename,,,"""Nodes._10_Terminal._40_Application.Ter_App"""
General-317-20260718-15:48:02-5193,param,Florasat_Individual_Sats.terminal[58].app,layerName,,,"""TerminalApplicationLayer"""
General-317-20260718-15:48:02-5193,attr,Florasat_Individual_Sats.terminal[58].app,layerName,optional,,
General-317-20260718-15:48:02-5193,param,Florasat_Individual_Sats.terminal[58].app,numberOfPacketsToSend,,,0
General-317-20260718-15:48:02-5193,param,Florasat_Individual_Sats.terminal[58].app,timeToFirstPacket,,,1s
General-317-20260718-15:48:02-5193,attr,Florasat_Individual_Sats.terminal[58].app,timeToFirstPacket,unit,s,
General-317-20260718-15:48:02-5193,param,Florasat_Individual_Sats.terminal[58].app,timeToNextPacket,,,115s
General-317-20260718-15:48:02-5193,attr,Florasat_Individual_Sats.terminal[58].app,timeToNextPacket,unit,s,
General-317-20260718-15:48:02-5193,param,Florasat_Individual_Sats.terminal[58].app,timeToResponse,,,30s
General-317-20260718-15:48:02-5193,attr,Florasat_Individual_Sats.terminal[58].app,timeToResponse,unit,s,
General-317-20260718-15:48:02-5193,param,Florasat_Individual_Sats.terminal[58].app,timeToRetry,,,10s
General-317-20260718-15:48:02-5193,attr,Florasat_Individual_Sats.terminal[58].app,timeToRetry,unit,s,
General-317-20260718-15:48:02-5193,param,Florasat_Individual_Sats.terminal[58].app,ackTimeout,,,7s
General-317-20260718-15:48:02-5193,attr,Florasat_Individual_Sats.terminal[58].app,ackTimeout,unit,s,
General-317-20260718-15:48:02-5193,param,Florasat_Individual_Sats.terminal[58].app,timer,,,1s
General-317-20260718-15:48:02-5193,attr,Florasat_Individual_Sats.terminal[58].app,timer,unit,s,
General-317-20260718-15:48:02-5193,param,Florasat_Individual_Sats.terminal[58].app,initialLoRaTP,,,14dBm
General-317-20260718-15:48:02-5193,attr,Florasat_Individual_Sats.terminal[58].app,initialLoRaTP,unit,dBm,
General-317-20260718-15:48:02-5193,param,Florasat_Individual_Sats.terminal[58].app,initialLoRaCF,,,8.68e+08Hz
General-317-20260718-15:48:02-5193,attr,Florasat_Individual_Sats.terminal[58].app,initialLoRaCF,unit,Hz,
General-317-20260718-15:48:02-5193,param,Florasat_Individual_Sats.terminal[58].app,initialLoRaSF,,,12
General-317-20260718-15:48:02-5193,param,Florasat_Individual_Sats.terminal[58].app,initialLoRaBW,,,125000Hz
General-317-20260718-15:48:02-5193,attr,Florasat_Individual_Sats.terminal[58].app,initialLoRaBW,unit,Hz,
General-317-20260718-15:48:02-5193,param,Florasat_Individual_Sats.terminal[58].app,initialLoRaCR,,,4
General-317-20260718-15:48:02-5193,param,Florasat_Individual_Sats.terminal[58].app,initialUseHeader,,,true
General-317-20260718-15:48:02-5193,param,Florasat_Individual_Sats.terminal[58].app,initialPingSlot,,,1
General-317-20260718-15:48:02-5193,param,Florasat_Individual_Sats.terminal[58].app,InitClassA,,,true
General-317-20260718-15:48:02-5193,param,Florasat_Individual_Sats.terminal[58].app,InitClassB,,,false
General-317-20260718-15:48:02-5193,param,Florasat_Individual_Sats.terminal[58].app,evaluateADRinNode,,,false
General-317-20260718-15:48:02-5193,param,Florasat_Individual_Sats.terminal[58].app,payloadSize,,,10B
General-317-20260718-15:48:02-5193,attr,Florasat_Individual_Sats.terminal[58].app,payloadSize,unit,B,
General-317-20260718-15:48:02-5193,param,Florasat_Individual_Sats.terminal[58].app,usingAck,,,true
General-317-20260718-15:48:02-5193,param,Florasat_Individual_Sats.terminal[58].app,numGroundLinks,,,40
General-317-20260718-15:48:02-5193,param,Florasat_Individual_Sats.terminal[58].app,maxHops,,,50
General-317-20260718-15:48:02-5193,param,Florasat_Individual_Sats.terminal[58].app,nroMaxAttempts,,,0
General-317-20260718-15:48:02-5193,param,Florasat_Individual_Sats.terminal[58].eng,typename,,,"""Nodes._10_Terminal._50_Energy.Ter_Ene"""
General-317-20260718-15:48:02-5193,param,Florasat_Individual_Sats.terminal[58].mob,typename,,,"""Nodes._10_Terminal._60_Mobility.Ter_Mob"""
General-317-20260718-15:48:02-5193,param,Florasat_Individual_Sats.terminal[58].mob,subjectModule,,,"""^"""
General-317-20260718-15:48:02-5193,param,Florasat_Individual_Sats.terminal[58].mob,coordinateSystemModule,,,""""""
General-317-20260718-15:48:02-5193,param,Florasat_Individual_Sats.terminal[58].mob,displayStringTextFormat,,,"""p: %p\nv: %v"""
General-317-20260718-15:48:02-5193,attr,Florasat_Individual_Sats.terminal[58].mob,displayStringTextFormat,mutable,,
General-317-20260718-15:48:02-5193,param,Florasat_Individual_Sats.terminal[58].mob,updateDisplayString,,,true
General-317-20260718-15:48:02-5193,param,Florasat_Individual_Sats.terminal[58].mob,constraintAreaMinX,,,-inf m
General-317-20260718-15:48:02-5193,attr,Florasat_Individual_Sats.terminal[58].mob,constraintAreaMinX,unit,m,
General-317-20260718-15:48:02-5193,param,Florasat_Individual_Sats.terminal[58].mob,constraintAreaMinY,,,-inf m
General-317-20260718-15:48:02-5193,attr,Florasat_Individual_Sats.terminal[58].mob,constraintAreaMinY,unit,m,
General-317-20260718-15:48:02-5193,param,Florasat_Individual_Sats.terminal[58].mob,constraintAreaMinZ,,,-inf m
General-317-20260718-15:48:02-5193,attr,Florasat_Individual_Sats.terminal[58].mob,constraintAreaMinZ,unit,m,
General-317-20260718-15:48:02-5193,param,Florasat_Individual_Sats.terminal[58].mob,constraintAreaMaxX,,,inf m
General-317-20260718-15:48:02-5193,attr,Florasat_Individual_Sats.terminal[58].mob,constraintAreaMaxX,unit,m,
General-317-20260718-15:48:02-5193,param,Florasat_Individual_Sats.terminal[58].mob,constraintAreaMaxY,,,inf m
General-317-20260718-15:48:02-5193,attr,Florasat_Individual_Sats.terminal[58].mob,constraintAreaMaxY,unit,m,
General-317-20260718-15:48:02-5193,param,Florasat_Individual_Sats.terminal[58].mob,constraintAreaMaxZ,,,inf m
General-317-20260718-15:48:02-5193,attr,Florasat_Individual_Sats.terminal[58].mob,constraintAreaMaxZ,unit,m,
General-317-20260718-15:48:02-5193,param,Florasat_Individual_Sats.terminal[58].mob,initialX,,,nan m
General-317-20260718-15:48:02-5193,attr,Florasat_Individual_Sats.terminal[58].mob,initialX,unit,m,
General-317-20260718-15:48:02-5193,param,Florasat_Individual_Sats.terminal[58].mob,initialY,,,nan m
General-317-20260718-15:48:02-5193,attr,Florasat_Individual_Sats.terminal[58].mob,initialY,unit,m,
General-317-20260718-15:48:02-5193,param,Florasat_Individual_Sats.terminal[58].mob,initialZ,,,0m
General-317-20260718-15:48:02-5193,attr,Florasat_Individual_Sats.terminal[58].mob,initialZ,unit,m,
General-317-20260718-15:48:02-5193,param,Florasat_Individual_Sats.terminal[58].mob,initialLatitude,,,nan deg
General-317-20260718-15:48:02-5193,attr,Florasat_Individual_Sats.terminal[58].mob,initialLatitude,unit,deg,
General-317-20260718-15:48:02-5193,param,Florasat_Individual_Sats.terminal[58].mob,initialLongitude,,,nan deg
General-317-20260718-15:48:02-5193,attr,Florasat_Individual_Sats.terminal[58].mob,initialLongitude,unit,deg,
General-317-20260718-15:48:02-5193,param,Florasat_Individual_Sats.terminal[58].mob,initialAltitude,,,0m
General-317-20260718-15:48:02-5193,attr,Florasat_Individual_Sats.terminal[58].mob,initialAltitude,unit,m,
General-317-20260718-15:48:02-5193,param,Florasat_Individual_Sats.terminal[58].mob,initialHeading,,,0deg
General-317-20260718-15:48:02-5193,attr,Florasat_Individual_Sats.terminal[58].mob,initialHeading,unit,deg,
General-317-20260718-15:48:02-5193,param,Florasat_Individual_Sats.terminal[58].mob,initialElevation,,,0deg
General-317-20260718-15:48:02-5193,attr,Florasat_Individual_Sats.terminal[58].mob,initialElevation,unit,deg,
General-317-20260718-15:48:02-5193,param,Florasat_Individual_Sats.terminal[58].mob,initialBank,,,0deg
General-317-20260718-15:48:02-5193,attr,Florasat_Individual_Sats.terminal[58].mob,initialBank,unit,deg,
General-317-20260718-15:48:02-5193,param,Florasat_Individual_Sats.terminal[58].mob,initFromDisplayString,,,false
General-317-20260718-15:48:02-5193,param,Florasat_Individual_Sats.terminal[58].mob,updateFromDisplayString,,,false
General-317-20260718-15:48:02-5193,param,Florasat_Individual_Sats.terminal[58].mob,centerLatitude,,,28.463
General-317-20260718-15:48:02-5193,param,Florasat_Individual_Sats.terminal[58].mob,centerLongitude,,,-16.251
General-317-20260718-15:48:02-5193,param,Florasat_Individual_Sats.terminal[58].mob,deploymentRadius,,,200
General-317-20260718-15:48:02-5193,param,Florasat_Individual_Sats.terminal[58],typename,,,"""Nodes._10_Terminal.Terminal"""
General-317-20260718-15:48:02-5193,param,Florasat_Individual_Sats.terminal[58],layerName,,,"""Terminal"""
General-317-20260718-15:48:02-5193,attr,Florasat_Individual_Sats.terminal[58],layerName,optional,,
General-317-20260718-15:48:02-5193,param,Florasat_Individual_Sats.terminal[58],sendData,,,true
General-317-20260718-15:48:02-5193,attr,Florasat_Individual_Sats.terminal[58],sendData,mutable,,
General-317-20260718-15:48:02-5193,param,Florasat_Individual_Sats.terminal[58],dstGsOrDev,,,0
General-317-20260718-15:48:02-5193,param,Florasat_Individual_Sats.terminal[59].phy.radio.antenna,typename,,,"""inet.physicallayer.wireless.common.antenna.IsotropicAntenna"""
General-317-20260718-15:48:02-5193,param,Florasat_Individual_Sats.terminal[59].phy.radio.antenna,mobilityModule,,,"""^.^.^.mob"""
General-317-20260718-15:48:02-5193,param,Florasat_Individual_Sats.terminal[59].phy.radio.antenna,numAntennas,,,1
General-317-20260718-15:48:02-5193,param,Florasat_Individual_Sats.terminal[59].phy.radio.transmitter,typename,,,"""Global.Transceiver.LoRaTransmitter"""
General-317-20260718-15:48:02-5193,param,Florasat_Individual_Sats.terminal[59].phy.radio.transmitter,preambleDuration,,,0.001s
General-317-20260718-15:48:02-5193,attr,Florasat_Individual_Sats.terminal[59].phy.radio.transmitter,preambleDuration,unit,s,
General-317-20260718-15:48:02-5193,param,Florasat_Individual_Sats.terminal[59].phy.radio.transmitter,headerLength,,,40b
General-317-20260718-15:48:02-5193,attr,Florasat_Individual_Sats.terminal[59].phy.radio.transmitter,headerLength,unit,b,
General-317-20260718-15:48:02-5193,param,Florasat_Individual_Sats.terminal[59].phy.radio.transmitter,bitrate,,,250000bps
General-317-20260718-15:48:02-5193,attr,Florasat_Individual_Sats.terminal[59].phy.radio.transmitter,bitrate,unit,bps,
General-317-20260718-15:48:02-5193,param,Florasat_Individual_Sats.terminal[59].phy.radio.transmitter,power,,,0.025118W
General-317-20260718-15:48:02-5193,attr,Florasat_Individual_Sats.terminal[59].phy.radio.transmitter,power,unit,W,
General-317-20260718-15:48:02-5193,param,Florasat_Individual_Sats.terminal[59].phy.radio.transmitter,centerFrequency,,,8.68e+08Hz
General-317-20260718-15:48:02-5193,attr,Florasat_Individual_Sats.terminal[59].phy.radio.transmitter,centerFrequency,unit,Hz,
General-317-20260718-15:48:02-5193,param,Florasat_Individual_Sats.terminal[59].phy.radio.transmitter,bandwidth,,,250000Hz
General-317-20260718-15:48:02-5193,attr,Florasat_Individual_Sats.terminal[59].phy.radio.transmitter,bandwidth,unit,Hz,
General-317-20260718-15:48:02-5193,param,Florasat_Individual_Sats.terminal[59].phy.radio.transmitter,codeRate,,,1
General-317-20260718-15:48:02-5193,param,Florasat_Individual_Sats.terminal[59].phy.radio.transmitter,modulation,,,"""LoRaModulation"""
General-317-20260718-15:48:02-5193,param,Florasat_Individual_Sats.terminal[59].phy.radio.receiver,typename,,,"""Global.Transceiver.LoRaReceiver"""
General-317-20260718-15:48:02-5193,param,Florasat_Individual_Sats.terminal[59].phy.radio.receiver,energyDetection,,,-90dBm
General-317-20260718-15:48:02-5193,attr,Florasat_Individual_Sats.terminal[59].phy.radio.receiver,energyDetection,unit,dBm,
General-317-20260718-15:48:02-5193,param,Florasat_Individual_Sats.terminal[59].phy.radio.receiver,sensitivity,,,-137dBm
General-317-20260718-15:48:02-5193,attr,Florasat_Individual_Sats.terminal[59].phy.radio.receiver,sensitivity,unit,dBm,
General-317-20260718-15:48:02-5193,param,Florasat_Individual_Sats.terminal[59].phy.radio.receiver,snirThreshold,,,-8dB
General-317-20260718-15:48:02-5193,attr,Florasat_Individual_Sats.terminal[59].phy.radio.receiver,snirThreshold,unit,dB,
General-317-20260718-15:48:02-5193,param,Florasat_Individual_Sats.terminal[59].phy.radio.receiver,centerFrequency,,,8.68e+08Hz
General-317-20260718-15:48:02-5193,attr,Florasat_Individual_Sats.terminal[59].phy.radio.receiver,centerFrequency,unit,Hz,
General-317-20260718-15:48:02-5193,param,Florasat_Individual_Sats.terminal[59].phy.radio.receiver,bandwidth,,,250000Hz
General-317-20260718-15:48:02-5193,attr,Florasat_Individual_Sats.terminal[59].phy.radio.receiver,bandwidth,unit,Hz,
General-317-20260718-15:48:02-5193,param,Florasat_Individual_Sats.terminal[59].phy.radio.receiver,alohaChannelModel,,,false
General-317-20260718-15:48:02-5193,param,Florasat_Individual_Sats.terminal[59].phy.radio.receiver,errorModelType,,,""""""
General-317-20260718-15:48:02-5193,param,Florasat_Individual_Sats.terminal[59].phy.radio.receiver,ignoreInterference,,,false
General-317-20260718-15:48:02-5193,param,Florasat_Individual_Sats.terminal[59].phy.radio.receiver,enableCollisionOverlap,,,false
General-317-20260718-15:48:02-5193,param,Florasat_Individual_Sats.terminal[59].phy.radio.receiver,minCollisionOverlap,,,0s
General-317-20260718-15:48:02-5193,attr,Florasat_Individual_Sats.terminal[59].phy.radio.receiver,minCollisionOverlap,unit,s,
General-317-20260718-15:48:02-5193,param,Florasat_Individual_Sats.terminal[59].phy.radio.IdealEpEnergyStorage,typename,,,"""inet.power.storage.IdealEpEnergyStorage"""
General-317-20260718-15:48:02-5193,param,Florasat_Individual_Sats.terminal[59].phy.radio,typename,,,"""Nodes._10_Terminal._10_Physical.Ter_Phy_LoRaRadio"""
General-317-20260718-15:48:02-5193,param,Florasat_Individual_Sats.terminal[59].phy.radio,radioMediumModule,,,"""radioMedium"""
General-317-20260718-15:48:02-5193,param,Florasat_Individual_Sats.terminal[59].phy.radio,energySourceModule,,,""""""
General-317-20260718-15:48:02-5193,param,Florasat_Individual_Sats.terminal[59].phy.radio,initialRadioMode,,,"""off"""
General-317-20260718-15:48:02-5193,attr,Florasat_Individual_Sats.terminal[59].phy.radio,initialRadioMode,enum,"off,sleep,receiver,transmitter,transceiver",
General-317-20260718-15:48:02-5193,param,Florasat_Individual_Sats.terminal[59].phy.radio,switchingTimes,,,"""ms 0 0 0 0 0 0 0 0 0 0 0 0 0 0 0 0 0 0 0 0 0 0 0 0 0"""
General-317-20260718-15:48:02-5193,param,Florasat_Individual_Sats.terminal[59].phy.radio,sendRawBytes,,,false
General-317-20260718-15:48:02-5193,param,Florasat_Individual_Sats.terminal[59].phy.radio,separateTransmissionParts,,,false
General-317-20260718-15:48:02-5193,param,Florasat_Individual_Sats.terminal[59].phy.radio,separateReceptionParts,,,false
General-317-20260718-15:48:02-5193,param,Florasat_Individual_Sats.terminal[59].phy.radio,displayCommunicationRange,,,false
General-317-20260718-15:48:02-5193,param,Florasat_Individual_Sats.terminal[59].phy.radio,displayInterferenceRange,,,false
General-317-20260718-15:48:02-5193,param,Florasat_Individual_Sats.terminal[59].phy.radio,centerFrequency,,,8.68e+08Hz
General-317-20260718-15:48:02-5193,attr,Florasat_Individual_Sats.terminal[59].phy.radio,centerFrequency,unit,Hz,
General-317-20260718-15:48:02-5193,param,Florasat_Individual_Sats.terminal[59].phy.radio,bandwidth,,,250000Hz
General-317-20260718-15:48:02-5193,attr,Florasat_Individual_Sats.terminal[59].phy.radio,bandwidth,unit,Hz,
General-317-20260718-15:48:02-5193,param,Florasat_Individual_Sats.terminal[59].phy.radio,iAmGateway,,,false
General-317-20260718-15:48:02-5193,param,Florasat_Individual_Sats.terminal[59].phy,typename,,,"""Nodes._10_Terminal._10_Physical.Ter_Phy"""
General-317-20260718-15:48:02-5193,param,Florasat_Individual_Sats.terminal[59].phy,layerName,,,"""Ter_Phy"""
General-317-20260718-15:48:02-5193,attr,Florasat_Individual_Sats.terminal[59].phy,layerName,optional,,
General-317-20260718-15:48:02-5193,param,Florasat_Individual_Sats.terminal[59].dlk.mac.queue,typename,,,"""inet.queueing.queue.DropTailQueue"""
General-317-20260718-15:48:02-5193,param,Florasat_Individual_Sats.terminal[59].dlk.mac.queue,displayStringTextFormat,,,"""contains %p pk (%l) pushed %u\npulled %o removed %r dropped %d"""
General-317-20260718-15:48:02-5193,param,Florasat_Individual_Sats.terminal[59].dlk.mac.queue,packetCapacity,,,-1
General-317-20260718-15:48:02-5193,param,Florasat_Individual_Sats.terminal[59].dlk.mac.queue,dataCapacity,,,-1b
General-317-20260718-15:48:02-5193,attr,Florasat_Individual_Sats.terminal[59].dlk.mac.queue,dataCapacity,unit,b,
General-317-20260718-15:48:02-5193,param,Florasat_Individual_Sats.terminal[59].dlk.mac.queue,dropperClass,,,"""inet::queueing::PacketAtCollectionEndDropper"""
General-317-20260718-15:48:02-5193,param,Florasat_Individual_Sats.terminal[59].dlk.mac.queue,comparatorClass,,,""""""
General-317-20260718-15:48:02-5193,param,Florasat_Individual_Sats.terminal[59].dlk.mac.queue,bufferModule,,,""""""
General-317-20260718-15:48:02-5193,param,Florasat_Individual_Sats.terminal[59].dlk.mac.mlBox,typename,,,"""Nodes._10_Terminal._20_Data_Link.Transmission_Predictor.Transmission_Predictor"""
General-317-20260718-15:48:02-5193,param,Florasat_Individual_Sats.terminal[59].dlk.mac.mlBox,modelPath,,,"""/home/ylnner/Documents/omnet++/omnetpp-6.3.0/projects/florasat_v4_ult_routing/simulations/Test_Individual/mlmodels/transformer_scripted.pt"""
General-317-20260718-15:48:02-5193,param,Florasat_Individual_Sats.terminal[59].dlk.mac.mlBox,threshold,,,0.2
General-317-20260718-15:48:02-5193,param,Florasat_Individual_Sats.terminal[59].dlk.mac.mlBox,scalerPath,,,""""""
General-317-20260718-15:48:02-5193,param,Florasat_Individual_Sats.terminal[59].dlk.mac,typename,,,"""Nodes._10_Terminal._20_Data_Link.Ter_Dlk_KiWan"""
General-317-20260718-15:48:02-5193,param,Florasat_Individual_Sats.terminal[59].dlk.mac,interfaceTableModule,,,""""""
General-317-20260718-15:48:02-5193,param,Florasat_Individual_Sats.terminal[59].dlk.mac,radioModule,,,"""^.^.phy.radio"""
General-317-20260718-15:48:02-5193,param,Florasat_Individual_Sats.terminal[59].dlk.mac,address,,,"""0A-AA-00-00-00-3C"""
General-317-20260718-15:48:02-5193,attr,Florasat_Individual_Sats.terminal[59].dlk.mac,address,mutable,,
General-317-20260718-15:48:02-5193,param,Florasat_Individual_Sats.terminal[59].dlk.mac,mtu,,,1500
General-317-20260718-15:48:02-5193,param,Florasat_Individual_Sats.terminal[59].dlk.mac,ttwDuration,,,100s
General-317-20260718-15:48:02-5193,attr,Florasat_Individual_Sats.terminal[59].dlk.mac,ttwDuration,unit,s,
General-317-20260718-15:48:02-5193,param,Florasat_Individual_Sats.terminal[59].dlk.mac,ttwIdle,,,0s
General-317-20260718-15:48:02-5193,attr,Florasat_Individual_Sats.terminal[59].dlk.mac,ttwIdle,unit,s,
General-317-20260718-15:48:02-5193,param,Florasat_Individual_Sats.terminal[59].dlk.mac,ttxStart_min,,,0s
General-317-20260718-15:48:02-5193,attr,Florasat_Individual_Sats.terminal[59].dlk.mac,ttxStart_min,unit,s,
General-317-20260718-15:48:02-5193,param,Florasat_Individual_Sats.terminal[59].dlk.mac,ttxStart_max,,,1s
General-317-20260718-15:48:02-5193,attr,Florasat_Individual_Sats.terminal[59].dlk.mac,ttxStart_max,unit,s,
General-317-20260718-15:48:02-5193,param,Florasat_Individual_Sats.terminal[59].dlk.mac,ttxIdle_min,,,10s
General-317-20260718-15:48:02-5193,attr,Florasat_Individual_Sats.terminal[59].dlk.mac,ttxIdle_min,unit,s,
General-317-20260718-15:48:02-5193,param,Florasat_Individual_Sats.terminal[59].dlk.mac,ttxIdle_max,,,15s
General-317-20260718-15:48:02-5193,attr,Florasat_Individual_Sats.terminal[59].dlk.mac,ttxIdle_max,unit,s,
General-317-20260718-15:48:02-5193,param,Florasat_Individual_Sats.terminal[59].dlk.mac,Ntw,,,1
General-317-20260718-15:48:02-5193,param,Florasat_Individual_Sats.terminal[59].dlk.mac,Ntx,,,5
General-317-20260718-15:48:02-5193,param,Florasat_Individual_Sats.terminal[59].dlk.mac,enableSatDetect,,,false
General-317-20260718-15:48:02-5193,param,Florasat_Individual_Sats.terminal[59].dlk.mac,tsdStart_min,,,0s
General-317-20260718-15:48:02-5193,attr,Florasat_Individual_Sats.terminal[59].dlk.mac,tsdStart_min,unit,s,
General-317-20260718-15:48:02-5193,param,Florasat_Individual_Sats.terminal[59].dlk.mac,tsdStart_max,,,60s
General-317-20260718-15:48:02-5193,attr,Florasat_Individual_Sats.terminal[59].dlk.mac,tsdStart_max,unit,s,
General-317-20260718-15:48:02-5193,param,Florasat_Individual_Sats.terminal[59].dlk.mac,Ndetect,,,4
General-317-20260718-15:48:02-5193,param,Florasat_Individual_Sats.terminal[59].dlk.mac,NsdSync,,,2
General-317-20260718-15:48:02-5193,param,Florasat_Individual_Sats.terminal[59].dlk.mac,tsyncIdle,,,60s
General-317-20260718-15:48:02-5193,attr,Florasat_Individual_Sats.terminal[59].dlk.mac,tsyncIdle,unit,s,
General-317-20260718-15:48:02-5193,param,Florasat_Individual_Sats.terminal[59].dlk.mac,tsdIdle,,,240s
General-317-20260718-15:48:02-5193,attr,Florasat_Individual_Sats.terminal[59].dlk.mac,tsdIdle,unit,s,
General-317-20260718-15:48:02-5193,param,Florasat_Individual_Sats.terminal[59].dlk.mac,satelliteDetectionProbability,,,0.9
General-317-20260718-15:48:02-5193,param,Florasat_Individual_Sats.terminal[59].dlk.mac,minimumElevation,,,5
General-317-20260718-15:48:02-5193,param,Florasat_Individual_Sats.terminal[59].dlk.mac,detectInitialListen,,,0.33s
General-317-20260718-15:48:02-5193,attr,Florasat_Individual_Sats.terminal[59].dlk.mac,detectInitialListen,unit,s,
General-317-20260718-15:48:02-5193,param,Florasat_Individual_Sats.terminal[59].dlk.mac,detectSuccessExtraMin,,,0.075s
General-317-20260718-15:48:02-5193,attr,Florasat_Individual_Sats.terminal[59].dlk.mac,detectSuccessExtraMin,unit,s,
General-317-20260718-15:48:02-5193,param,Florasat_Individual_Sats.terminal[59].dlk.mac,detectSuccessExtraMax,,,1.67s
General-317-20260718-15:48:02-5193,attr,Florasat_Individual_Sats.terminal[59].dlk.mac,detectSuccessExtraMax,unit,s,
General-317-20260718-15:48:02-5193,param,Florasat_Individual_Sats.terminal[59].dlk.mac,detectMissExtra,,,1.67s
General-317-20260718-15:48:02-5193,attr,Florasat_Individual_Sats.terminal[59].dlk.mac,detectMissExtra,unit,s,
General-317-20260718-15:48:02-5193,param,Florasat_Individual_Sats.terminal[59].dlk.mac,LoRaSF,,,10
General-317-20260718-15:48:02-5193,param,Florasat_Individual_Sats.terminal[59].dlk.mac,LoRaTP,,,14
General-317-20260718-15:48:02-5193,param,Florasat_Individual_Sats.terminal[59].dlk.mac,LoRaCF,,,8.68e+08
General-317-20260718-15:48:02-5193,param,Florasat_Individual_Sats.terminal[59].dlk.mac,LoRaBW,,,125000
General-317-20260718-15:48:02-5193,param,Florasat_Individual_Sats.terminal[59].dlk.mac,LoRaCR,,,1
General-317-20260718-15:48:02-5193,param,Florasat_Individual_Sats.terminal[59].dlk.mac,useMLBox,,,true
General-317-20260718-15:48:02-5193,param,Florasat_Individual_Sats.terminal[59].dlk.mac,useMLBoxBiLSTM,,,false
General-317-20260718-15:48:02-5193,param,Florasat_Individual_Sats.terminal[59].dlk.mac,useAnalytical,,,false
General-317-20260718-15:48:02-5193,param,Florasat_Individual_Sats.terminal[59].dlk,typename,,,"""Nodes._10_Terminal._20_Data_Link.Ter_Dlk"""
General-317-20260718-15:48:02-5193,param,Florasat_Individual_Sats.terminal[59].net.routing,typename,,,"""Global.Base._30_Network.Ter_Null_Routing"""
General-317-20260718-15:48:02-5193,param,Florasat_Individual_Sats.terminal[59].net,typename,,,"""Nodes._10_Terminal._30_Network.Ter_Net"""
General-317-20260718-15:48:02-5193,param,Florasat_Individual_Sats.terminal[59].net,layerName,,,"""Ter_Net"""
General-317-20260718-15:48:02-5193,attr,Florasat_Individual_Sats.terminal[59].net,layerName,optional,,
General-317-20260718-15:48:02-5193,param,Florasat_Individual_Sats.terminal[59].net,routingType,,,"""Ter_Null_Routing"""
General-317-20260718-15:48:02-5193,param,Florasat_Individual_Sats.terminal[59].app,typename,,,"""Nodes._10_Terminal._40_Application.Ter_App"""
General-317-20260718-15:48:02-5193,param,Florasat_Individual_Sats.terminal[59].app,layerName,,,"""TerminalApplicationLayer"""
General-317-20260718-15:48:02-5193,attr,Florasat_Individual_Sats.terminal[59].app,layerName,optional,,
General-317-20260718-15:48:02-5193,param,Florasat_Individual_Sats.terminal[59].app,numberOfPacketsToSend,,,0
General-317-20260718-15:48:02-5193,param,Florasat_Individual_Sats.terminal[59].app,timeToFirstPacket,,,1s
General-317-20260718-15:48:02-5193,attr,Florasat_Individual_Sats.terminal[59].app,timeToFirstPacket,unit,s,
General-317-20260718-15:48:02-5193,param,Florasat_Individual_Sats.terminal[59].app,timeToNextPacket,,,115s
General-317-20260718-15:48:02-5193,attr,Florasat_Individual_Sats.terminal[59].app,timeToNextPacket,unit,s,
General-317-20260718-15:48:02-5193,param,Florasat_Individual_Sats.terminal[59].app,timeToResponse,,,30s
General-317-20260718-15:48:02-5193,attr,Florasat_Individual_Sats.terminal[59].app,timeToResponse,unit,s,
General-317-20260718-15:48:02-5193,param,Florasat_Individual_Sats.terminal[59].app,timeToRetry,,,10s
General-317-20260718-15:48:02-5193,attr,Florasat_Individual_Sats.terminal[59].app,timeToRetry,unit,s,
General-317-20260718-15:48:02-5193,param,Florasat_Individual_Sats.terminal[59].app,ackTimeout,,,7s
General-317-20260718-15:48:02-5193,attr,Florasat_Individual_Sats.terminal[59].app,ackTimeout,unit,s,
General-317-20260718-15:48:02-5193,param,Florasat_Individual_Sats.terminal[59].app,timer,,,1s
General-317-20260718-15:48:02-5193,attr,Florasat_Individual_Sats.terminal[59].app,timer,unit,s,
General-317-20260718-15:48:02-5193,param,Florasat_Individual_Sats.terminal[59].app,initialLoRaTP,,,14dBm
General-317-20260718-15:48:02-5193,attr,Florasat_Individual_Sats.terminal[59].app,initialLoRaTP,unit,dBm,
General-317-20260718-15:48:02-5193,param,Florasat_Individual_Sats.terminal[59].app,initialLoRaCF,,,8.68e+08Hz
General-317-20260718-15:48:02-5193,attr,Florasat_Individual_Sats.terminal[59].app,initialLoRaCF,unit,Hz,
General-317-20260718-15:48:02-5193,param,Florasat_Individual_Sats.terminal[59].app,initialLoRaSF,,,12
General-317-20260718-15:48:02-5193,param,Florasat_Individual_Sats.terminal[59].app,initialLoRaBW,,,125000Hz
General-317-20260718-15:48:02-5193,attr,Florasat_Individual_Sats.terminal[59].app,initialLoRaBW,unit,Hz,
General-317-20260718-15:48:02-5193,param,Florasat_Individual_Sats.terminal[59].app,initialLoRaCR,,,4
General-317-20260718-15:48:02-5193,param,Florasat_Individual_Sats.terminal[59].app,initialUseHeader,,,true
General-317-20260718-15:48:02-5193,param,Florasat_Individual_Sats.terminal[59].app,initialPingSlot,,,1
General-317-20260718-15:48:02-5193,param,Florasat_Individual_Sats.terminal[59].app,InitClassA,,,true
General-317-20260718-15:48:02-5193,param,Florasat_Individual_Sats.terminal[59].app,InitClassB,,,false
General-317-20260718-15:48:02-5193,param,Florasat_Individual_Sats.terminal[59].app,evaluateADRinNode,,,false
General-317-20260718-15:48:02-5193,param,Florasat_Individual_Sats.terminal[59].app,payloadSize,,,10B
General-317-20260718-15:48:02-5193,attr,Florasat_Individual_Sats.terminal[59].app,payloadSize,unit,B,
General-317-20260718-15:48:02-5193,param,Florasat_Individual_Sats.terminal[59].app,usingAck,,,true
General-317-20260718-15:48:02-5193,param,Florasat_Individual_Sats.terminal[59].app,numGroundLinks,,,40
General-317-20260718-15:48:02-5193,param,Florasat_Individual_Sats.terminal[59].app,maxHops,,,50
General-317-20260718-15:48:02-5193,param,Florasat_Individual_Sats.terminal[59].app,nroMaxAttempts,,,0
General-317-20260718-15:48:02-5193,param,Florasat_Individual_Sats.terminal[59].eng,typename,,,"""Nodes._10_Terminal._50_Energy.Ter_Ene"""
General-317-20260718-15:48:02-5193,param,Florasat_Individual_Sats.terminal[59].mob,typename,,,"""Nodes._10_Terminal._60_Mobility.Ter_Mob"""
General-317-20260718-15:48:02-5193,param,Florasat_Individual_Sats.terminal[59].mob,subjectModule,,,"""^"""
General-317-20260718-15:48:02-5193,param,Florasat_Individual_Sats.terminal[59].mob,coordinateSystemModule,,,""""""
General-317-20260718-15:48:02-5193,param,Florasat_Individual_Sats.terminal[59].mob,displayStringTextFormat,,,"""p: %p\nv: %v"""
General-317-20260718-15:48:02-5193,attr,Florasat_Individual_Sats.terminal[59].mob,displayStringTextFormat,mutable,,
General-317-20260718-15:48:02-5193,param,Florasat_Individual_Sats.terminal[59].mob,updateDisplayString,,,true
General-317-20260718-15:48:02-5193,param,Florasat_Individual_Sats.terminal[59].mob,constraintAreaMinX,,,-inf m
General-317-20260718-15:48:02-5193,attr,Florasat_Individual_Sats.terminal[59].mob,constraintAreaMinX,unit,m,
General-317-20260718-15:48:02-5193,param,Florasat_Individual_Sats.terminal[59].mob,constraintAreaMinY,,,-inf m
General-317-20260718-15:48:02-5193,attr,Florasat_Individual_Sats.terminal[59].mob,constraintAreaMinY,unit,m,
General-317-20260718-15:48:02-5193,param,Florasat_Individual_Sats.terminal[59].mob,constraintAreaMinZ,,,-inf m
General-317-20260718-15:48:02-5193,attr,Florasat_Individual_Sats.terminal[59].mob,constraintAreaMinZ,unit,m,
General-317-20260718-15:48:02-5193,param,Florasat_Individual_Sats.terminal[59].mob,constraintAreaMaxX,,,inf m
General-317-20260718-15:48:02-5193,attr,Florasat_Individual_Sats.terminal[59].mob,constraintAreaMaxX,unit,m,
General-317-20260718-15:48:02-5193,param,Florasat_Individual_Sats.terminal[59].mob,constraintAreaMaxY,,,inf m
General-317-20260718-15:48:02-5193,attr,Florasat_Individual_Sats.terminal[59].mob,constraintAreaMaxY,unit,m,
General-317-20260718-15:48:02-5193,param,Florasat_Individual_Sats.terminal[59].mob,constraintAreaMaxZ,,,inf m
General-317-20260718-15:48:02-5193,attr,Florasat_Individual_Sats.terminal[59].mob,constraintAreaMaxZ,unit,m,
General-317-20260718-15:48:02-5193,param,Florasat_Individual_Sats.terminal[59].mob,initialX,,,nan m
General-317-20260718-15:48:02-5193,attr,Florasat_Individual_Sats.terminal[59].mob,initialX,unit,m,
General-317-20260718-15:48:02-5193,param,Florasat_Individual_Sats.terminal[59].mob,initialY,,,nan m
General-317-20260718-15:48:02-5193,attr,Florasat_Individual_Sats.terminal[59].mob,initialY,unit,m,
General-317-20260718-15:48:02-5193,param,Florasat_Individual_Sats.terminal[59].mob,initialZ,,,0m
General-317-20260718-15:48:02-5193,attr,Florasat_Individual_Sats.terminal[59].mob,initialZ,unit,m,
General-317-20260718-15:48:02-5193,param,Florasat_Individual_Sats.terminal[59].mob,initialLatitude,,,nan deg
General-317-20260718-15:48:02-5193,attr,Florasat_Individual_Sats.terminal[59].mob,initialLatitude,unit,deg,
General-317-20260718-15:48:02-5193,param,Florasat_Individual_Sats.terminal[59].mob,initialLongitude,,,nan deg
General-317-20260718-15:48:02-5193,attr,Florasat_Individual_Sats.terminal[59].mob,initialLongitude,unit,deg,
General-317-20260718-15:48:02-5193,param,Florasat_Individual_Sats.terminal[59].mob,initialAltitude,,,0m
General-317-20260718-15:48:02-5193,attr,Florasat_Individual_Sats.terminal[59].mob,initialAltitude,unit,m,
General-317-20260718-15:48:02-5193,param,Florasat_Individual_Sats.terminal[59].mob,initialHeading,,,0deg
General-317-20260718-15:48:02-5193,attr,Florasat_Individual_Sats.terminal[59].mob,initialHeading,unit,deg,
General-317-20260718-15:48:02-5193,param,Florasat_Individual_Sats.terminal[59].mob,initialElevation,,,0deg
General-317-20260718-15:48:02-5193,attr,Florasat_Individual_Sats.terminal[59].mob,initialElevation,unit,deg,
General-317-20260718-15:48:02-5193,param,Florasat_Individual_Sats.terminal[59].mob,initialBank,,,0deg
General-317-20260718-15:48:02-5193,attr,Florasat_Individual_Sats.terminal[59].mob,initialBank,unit,deg,
General-317-20260718-15:48:02-5193,param,Florasat_Individual_Sats.terminal[59].mob,initFromDisplayString,,,false
General-317-20260718-15:48:02-5193,param,Florasat_Individual_Sats.terminal[59].mob,updateFromDisplayString,,,false
General-317-20260718-15:48:02-5193,param,Florasat_Individual_Sats.terminal[59].mob,centerLatitude,,,35.185
General-317-20260718-15:48:02-5193,param,Florasat_Individual_Sats.terminal[59].mob,centerLongitude,,,33.382
General-317-20260718-15:48:02-5193,param,Florasat_Individual_Sats.terminal[59].mob,deploymentRadius,,,200
General-317-20260718-15:48:02-5193,param,Florasat_Individual_Sats.terminal[59],typename,,,"""Nodes._10_Terminal.Terminal"""
General-317-20260718-15:48:02-5193,param,Florasat_Individual_Sats.terminal[59],layerName,,,"""Terminal"""
General-317-20260718-15:48:02-5193,attr,Florasat_Individual_Sats.terminal[59],layerName,optional,,
General-317-20260718-15:48:02-5193,param,Florasat_Individual_Sats.terminal[59],sendData,,,true
General-317-20260718-15:48:02-5193,attr,Florasat_Individual_Sats.terminal[59],sendData,mutable,,
General-317-20260718-15:48:02-5193,param,Florasat_Individual_Sats.terminal[59],dstGsOrDev,,,0
General-317-20260718-15:48:02-5193,param,Florasat_Individual_Sats.satellite[0].phyDSL.radio.antenna,typename,,,"""inet.physicallayer.wireless.common.antenna.ConstantGainAntenna"""
General-317-20260718-15:48:02-5193,param,Florasat_Individual_Sats.satellite[0].phyDSL.radio.antenna,mobilityModule,,,"""^.^.^.mobility"""
General-317-20260718-15:48:02-5193,param,Florasat_Individual_Sats.satellite[0].phyDSL.radio.antenna,numAntennas,,,1
General-317-20260718-15:48:02-5193,param,Florasat_Individual_Sats.satellite[0].phyDSL.radio.antenna,gain,,,12dB
General-317-20260718-15:48:02-5193,attr,Florasat_Individual_Sats.satellite[0].phyDSL.radio.antenna,gain,unit,dB,
General-317-20260718-15:48:02-5193,param,Florasat_Individual_Sats.satellite[0].phyDSL.radio.transmitter,typename,,,"""Global.Transceiver.LoRaTransmitter"""
General-317-20260718-15:48:02-5193,param,Florasat_Individual_Sats.satellite[0].phyDSL.radio.transmitter,preambleDuration,,,0.001s
General-317-20260718-15:48:02-5193,attr,Florasat_Individual_Sats.satellite[0].phyDSL.radio.transmitter,preambleDuration,unit,s,
General-317-20260718-15:48:02-5193,param,Florasat_Individual_Sats.satellite[0].phyDSL.radio.transmitter,headerLength,,,40b
General-317-20260718-15:48:02-5193,attr,Florasat_Individual_Sats.satellite[0].phyDSL.radio.transmitter,headerLength,unit,b,
General-317-20260718-15:48:02-5193,param,Florasat_Individual_Sats.satellite[0].phyDSL.radio.transmitter,bitrate,,,250000bps
General-317-20260718-15:48:02-5193,attr,Florasat_Individual_Sats.satellite[0].phyDSL.radio.transmitter,bitrate,unit,bps,
General-317-20260718-15:48:02-5193,param,Florasat_Individual_Sats.satellite[0].phyDSL.radio.transmitter,power,,,0.00224W
General-317-20260718-15:48:02-5193,attr,Florasat_Individual_Sats.satellite[0].phyDSL.radio.transmitter,power,unit,W,
General-317-20260718-15:48:02-5193,param,Florasat_Individual_Sats.satellite[0].phyDSL.radio.transmitter,centerFrequency,,,2.45e+09Hz
General-317-20260718-15:48:02-5193,attr,Florasat_Individual_Sats.satellite[0].phyDSL.radio.transmitter,centerFrequency,unit,Hz,
General-317-20260718-15:48:02-5193,param,Florasat_Individual_Sats.satellite[0].phyDSL.radio.transmitter,bandwidth,,,250000Hz
General-317-20260718-15:48:02-5193,attr,Florasat_Individual_Sats.satellite[0].phyDSL.radio.transmitter,bandwidth,unit,Hz,
General-317-20260718-15:48:02-5193,param,Florasat_Individual_Sats.satellite[0].phyDSL.radio.transmitter,codeRate,,,1
General-317-20260718-15:48:02-5193,param,Florasat_Individual_Sats.satellite[0].phyDSL.radio.transmitter,modulation,,,"""LoRaModulation"""
General-317-20260718-15:48:02-5193,param,Florasat_Individual_Sats.satellite[0].phyDSL.radio.receiver,typename,,,"""Global.Transceiver.LoRaReceiver"""
General-317-20260718-15:48:02-5193,param,Florasat_Individual_Sats.satellite[0].phyDSL.radio.receiver,energyDetection,,,-90dBm
General-317-20260718-15:48:02-5193,attr,Florasat_Individual_Sats.satellite[0].phyDSL.radio.receiver,energyDetection,unit,dBm,
General-317-20260718-15:48:02-5193,param,Florasat_Individual_Sats.satellite[0].phyDSL.radio.receiver,sensitivity,,,-100dBm
General-317-20260718-15:48:02-5193,attr,Florasat_Individual_Sats.satellite[0].phyDSL.radio.receiver,sensitivity,unit,dBm,
General-317-20260718-15:48:02-5193,param,Florasat_Individual_Sats.satellite[0].phyDSL.radio.receiver,snirThreshold,,,-8dB
General-317-20260718-15:48:02-5193,attr,Florasat_Individual_Sats.satellite[0].phyDSL.radio.receiver,snirThreshold,unit,dB,
General-317-20260718-15:48:02-5193,param,Florasat_Individual_Sats.satellite[0].phyDSL.radio.receiver,centerFrequency,,,2.45e+09Hz
General-317-20260718-15:48:02-5193,attr,Florasat_Individual_Sats.satellite[0].phyDSL.radio.receiver,centerFrequency,unit,Hz,
General-317-20260718-15:48:02-5193,param,Florasat_Individual_Sats.satellite[0].phyDSL.radio.receiver,bandwidth,,,250000Hz
General-317-20260718-15:48:02-5193,attr,Florasat_Individual_Sats.satellite[0].phyDSL.radio.receiver,bandwidth,unit,Hz,
General-317-20260718-15:48:02-5193,param,Florasat_Individual_Sats.satellite[0].phyDSL.radio.receiver,alohaChannelModel,,,false
General-317-20260718-15:48:02-5193,param,Florasat_Individual_Sats.satellite[0].phyDSL.radio.receiver,errorModelType,,,""""""
General-317-20260718-15:48:02-5193,param,Florasat_Individual_Sats.satellite[0].phyDSL.radio.receiver,ignoreInterference,,,false
General-317-20260718-15:48:02-5193,param,Florasat_Individual_Sats.satellite[0].phyDSL.radio.receiver,enableCollisionOverlap,,,true
General-317-20260718-15:48:02-5193,param,Florasat_Individual_Sats.satellite[0].phyDSL.radio.receiver,minCollisionOverlap,,,0s
General-317-20260718-15:48:02-5193,attr,Florasat_Individual_Sats.satellite[0].phyDSL.radio.receiver,minCollisionOverlap,unit,s,
General-317-20260718-15:48:02-5193,param,Florasat_Individual_Sats.satellite[0].phyDSL.radio,typename,,,"""Nodes._20_Satellite.DSL._10_Physical.Sat_Dsl_Phy_LoRaRadio"""
General-317-20260718-15:48:02-5193,param,Florasat_Individual_Sats.satellite[0].phyDSL.radio,radioMediumModule,,,"""radioMedium"""
General-317-20260718-15:48:02-5193,param,Florasat_Individual_Sats.satellite[0].phyDSL.radio,energySourceModule,,,""""""
General-317-20260718-15:48:02-5193,param,Florasat_Individual_Sats.satellite[0].phyDSL.radio,initialRadioMode,,,"""off"""
General-317-20260718-15:48:02-5193,attr,Florasat_Individual_Sats.satellite[0].phyDSL.radio,initialRadioMode,enum,"off,sleep,receiver,transmitter,transceiver",
General-317-20260718-15:48:02-5193,param,Florasat_Individual_Sats.satellite[0].phyDSL.radio,switchingTimes,,,"""ms 0 0 0 0 0 0 0 0 0 0 0 0 0 0 0 0 0 0 0 0 0 0 0 0 0"""
General-317-20260718-15:48:02-5193,param,Florasat_Individual_Sats.satellite[0].phyDSL.radio,sendRawBytes,,,false
General-317-20260718-15:48:02-5193,param,Florasat_Individual_Sats.satellite[0].phyDSL.radio,separateTransmissionParts,,,false
General-317-20260718-15:48:02-5193,param,Florasat_Individual_Sats.satellite[0].phyDSL.radio,separateReceptionParts,,,false
General-317-20260718-15:48:02-5193,param,Florasat_Individual_Sats.satellite[0].phyDSL.radio,displayCommunicationRange,,,false
General-317-20260718-15:48:02-5193,param,Florasat_Individual_Sats.satellite[0].phyDSL.radio,displayInterferenceRange,,,false
General-317-20260718-15:48:02-5193,param,Florasat_Individual_Sats.satellite[0].phyDSL.radio,centerFrequency,,,2.45e+09Hz
General-317-20260718-15:48:02-5193,attr,Florasat_Individual_Sats.satellite[0].phyDSL.radio,centerFrequency,unit,Hz,
General-317-20260718-15:48:02-5193,param,Florasat_Individual_Sats.satellite[0].phyDSL.radio,bandwidth,,,250000Hz
General-317-20260718-15:48:02-5193,attr,Florasat_Individual_Sats.satellite[0].phyDSL.radio,bandwidth,unit,Hz,
General-317-20260718-15:48:02-5193,param,Florasat_Individual_Sats.satellite[0].phyDSL.radio,iAmGateway,,,true
General-317-20260718-15:48:02-5193,param,Florasat_Individual_Sats.satellite[0].phyDSL.radio,satIndex,,,0
General-317-20260718-15:48:02-5193,param,Florasat_Individual_Sats.satellite[0].phyDSL,typename,,,"""Nodes._20_Satellite.DSL._10_Physical.Sat_Dsl_Phy"""
General-317-20260718-15:48:02-5193,param,Florasat_Individual_Sats.satellite[0].phyDSL,layerName,,,"""Sat_Dsl_Phy"""
General-317-20260718-15:48:02-5193,attr,Florasat_Individual_Sats.satellite[0].phyDSL,layerName,optional,,
General-317-20260718-15:48:02-5193,param,Florasat_Individual_Sats.satellite[0].dlkDSL.mac,typename,,,"""Nodes._20_Satellite.DSL._20_Data_Link.Sat_Dsl_Dlk_kMac"""
General-317-20260718-15:48:02-5193,param,Florasat_Individual_Sats.satellite[0].dlkDSL.mac,interfaceTableModule,,,""""""
General-317-20260718-15:48:02-5193,param,Florasat_Individual_Sats.satellite[0].dlkDSL.mac,address,,,"""0A-AA-00-00-00-3D"""
General-317-20260718-15:48:02-5193,attr,Florasat_Individual_Sats.satellite[0].dlkDSL.mac,address,mutable,,
General-317-20260718-15:48:02-5193,param,Florasat_Individual_Sats.satellite[0].dlkDSL.mac,headerLength,,,52B
General-317-20260718-15:48:02-5193,attr,Florasat_Individual_Sats.satellite[0].dlkDSL.mac,headerLength,unit,B,
General-317-20260718-15:48:02-5193,param,Florasat_Individual_Sats.satellite[0].dlkDSL.mac,mtu,,,1500
General-317-20260718-15:48:02-5193,param,Florasat_Individual_Sats.satellite[0].dlkDSL.mac,satIndex,,,0
General-317-20260718-15:48:02-5193,param,Florasat_Individual_Sats.satellite[0].dlkDSL.mac,LoRaSF,,,10
General-317-20260718-15:48:02-5193,param,Florasat_Individual_Sats.satellite[0].dlkDSL.mac,LoRaTP,,,25
General-317-20260718-15:48:02-5193,param,Florasat_Individual_Sats.satellite[0].dlkDSL.mac,LoRaCF,,,8.68e+08
General-317-20260718-15:48:02-5193,param,Florasat_Individual_Sats.satellite[0].dlkDSL.mac,LoRaBW,,,125000
General-317-20260718-15:48:02-5193,param,Florasat_Individual_Sats.satellite[0].dlkDSL.mac,LoRaCR,,,1
General-317-20260718-15:48:02-5193,param,Florasat_Individual_Sats.satellite[0].dlkDSL.mac,fixedLossRate,,,0
General-317-20260718-15:48:02-5193,param,Florasat_Individual_Sats.satellite[0].dlkDSL,typename,,,"""Nodes._20_Satellite.DSL._20_Data_Link.Sat_Dsl_Dlk"""
General-317-20260718-15:48:02-5193,param,Florasat_Individual_Sats.satellite[0].phyISL.leftIf.queue,typename,,,"""inet.queueing.queue.DropTailQueue"""
General-317-20260718-15:48:02-5193,param,Florasat_Individual_Sats.satellite[0].phyISL.leftIf.queue,displayStringTextFormat,,,"""contains %p pk (%l) pushed %u\npulled %o removed %r dropped %d"""
General-317-20260718-15:48:02-5193,param,Florasat_Individual_Sats.satellite[0].phyISL.leftIf.queue,packetCapacity,,,100
General-317-20260718-15:48:02-5193,param,Florasat_Individual_Sats.satellite[0].phyISL.leftIf.queue,dataCapacity,,,-1b
General-317-20260718-15:48:02-5193,attr,Florasat_Individual_Sats.satellite[0].phyISL.leftIf.queue,dataCapacity,unit,b,
General-317-20260718-15:48:02-5193,param,Florasat_Individual_Sats.satellite[0].phyISL.leftIf.queue,dropperClass,,,"""inet::queueing::PacketAtCollectionEndDropper"""
General-317-20260718-15:48:02-5193,param,Florasat_Individual_Sats.satellite[0].phyISL.leftIf.queue,comparatorClass,,,""""""
General-317-20260718-15:48:02-5193,param,Florasat_Individual_Sats.satellite[0].phyISL.leftIf.queue,bufferModule,,,""""""
General-317-20260718-15:48:02-5193,param,Florasat_Individual_Sats.satellite[0].phyISL.leftIf.islIf,typename,,,"""Nodes._20_Satellite.ISL._10_Physical.ISLInterface"""
General-317-20260718-15:48:02-5193,param,Florasat_Individual_Sats.satellite[0].phyISL.leftIf.islIf,displayStringTextFormat,,,"""processed %p pk (%l) dropped %d"""
General-317-20260718-15:48:02-5193,param,Florasat_Individual_Sats.satellite[0].phyISL.leftIf,typename,,,"""Nodes._20_Satellite.ISL._10_Physical.ISLQueueInterface"""
General-317-20260718-15:48:02-5193,param,Florasat_Individual_Sats.satellite[0].phyISL.upIf.queue,typename,,,"""inet.queueing.queue.DropTailQueue"""
General-317-20260718-15:48:02-5193,param,Florasat_Individual_Sats.satellite[0].phyISL.upIf.queue,displayStringTextFormat,,,"""contains %p pk (%l) pushed %u\npulled %o removed %r dropped %d"""
General-317-20260718-15:48:02-5193,param,Florasat_Individual_Sats.satellite[0].phyISL.upIf.queue,packetCapacity,,,100
General-317-20260718-15:48:02-5193,param,Florasat_Individual_Sats.satellite[0].phyISL.upIf.queue,dataCapacity,,,-1b
General-317-20260718-15:48:02-5193,attr,Florasat_Individual_Sats.satellite[0].phyISL.upIf.queue,dataCapacity,unit,b,
General-317-20260718-15:48:02-5193,param,Florasat_Individual_Sats.satellite[0].phyISL.upIf.queue,dropperClass,,,"""inet::queueing::PacketAtCollectionEndDropper"""
General-317-20260718-15:48:02-5193,param,Florasat_Individual_Sats.satellite[0].phyISL.upIf.queue,comparatorClass,,,""""""
General-317-20260718-15:48:02-5193,param,Florasat_Individual_Sats.satellite[0].phyISL.upIf.queue,bufferModule,,,""""""
General-317-20260718-15:48:02-5193,param,Florasat_Individual_Sats.satellite[0].phyISL.upIf.islIf,typename,,,"""Nodes._20_Satellite.ISL._10_Physical.ISLInterface"""
General-317-20260718-15:48:02-5193,param,Florasat_Individual_Sats.satellite[0].phyISL.upIf.islIf,displayStringTextFormat,,,"""processed %p pk (%l) dropped %d"""
General-317-20260718-15:48:02-5193,param,Florasat_Individual_Sats.satellite[0].phyISL.upIf,typename,,,"""Nodes._20_Satellite.ISL._10_Physical.ISLQueueInterface"""
General-317-20260718-15:48:02-5193,param,Florasat_Individual_Sats.satellite[0].phyISL.rightIf.queue,typename,,,"""inet.queueing.queue.DropTailQueue"""
General-317-20260718-15:48:02-5193,param,Florasat_Individual_Sats.satellite[0].phyISL.rightIf.queue,displayStringTextFormat,,,"""contains %p pk (%l) pushed %u\npulled %o removed %r dropped %d"""
General-317-20260718-15:48:02-5193,param,Florasat_Individual_Sats.satellite[0].phyISL.rightIf.queue,packetCapacity,,,100
General-317-20260718-15:48:02-5193,param,Florasat_Individual_Sats.satellite[0].phyISL.rightIf.queue,dataCapacity,,,-1b
General-317-20260718-15:48:02-5193,attr,Florasat_Individual_Sats.satellite[0].phyISL.rightIf.queue,dataCapacity,unit,b,
General-317-20260718-15:48:02-5193,param,Florasat_Individual_Sats.satellite[0].phyISL.rightIf.queue,dropperClass,,,"""inet::queueing::PacketAtCollectionEndDropper"""
General-317-20260718-15:48:02-5193,param,Florasat_Individual_Sats.satellite[0].phyISL.rightIf.queue,comparatorClass,,,""""""
General-317-20260718-15:48:02-5193,param,Florasat_Individual_Sats.satellite[0].phyISL.rightIf.queue,bufferModule,,,""""""
General-317-20260718-15:48:02-5193,param,Florasat_Individual_Sats.satellite[0].phyISL.rightIf.islIf,typename,,,"""Nodes._20_Satellite.ISL._10_Physical.ISLInterface"""
General-317-20260718-15:48:02-5193,param,Florasat_Individual_Sats.satellite[0].phyISL.rightIf.islIf,displayStringTextFormat,,,"""processed %p pk (%l) dropped %d"""
General-317-20260718-15:48:02-5193,param,Florasat_Individual_Sats.satellite[0].phyISL.rightIf,typename,,,"""Nodes._20_Satellite.ISL._10_Physical.ISLQueueInterface"""
General-317-20260718-15:48:02-5193,param,Florasat_Individual_Sats.satellite[0].phyISL.downIf.queue,typename,,,"""inet.queueing.queue.DropTailQueue"""
General-317-20260718-15:48:02-5193,param,Florasat_Individual_Sats.satellite[0].phyISL.downIf.queue,displayStringTextFormat,,,"""contains %p pk (%l) pushed %u\npulled %o removed %r dropped %d"""
General-317-20260718-15:48:02-5193,param,Florasat_Individual_Sats.satellite[0].phyISL.downIf.queue,packetCapacity,,,100
General-317-20260718-15:48:02-5193,param,Florasat_Individual_Sats.satellite[0].phyISL.downIf.queue,dataCapacity,,,-1b
General-317-20260718-15:48:02-5193,attr,Florasat_Individual_Sats.satellite[0].phyISL.downIf.queue,dataCapacity,unit,b,
General-317-20260718-15:48:02-5193,param,Florasat_Individual_Sats.satellite[0].phyISL.downIf.queue,dropperClass,,,"""inet::queueing::PacketAtCollectionEndDropper"""
General-317-20260718-15:48:02-5193,param,Florasat_Individual_Sats.satellite[0].phyISL.downIf.queue,comparatorClass,,,""""""
General-317-20260718-15:48:02-5193,param,Florasat_Individual_Sats.satellite[0].phyISL.downIf.queue,bufferModule,,,""""""
General-317-20260718-15:48:02-5193,param,Florasat_Individual_Sats.satellite[0].phyISL.downIf.islIf,typename,,,"""Nodes._20_Satellite.ISL._10_Physical.ISLInterface"""
General-317-20260718-15:48:02-5193,param,Florasat_Individual_Sats.satellite[0].phyISL.downIf.islIf,displayStringTextFormat,,,"""processed %p pk (%l) dropped %d"""
General-317-20260718-15:48:02-5193,param,Florasat_Individual_Sats.satellite[0].phyISL.downIf,typename,,,"""Nodes._20_Satellite.ISL._10_Physical.ISLQueueInterface"""
General-317-20260718-15:48:02-5193,param,Florasat_Individual_Sats.satellite[0].phyISL,typename,,,"""Nodes._20_Satellite.ISL._10_Physical.Sat_Isl_Phy"""
General-317-20260718-15:48:02-5193,param,Florasat_Individual_Sats.satellite[0].phyISL,layerName,,,"""Sat_Isl_Phy"""
General-317-20260718-15:48:02-5193,attr,Florasat_Individual_Sats.satellite[0].phyISL,layerName,optional,,
General-317-20260718-15:48:02-5193,param,Florasat_Individual_Sats.satellite[0].phyISL,upperLatitudeBound,,,70
General-317-20260718-15:48:02-5193,param,Florasat_Individual_Sats.satellite[0].phyISL,lowerLatitudeBound,,,-70
General-317-20260718-15:48:02-5193,param,Florasat_Individual_Sats.satellite[0].dlkISL,typename,,,"""Nodes._20_Satellite.ISL._20_Data_Link.Sat_Isl_Dlk"""
General-317-20260718-15:48:02-5193,param,Florasat_Individual_Sats.satellite[0].dlkISL,layerName,,,"""Sat_Isl_Dlk"""
General-317-20260718-15:48:02-5193,attr,Florasat_Individual_Sats.satellite[0].dlkISL,layerName,optional,,
General-317-20260718-15:48:02-5193,param,Florasat_Individual_Sats.satellite[0].phyGSL,typename,,,"""Nodes._20_Satellite.GSL._10_Physical.Sat_Gsl_Phy"""
General-317-20260718-15:48:02-5193,param,Florasat_Individual_Sats.satellite[0].phyGSL,layerName,,,"""Sat_Gsl_Phy"""
General-317-20260718-15:48:02-5193,attr,Florasat_Individual_Sats.satellite[0].phyGSL,layerName,optional,,
General-317-20260718-15:48:02-5193,param,Florasat_Individual_Sats.satellite[0].phyGSL,numGroundLinks,,,40
General-317-20260718-15:48:02-5193,param,Florasat_Individual_Sats.satellite[0].dlkGSL,typename,,,"""Nodes._20_Satellite.GSL._20_Data_Link.Sat_Gsl_Dlk"""
General-317-20260718-15:48:02-5193,param,Florasat_Individual_Sats.satellite[0].dlkGSL,layerName,,,"""Sat_Gsl_Dlk"""
General-317-20260718-15:48:02-5193,attr,Florasat_Individual_Sats.satellite[0].dlkGSL,layerName,optional,,
General-317-20260718-15:48:02-5193,param,Florasat_Individual_Sats.satellite[0].net.packetHandler,typename,,,"""Nodes._20_Satellite._30_Network.Sat_Net_PacketHandler"""
General-317-20260718-15:48:02-5193,param,Florasat_Individual_Sats.satellite[0].net.packetHandler,numGroundLinks,,,40
General-317-20260718-15:48:02-5193,param,Florasat_Individual_Sats.satellite[0].net.routing,typename,,,"""Global.Base._30_Network.Null_Routing"""
General-317-20260718-15:48:02-5193,param,Florasat_Individual_Sats.satellite[0].net,typename,,,"""Nodes._20_Satellite._30_Network.Sat_Net"""
General-317-20260718-15:48:02-5193,param,Florasat_Individual_Sats.satellite[0].net,numGroundLinks,,,40
General-317-20260718-15:48:02-5193,param,Florasat_Individual_Sats.satellite[0].net,routingType,,,"""Null_Routing"""
General-317-20260718-15:48:02-5193,param,Florasat_Individual_Sats.satellite[0].app,typename,,,"""Nodes._20_Satellite._40_Application.Sat_App"""
General-317-20260718-15:48:02-5193,param,Florasat_Individual_Sats.satellite[0].app,layerName,,,"""Sat_App"""
General-317-20260718-15:48:02-5193,attr,Florasat_Individual_Sats.satellite[0].app,layerName,optional,,
General-317-20260718-15:48:02-5193,param,Florasat_Individual_Sats.satellite[0].energy,typename,,,"""Nodes._20_Satellite._50_Energy.Sat_Ene"""
General-317-20260718-15:48:02-5193,param,Florasat_Individual_Sats.satellite[0].mobility,typename,,,"""Nodes._20_Satellite._60_Mobility.Sat_Mob_SatelliteMobility_Standalone"""
General-317-20260718-15:48:02-5193,param,Florasat_Individual_Sats.satellite[0].mobility,subjectModule,,,"""^"""
General-317-20260718-15:48:02-5193,param,Florasat_Individual_Sats.satellite[0].mobility,coordinateSystemModule,,,""""""
General-317-20260718-15:48:02-5193,param,Florasat_Individual_Sats.satellite[0].mobility,displayStringTextFormat,,,"""p: %p\nv: %v"""
General-317-20260718-15:48:02-5193,attr,Florasat_Individual_Sats.satellite[0].mobility,displayStringTextFormat,mutable,,
General-317-20260718-15:48:02-5193,param,Florasat_Individual_Sats.satellite[0].mobility,updateDisplayString,,,true
General-317-20260718-15:48:02-5193,param,Florasat_Individual_Sats.satellite[0].mobility,constraintAreaMinX,,,-inf m
General-317-20260718-15:48:02-5193,attr,Florasat_Individual_Sats.satellite[0].mobility,constraintAreaMinX,unit,m,
General-317-20260718-15:48:02-5193,param,Florasat_Individual_Sats.satellite[0].mobility,constraintAreaMinY,,,-inf m
General-317-20260718-15:48:02-5193,attr,Florasat_Individual_Sats.satellite[0].mobility,constraintAreaMinY,unit,m,
General-317-20260718-15:48:02-5193,param,Florasat_Individual_Sats.satellite[0].mobility,constraintAreaMinZ,,,-inf m
General-317-20260718-15:48:02-5193,attr,Florasat_Individual_Sats.satellite[0].mobility,constraintAreaMinZ,unit,m,
General-317-20260718-15:48:02-5193,param,Florasat_Individual_Sats.satellite[0].mobility,constraintAreaMaxX,,,inf m
General-317-20260718-15:48:02-5193,attr,Florasat_Individual_Sats.satellite[0].mobility,constraintAreaMaxX,unit,m,
General-317-20260718-15:48:02-5193,param,Florasat_Individual_Sats.satellite[0].mobility,constraintAreaMaxY,,,inf m
General-317-20260718-15:48:02-5193,attr,Florasat_Individual_Sats.satellite[0].mobility,constraintAreaMaxY,unit,m,
General-317-20260718-15:48:02-5193,param,Florasat_Individual_Sats.satellite[0].mobility,constraintAreaMaxZ,,,inf m
General-317-20260718-15:48:02-5193,attr,Florasat_Individual_Sats.satellite[0].mobility,constraintAreaMaxZ,unit,m,
General-317-20260718-15:48:02-5193,param,Florasat_Individual_Sats.satellite[0].mobility,updateInterval,,,20s
General-317-20260718-15:48:02-5193,attr,Florasat_Individual_Sats.satellite[0].mobility,updateInterval,unit,s,
General-317-20260718-15:48:02-5193,param,Florasat_Individual_Sats.satellite[0].mobility,faceForward,,,true
General-317-20260718-15:48:02-5193,param,Florasat_Individual_Sats.satellite[0].mobility,displaySpanArea,,,false
General-317-20260718-15:48:02-5193,param,Florasat_Individual_Sats.satellite[0].mobility,effectiveSlant,,,0
General-317-20260718-15:48:02-5193,param,Florasat_Individual_Sats.satellite[0].NoradModule,typename,,,"""Nodes._20_Satellite._60_Mobility.Sat_Mob_NoradA"""
General-317-20260718-15:48:02-5193,param,Florasat_Individual_Sats.satellite[0].NoradModule,satIndex,,,-1
General-317-20260718-15:48:02-5193,param,Florasat_Individual_Sats.satellite[0].NoradModule,satName,,,"""FLoRaSat"""
General-317-20260718-15:48:02-5193,param,Florasat_Individual_Sats.satellite[0].NoradModule,epochYear,,,21
General-317-20260718-15:48:02-5193,param,Florasat_Individual_Sats.satellite[0].NoradModule,epochDay,,,86.4903
General-317-20260718-15:48:02-5193,param,Florasat_Individual_Sats.satellite[0].NoradModule,eccentricity,,,1e-06
General-317-20260718-15:48:02-5193,param,Florasat_Individual_Sats.satellite[0].NoradModule,inclination,,,98
General-317-20260718-15:48:02-5193,param,Florasat_Individual_Sats.satellite[0].NoradModule,altitude,,,670
General-317-20260718-15:48:02-5193,param,Florasat_Individual_Sats.satellite[0].NoradModule,meanAnomaly,,,195
General-317-20260718-15:48:02-5193,param,Florasat_Individual_Sats.satellite[0].NoradModule,raan,,,195
General-317-20260718-15:48:02-5193,param,Florasat_Individual_Sats.satellite[0].NoradModule,argPerigee,,,0
General-317-20260718-15:48:02-5193,param,Florasat_Individual_Sats.satellite[0].NoradModule,bstar,,,0.00042243
General-317-20260718-15:48:02-5193,param,Florasat_Individual_Sats.satellite[0].NoradModule,drag,,,1.846e-05
General-317-20260718-15:48:02-5193,param,Florasat_Individual_Sats.satellite[0].NoradModule,baseYear,,,20
General-317-20260718-15:48:02-5193,param,Florasat_Individual_Sats.satellite[0].NoradModule,baseDay,,,1.5
General-317-20260718-15:48:02-5193,param,Florasat_Individual_Sats.satellite[0].NoradModule,planes,,,1
General-317-20260718-15:48:02-5193,param,Florasat_Individual_Sats.satellite[0].NoradModule,satPerPlane,,,1
General-317-20260718-15:48:02-5193,param,Florasat_Individual_Sats.satellite[0],typename,,,"""Nodes._20_Satellite.Satellite"""
General-317-20260718-15:48:02-5193,param,Florasat_Individual_Sats.satellite[0],layerName,,,"""Satellite"""
General-317-20260718-15:48:02-5193,attr,Florasat_Individual_Sats.satellite[0],layerName,optional,,
General-317-20260718-15:48:02-5193,param,Florasat_Individual_Sats.satellite[0],satelliteName,,,""""""
General-317-20260718-15:48:02-5193,param,Florasat_Individual_Sats.satellite[0],noradModuleType,,,"""Sat_Mob_NoradA"""
General-317-20260718-15:48:02-5193,param,Florasat_Individual_Sats.satellite[0],upperLatitudeBound,,,70
General-317-20260718-15:48:02-5193,param,Florasat_Individual_Sats.satellite[0],lowerLatitudeBound,,,-70
General-317-20260718-15:48:02-5193,param,Florasat_Individual_Sats.satellite[0],mobilityType,,,"""Sat_Mob_SatelliteMobility_Standalone"""
General-317-20260718-15:48:02-5193,param,Florasat_Individual_Sats.satellite[0],numGroundLinks,,,40
General-317-20260718-15:48:02-5193,param,Florasat_Individual_Sats.station[0].phy,typename,,,"""Nodes._30_Station._10_Physical.Sta_Phy"""
General-317-20260718-15:48:02-5193,param,Florasat_Individual_Sats.station[0].dlk.mac,typename,,,"""Nodes._30_Station._20_Data_Link.Sta_Dlk_Statistics"""
General-317-20260718-15:48:02-5193,param,Florasat_Individual_Sats.station[0].dlk.mac,endToEndStatistics,,,true
General-317-20260718-15:48:02-5193,param,Florasat_Individual_Sats.station[0].dlk,typename,,,"""Nodes._30_Station._20_Data_Link.Sta_Dlk"""
General-317-20260718-15:48:02-5193,param,Florasat_Individual_Sats.station[0].net,typename,,,"""Nodes._30_Station._30_Network.Sta_Net"""
General-317-20260718-15:48:02-5193,param,Florasat_Individual_Sats.station[0].net,layerName,,,"""StationNetworkLayer"""
General-317-20260718-15:48:02-5193,attr,Florasat_Individual_Sats.station[0].net,layerName,optional,,
General-317-20260718-15:48:02-5193,param,Florasat_Individual_Sats.station[0].net,numGroundLinks,,,40
General-317-20260718-15:48:02-5193,param,Florasat_Individual_Sats.station[0].net,hasIpv4,,,true
General-317-20260718-15:48:02-5193,param,Florasat_Individual_Sats.station[0].net,numUdpApps,,,0
General-317-20260718-15:48:02-5193,param,Florasat_Individual_Sats.station[0].net,hasUdp,,,true
General-317-20260718-15:48:02-5193,param,Florasat_Individual_Sats.station[0].net,udpType,,,""""""
General-317-20260718-15:48:02-5193,param,Florasat_Individual_Sats.station[0].net,networkLayerType,,,"""Ipv4NetworkLayer"""
General-317-20260718-15:48:02-5193,param,Florasat_Individual_Sats.station[0].net,routingTsableType,,,"""Ipv4RoutingTable"""
General-317-20260718-15:48:02-5193,param,Florasat_Individual_Sats.station[0].net,sendData,,,false
General-317-20260718-15:48:02-5193,attr,Florasat_Individual_Sats.station[0].net,sendData,mutable,,
General-317-20260718-15:48:02-5193,param,Florasat_Individual_Sats.station[0].net,dstGsOrDev,,,1
General-317-20260718-15:48:02-5193,param,Florasat_Individual_Sats.station[0].app,typename,,,"""Nodes._30_Station._40_Application.StationApplicationLayer"""
General-317-20260718-15:48:02-5193,param,Florasat_Individual_Sats.station[0].app,layerName,,,"""StationApplicationLayer"""
General-317-20260718-15:48:02-5193,attr,Florasat_Individual_Sats.station[0].app,layerName,optional,,
General-317-20260718-15:48:02-5193,param,Florasat_Individual_Sats.station[0].energy,typename,,,"""Nodes._30_Station._50_Energy.StationEnergy"""
General-317-20260718-15:48:02-5193,param,Florasat_Individual_Sats.station[0].mobility,typename,,,"""Nodes._30_Station._60_Mobility.Sta_Mob_StationMobility"""
General-317-20260718-15:48:02-5193,param,Florasat_Individual_Sats.station[0].mobility,subjectModule,,,"""^"""
General-317-20260718-15:48:02-5193,param,Florasat_Individual_Sats.station[0].mobility,coordinateSystemModule,,,""""""
General-317-20260718-15:48:02-5193,param,Florasat_Individual_Sats.station[0].mobility,displayStringTextFormat,,,"""p: %p\nv: %v"""
General-317-20260718-15:48:02-5193,attr,Florasat_Individual_Sats.station[0].mobility,displayStringTextFormat,mutable,,
General-317-20260718-15:48:02-5193,param,Florasat_Individual_Sats.station[0].mobility,updateDisplayString,,,true
General-317-20260718-15:48:02-5193,param,Florasat_Individual_Sats.station[0].mobility,constraintAreaMinX,,,-inf m
General-317-20260718-15:48:02-5193,attr,Florasat_Individual_Sats.station[0].mobility,constraintAreaMinX,unit,m,
General-317-20260718-15:48:02-5193,param,Florasat_Individual_Sats.station[0].mobility,constraintAreaMinY,,,-inf m
General-317-20260718-15:48:02-5193,attr,Florasat_Individual_Sats.station[0].mobility,constraintAreaMinY,unit,m,
General-317-20260718-15:48:02-5193,param,Florasat_Individual_Sats.station[0].mobility,constraintAreaMinZ,,,-inf m
General-317-20260718-15:48:02-5193,attr,Florasat_Individual_Sats.station[0].mobility,constraintAreaMinZ,unit,m,
General-317-20260718-15:48:02-5193,param,Florasat_Individual_Sats.station[0].mobility,constraintAreaMaxX,,,inf m
General-317-20260718-15:48:02-5193,attr,Florasat_Individual_Sats.station[0].mobility,constraintAreaMaxX,unit,m,
General-317-20260718-15:48:02-5193,param,Florasat_Individual_Sats.station[0].mobility,constraintAreaMaxY,,,inf m
General-317-20260718-15:48:02-5193,attr,Florasat_Individual_Sats.station[0].mobility,constraintAreaMaxY,unit,m,
General-317-20260718-15:48:02-5193,param,Florasat_Individual_Sats.station[0].mobility,constraintAreaMaxZ,,,inf m
General-317-20260718-15:48:02-5193,attr,Florasat_Individual_Sats.station[0].mobility,constraintAreaMaxZ,unit,m,
General-317-20260718-15:48:02-5193,param,Florasat_Individual_Sats.station[0].mobility,initialX,,,nan m
General-317-20260718-15:48:02-5193,attr,Florasat_Individual_Sats.station[0].mobility,initialX,unit,m,
General-317-20260718-15:48:02-5193,param,Florasat_Individual_Sats.station[0].mobility,initialY,,,nan m
General-317-20260718-15:48:02-5193,attr,Florasat_Individual_Sats.station[0].mobility,initialY,unit,m,
General-317-20260718-15:48:02-5193,param,Florasat_Individual_Sats.station[0].mobility,initialZ,,,0m
General-317-20260718-15:48:02-5193,attr,Florasat_Individual_Sats.station[0].mobility,initialZ,unit,m,
General-317-20260718-15:48:02-5193,param,Florasat_Individual_Sats.station[0].mobility,initialLatitude,,,nan deg
General-317-20260718-15:48:02-5193,attr,Florasat_Individual_Sats.station[0].mobility,initialLatitude,unit,deg,
General-317-20260718-15:48:02-5193,param,Florasat_Individual_Sats.station[0].mobility,initialLongitude,,,nan deg
General-317-20260718-15:48:02-5193,attr,Florasat_Individual_Sats.station[0].mobility,initialLongitude,unit,deg,
General-317-20260718-15:48:02-5193,param,Florasat_Individual_Sats.station[0].mobility,initialAltitude,,,0m
General-317-20260718-15:48:02-5193,attr,Florasat_Individual_Sats.station[0].mobility,initialAltitude,unit,m,
General-317-20260718-15:48:02-5193,param,Florasat_Individual_Sats.station[0].mobility,initialHeading,,,0deg
General-317-20260718-15:48:02-5193,attr,Florasat_Individual_Sats.station[0].mobility,initialHeading,unit,deg,
General-317-20260718-15:48:02-5193,param,Florasat_Individual_Sats.station[0].mobility,initialElevation,,,0deg
General-317-20260718-15:48:02-5193,attr,Florasat_Individual_Sats.station[0].mobility,initialElevation,unit,deg,
General-317-20260718-15:48:02-5193,param,Florasat_Individual_Sats.station[0].mobility,initialBank,,,0deg
General-317-20260718-15:48:02-5193,attr,Florasat_Individual_Sats.station[0].mobility,initialBank,unit,deg,
General-317-20260718-15:48:02-5193,param,Florasat_Individual_Sats.station[0].mobility,initFromDisplayString,,,false
General-317-20260718-15:48:02-5193,param,Florasat_Individual_Sats.station[0].mobility,updateFromDisplayString,,,false
General-317-20260718-15:48:02-5193,param,Florasat_Individual_Sats.station[0].mobility,latitude,,,55.752
General-317-20260718-15:48:02-5193,param,Florasat_Individual_Sats.station[0].mobility,longitude,,,37.616
General-317-20260718-15:48:02-5193,param,Florasat_Individual_Sats.station[0],typename,,,"""Nodes._30_Station.Station"""
General-317-20260718-15:48:02-5193,param,Florasat_Individual_Sats.station[0],layerName,,,"""Station"""
General-317-20260718-15:48:02-5193,attr,Florasat_Individual_Sats.station[0],layerName,optional,,
General-317-20260718-15:48:02-5193,param,Florasat_Individual_Sats.station[0],sendData,,,false
General-317-20260718-15:48:02-5193,attr,Florasat_Individual_Sats.station[0],sendData,mutable,,
General-317-20260718-15:48:02-5193,param,Florasat_Individual_Sats.station[0],dstGsOrDev,,,1
General-317-20260718-15:48:02-5193,param,Florasat_Individual_Sats.station[1].phy,typename,,,"""Nodes._30_Station._10_Physical.Sta_Phy"""
General-317-20260718-15:48:02-5193,param,Florasat_Individual_Sats.station[1].dlk.mac,typename,,,"""Nodes._30_Station._20_Data_Link.Sta_Dlk_Statistics"""
General-317-20260718-15:48:02-5193,param,Florasat_Individual_Sats.station[1].dlk.mac,endToEndStatistics,,,true
General-317-20260718-15:48:02-5193,param,Florasat_Individual_Sats.station[1].dlk,typename,,,"""Nodes._30_Station._20_Data_Link.Sta_Dlk"""
General-317-20260718-15:48:02-5193,param,Florasat_Individual_Sats.station[1].net,typename,,,"""Nodes._30_Station._30_Network.Sta_Net"""
General-317-20260718-15:48:02-5193,param,Florasat_Individual_Sats.station[1].net,layerName,,,"""StationNetworkLayer"""
General-317-20260718-15:48:02-5193,attr,Florasat_Individual_Sats.station[1].net,layerName,optional,,
General-317-20260718-15:48:02-5193,param,Florasat_Individual_Sats.station[1].net,numGroundLinks,,,40
General-317-20260718-15:48:02-5193,param,Florasat_Individual_Sats.station[1].net,hasIpv4,,,true
General-317-20260718-15:48:02-5193,param,Florasat_Individual_Sats.station[1].net,numUdpApps,,,0
General-317-20260718-15:48:02-5193,param,Florasat_Individual_Sats.station[1].net,hasUdp,,,true
General-317-20260718-15:48:02-5193,param,Florasat_Individual_Sats.station[1].net,udpType,,,""""""
General-317-20260718-15:48:02-5193,param,Florasat_Individual_Sats.station[1].net,networkLayerType,,,"""Ipv4NetworkLayer"""
General-317-20260718-15:48:02-5193,param,Florasat_Individual_Sats.station[1].net,routingTsableType,,,"""Ipv4RoutingTable"""
General-317-20260718-15:48:02-5193,param,Florasat_Individual_Sats.station[1].net,sendData,,,false
General-317-20260718-15:48:02-5193,attr,Florasat_Individual_Sats.station[1].net,sendData,mutable,,
General-317-20260718-15:48:02-5193,param,Florasat_Individual_Sats.station[1].net,dstGsOrDev,,,1
General-317-20260718-15:48:02-5193,param,Florasat_Individual_Sats.station[1].app,typename,,,"""Nodes._30_Station._40_Application.StationApplicationLayer"""
General-317-20260718-15:48:02-5193,param,Florasat_Individual_Sats.station[1].app,layerName,,,"""StationApplicationLayer"""
General-317-20260718-15:48:02-5193,attr,Florasat_Individual_Sats.station[1].app,layerName,optional,,
General-317-20260718-15:48:02-5193,param,Florasat_Individual_Sats.station[1].energy,typename,,,"""Nodes._30_Station._50_Energy.StationEnergy"""
General-317-20260718-15:48:02-5193,param,Florasat_Individual_Sats.station[1].mobility,typename,,,"""Nodes._30_Station._60_Mobility.Sta_Mob_StationMobility"""
General-317-20260718-15:48:02-5193,param,Florasat_Individual_Sats.station[1].mobility,subjectModule,,,"""^"""
General-317-20260718-15:48:02-5193,param,Florasat_Individual_Sats.station[1].mobility,coordinateSystemModule,,,""""""
General-317-20260718-15:48:02-5193,param,Florasat_Individual_Sats.station[1].mobility,displayStringTextFormat,,,"""p: %p\nv: %v"""
General-317-20260718-15:48:02-5193,attr,Florasat_Individual_Sats.station[1].mobility,displayStringTextFormat,mutable,,
General-317-20260718-15:48:02-5193,param,Florasat_Individual_Sats.station[1].mobility,updateDisplayString,,,true
General-317-20260718-15:48:02-5193,param,Florasat_Individual_Sats.station[1].mobility,constraintAreaMinX,,,-inf m
General-317-20260718-15:48:02-5193,attr,Florasat_Individual_Sats.station[1].mobility,constraintAreaMinX,unit,m,
General-317-20260718-15:48:02-5193,param,Florasat_Individual_Sats.station[1].mobility,constraintAreaMinY,,,-inf m
General-317-20260718-15:48:02-5193,attr,Florasat_Individual_Sats.station[1].mobility,constraintAreaMinY,unit,m,
General-317-20260718-15:48:02-5193,param,Florasat_Individual_Sats.station[1].mobility,constraintAreaMinZ,,,-inf m
General-317-20260718-15:48:02-5193,attr,Florasat_Individual_Sats.station[1].mobility,constraintAreaMinZ,unit,m,
General-317-20260718-15:48:02-5193,param,Florasat_Individual_Sats.station[1].mobility,constraintAreaMaxX,,,inf m
General-317-20260718-15:48:02-5193,attr,Florasat_Individual_Sats.station[1].mobility,constraintAreaMaxX,unit,m,
General-317-20260718-15:48:02-5193,param,Florasat_Individual_Sats.station[1].mobility,constraintAreaMaxY,,,inf m
General-317-20260718-15:48:02-5193,attr,Florasat_Individual_Sats.station[1].mobility,constraintAreaMaxY,unit,m,
General-317-20260718-15:48:02-5193,param,Florasat_Individual_Sats.station[1].mobility,constraintAreaMaxZ,,,inf m
General-317-20260718-15:48:02-5193,attr,Florasat_Individual_Sats.station[1].mobility,constraintAreaMaxZ,unit,m,
General-317-20260718-15:48:02-5193,param,Florasat_Individual_Sats.station[1].mobility,initialX,,,nan m
General-317-20260718-15:48:02-5193,attr,Florasat_Individual_Sats.station[1].mobility,initialX,unit,m,
General-317-20260718-15:48:02-5193,param,Florasat_Individual_Sats.station[1].mobility,initialY,,,nan m
General-317-20260718-15:48:02-5193,attr,Florasat_Individual_Sats.station[1].mobility,initialY,unit,m,
General-317-20260718-15:48:02-5193,param,Florasat_Individual_Sats.station[1].mobility,initialZ,,,0m
General-317-20260718-15:48:02-5193,attr,Florasat_Individual_Sats.station[1].mobility,initialZ,unit,m,
General-317-20260718-15:48:02-5193,param,Florasat_Individual_Sats.station[1].mobility,initialLatitude,,,nan deg
General-317-20260718-15:48:02-5193,attr,Florasat_Individual_Sats.station[1].mobility,initialLatitude,unit,deg,
General-317-20260718-15:48:02-5193,param,Florasat_Individual_Sats.station[1].mobility,initialLongitude,,,nan deg
General-317-20260718-15:48:02-5193,attr,Florasat_Individual_Sats.station[1].mobility,initialLongitude,unit,deg,
General-317-20260718-15:48:02-5193,param,Florasat_Individual_Sats.station[1].mobility,initialAltitude,,,0m
General-317-20260718-15:48:02-5193,attr,Florasat_Individual_Sats.station[1].mobility,initialAltitude,unit,m,
General-317-20260718-15:48:02-5193,param,Florasat_Individual_Sats.station[1].mobility,initialHeading,,,0deg
General-317-20260718-15:48:02-5193,attr,Florasat_Individual_Sats.station[1].mobility,initialHeading,unit,deg,
General-317-20260718-15:48:02-5193,param,Florasat_Individual_Sats.station[1].mobility,initialElevation,,,0deg
General-317-20260718-15:48:02-5193,attr,Florasat_Individual_Sats.station[1].mobility,initialElevation,unit,deg,
General-317-20260718-15:48:02-5193,param,Florasat_Individual_Sats.station[1].mobility,initialBank,,,0deg
General-317-20260718-15:48:02-5193,attr,Florasat_Individual_Sats.station[1].mobility,initialBank,unit,deg,
General-317-20260718-15:48:02-5193,param,Florasat_Individual_Sats.station[1].mobility,initFromDisplayString,,,false
General-317-20260718-15:48:02-5193,param,Florasat_Individual_Sats.station[1].mobility,updateFromDisplayString,,,false
General-317-20260718-15:48:02-5193,param,Florasat_Individual_Sats.station[1].mobility,latitude,,,28.652
General-317-20260718-15:48:02-5193,param,Florasat_Individual_Sats.station[1].mobility,longitude,,,77.231
General-317-20260718-15:48:02-5193,param,Florasat_Individual_Sats.station[1],typename,,,"""Nodes._30_Station.Station"""
General-317-20260718-15:48:02-5193,param,Florasat_Individual_Sats.station[1],layerName,,,"""Station"""
General-317-20260718-15:48:02-5193,attr,Florasat_Individual_Sats.station[1],layerName,optional,,
General-317-20260718-15:48:02-5193,param,Florasat_Individual_Sats.station[1],sendData,,,false
General-317-20260718-15:48:02-5193,attr,Florasat_Individual_Sats.station[1],sendData,mutable,,
General-317-20260718-15:48:02-5193,param,Florasat_Individual_Sats.station[1],dstGsOrDev,,,1
General-317-20260718-15:48:02-5193,param,Florasat_Individual_Sats.station[2].phy,typename,,,"""Nodes._30_Station._10_Physical.Sta_Phy"""
General-317-20260718-15:48:02-5193,param,Florasat_Individual_Sats.station[2].dlk.mac,typename,,,"""Nodes._30_Station._20_Data_Link.Sta_Dlk_Statistics"""
General-317-20260718-15:48:02-5193,param,Florasat_Individual_Sats.station[2].dlk.mac,endToEndStatistics,,,true
General-317-20260718-15:48:02-5193,param,Florasat_Individual_Sats.station[2].dlk,typename,,,"""Nodes._30_Station._20_Data_Link.Sta_Dlk"""
General-317-20260718-15:48:02-5193,param,Florasat_Individual_Sats.station[2].net,typename,,,"""Nodes._30_Station._30_Network.Sta_Net"""
General-317-20260718-15:48:02-5193,param,Florasat_Individual_Sats.station[2].net,layerName,,,"""StationNetworkLayer"""
General-317-20260718-15:48:02-5193,attr,Florasat_Individual_Sats.station[2].net,layerName,optional,,
General-317-20260718-15:48:02-5193,param,Florasat_Individual_Sats.station[2].net,numGroundLinks,,,40
General-317-20260718-15:48:02-5193,param,Florasat_Individual_Sats.station[2].net,hasIpv4,,,true
General-317-20260718-15:48:02-5193,param,Florasat_Individual_Sats.station[2].net,numUdpApps,,,0
General-317-20260718-15:48:02-5193,param,Florasat_Individual_Sats.station[2].net,hasUdp,,,true
General-317-20260718-15:48:02-5193,param,Florasat_Individual_Sats.station[2].net,udpType,,,""""""
General-317-20260718-15:48:02-5193,param,Florasat_Individual_Sats.station[2].net,networkLayerType,,,"""Ipv4NetworkLayer"""
General-317-20260718-15:48:02-5193,param,Florasat_Individual_Sats.station[2].net,routingTsableType,,,"""Ipv4RoutingTable"""
General-317-20260718-15:48:02-5193,param,Florasat_Individual_Sats.station[2].net,sendData,,,false
General-317-20260718-15:48:02-5193,attr,Florasat_Individual_Sats.station[2].net,sendData,mutable,,
General-317-20260718-15:48:02-5193,param,Florasat_Individual_Sats.station[2].net,dstGsOrDev,,,1
General-317-20260718-15:48:02-5193,param,Florasat_Individual_Sats.station[2].app,typename,,,"""Nodes._30_Station._40_Application.StationApplicationLayer"""
General-317-20260718-15:48:02-5193,param,Florasat_Individual_Sats.station[2].app,layerName,,,"""StationApplicationLayer"""
General-317-20260718-15:48:02-5193,attr,Florasat_Individual_Sats.station[2].app,layerName,optional,,
General-317-20260718-15:48:02-5193,param,Florasat_Individual_Sats.station[2].energy,typename,,,"""Nodes._30_Station._50_Energy.StationEnergy"""
General-317-20260718-15:48:02-5193,param,Florasat_Individual_Sats.station[2].mobility,typename,,,"""Nodes._30_Station._60_Mobility.Sta_Mob_StationMobility"""
General-317-20260718-15:48:02-5193,param,Florasat_Individual_Sats.station[2].mobility,subjectModule,,,"""^"""
General-317-20260718-15:48:02-5193,param,Florasat_Individual_Sats.station[2].mobility,coordinateSystemModule,,,""""""
General-317-20260718-15:48:02-5193,param,Florasat_Individual_Sats.station[2].mobility,displayStringTextFormat,,,"""p: %p\nv: %v"""
General-317-20260718-15:48:02-5193,attr,Florasat_Individual_Sats.station[2].mobility,displayStringTextFormat,mutable,,
General-317-20260718-15:48:02-5193,param,Florasat_Individual_Sats.station[2].mobility,updateDisplayString,,,true
General-317-20260718-15:48:02-5193,param,Florasat_Individual_Sats.station[2].mobility,constraintAreaMinX,,,-inf m
General-317-20260718-15:48:02-5193,attr,Florasat_Individual_Sats.station[2].mobility,constraintAreaMinX,unit,m,
General-317-20260718-15:48:02-5193,param,Florasat_Individual_Sats.station[2].mobility,constraintAreaMinY,,,-inf m
General-317-20260718-15:48:02-5193,attr,Florasat_Individual_Sats.station[2].mobility,constraintAreaMinY,unit,m,
General-317-20260718-15:48:02-5193,param,Florasat_Individual_Sats.station[2].mobility,constraintAreaMinZ,,,-inf m
General-317-20260718-15:48:02-5193,attr,Florasat_Individual_Sats.station[2].mobility,constraintAreaMinZ,unit,m,
General-317-20260718-15:48:02-5193,param,Florasat_Individual_Sats.station[2].mobility,constraintAreaMaxX,,,inf m
General-317-20260718-15:48:02-5193,attr,Florasat_Individual_Sats.station[2].mobility,constraintAreaMaxX,unit,m,
General-317-20260718-15:48:02-5193,param,Florasat_Individual_Sats.station[2].mobility,constraintAreaMaxY,,,inf m
General-317-20260718-15:48:02-5193,attr,Florasat_Individual_Sats.station[2].mobility,constraintAreaMaxY,unit,m,
General-317-20260718-15:48:02-5193,param,Florasat_Individual_Sats.station[2].mobility,constraintAreaMaxZ,,,inf m
General-317-20260718-15:48:02-5193,attr,Florasat_Individual_Sats.station[2].mobility,constraintAreaMaxZ,unit,m,
General-317-20260718-15:48:02-5193,param,Florasat_Individual_Sats.station[2].mobility,initialX,,,nan m
General-317-20260718-15:48:02-5193,attr,Florasat_Individual_Sats.station[2].mobility,initialX,unit,m,
General-317-20260718-15:48:02-5193,param,Florasat_Individual_Sats.station[2].mobility,initialY,,,nan m
General-317-20260718-15:48:02-5193,attr,Florasat_Individual_Sats.station[2].mobility,initialY,unit,m,
General-317-20260718-15:48:02-5193,param,Florasat_Individual_Sats.station[2].mobility,initialZ,,,0m
General-317-20260718-15:48:02-5193,attr,Florasat_Individual_Sats.station[2].mobility,initialZ,unit,m,
General-317-20260718-15:48:02-5193,param,Florasat_Individual_Sats.station[2].mobility,initialLatitude,,,nan deg
General-317-20260718-15:48:02-5193,attr,Florasat_Individual_Sats.station[2].mobility,initialLatitude,unit,deg,
General-317-20260718-15:48:02-5193,param,Florasat_Individual_Sats.station[2].mobility,initialLongitude,,,nan deg
General-317-20260718-15:48:02-5193,attr,Florasat_Individual_Sats.station[2].mobility,initialLongitude,unit,deg,
General-317-20260718-15:48:02-5193,param,Florasat_Individual_Sats.station[2].mobility,initialAltitude,,,0m
General-317-20260718-15:48:02-5193,attr,Florasat_Individual_Sats.station[2].mobility,initialAltitude,unit,m,
General-317-20260718-15:48:02-5193,param,Florasat_Individual_Sats.station[2].mobility,initialHeading,,,0deg
General-317-20260718-15:48:02-5193,attr,Florasat_Individual_Sats.station[2].mobility,initialHeading,unit,deg,
General-317-20260718-15:48:02-5193,param,Florasat_Individual_Sats.station[2].mobility,initialElevation,,,0deg
General-317-20260718-15:48:02-5193,attr,Florasat_Individual_Sats.station[2].mobility,initialElevation,unit,deg,
General-317-20260718-15:48:02-5193,param,Florasat_Individual_Sats.station[2].mobility,initialBank,,,0deg
General-317-20260718-15:48:02-5193,attr,Florasat_Individual_Sats.station[2].mobility,initialBank,unit,deg,
General-317-20260718-15:48:02-5193,param,Florasat_Individual_Sats.station[2].mobility,initFromDisplayString,,,false
General-317-20260718-15:48:02-5193,param,Florasat_Individual_Sats.station[2].mobility,updateFromDisplayString,,,false
General-317-20260718-15:48:02-5193,param,Florasat_Individual_Sats.station[2].mobility,latitude,,,25.35
General-317-20260718-15:48:02-5193,param,Florasat_Individual_Sats.station[2].mobility,longitude,,,51.24
General-317-20260718-15:48:02-5193,param,Florasat_Individual_Sats.station[2],typename,,,"""Nodes._30_Station.Station"""
General-317-20260718-15:48:02-5193,param,Florasat_Individual_Sats.station[2],layerName,,,"""Station"""
General-317-20260718-15:48:02-5193,attr,Florasat_Individual_Sats.station[2],layerName,optional,,
General-317-20260718-15:48:02-5193,param,Florasat_Individual_Sats.station[2],sendData,,,false
General-317-20260718-15:48:02-5193,attr,Florasat_Individual_Sats.station[2],sendData,mutable,,
General-317-20260718-15:48:02-5193,param,Florasat_Individual_Sats.station[2],dstGsOrDev,,,1
General-317-20260718-15:48:02-5193,param,Florasat_Individual_Sats.visualizer.canvasVisualizer.sceneVisualizer,typename,,,"""inet.visualizer.canvas.scene.SceneCanvasVisualizer"""
General-317-20260718-15:48:02-5193,param,Florasat_Individual_Sats.visualizer.canvasVisualizer.sceneVisualizer,visualizationTargetModule,,,"""^.^.^"""
General-317-20260718-15:48:02-5193,param,Florasat_Individual_Sats.visualizer.canvasVisualizer.sceneVisualizer,visualizationSubjectModule,,,"""^.^.^"""
General-317-20260718-15:48:02-5193,param,Florasat_Individual_Sats.visualizer.canvasVisualizer.sceneVisualizer,tags,,,""""""
General-317-20260718-15:48:02-5193,param,Florasat_Individual_Sats.visualizer.canvasVisualizer.sceneVisualizer,physicalEnvironmentModule,,,"""physicalEnvironment"""
General-317-20260718-15:48:02-5193,param,Florasat_Individual_Sats.visualizer.canvasVisualizer.sceneVisualizer,networkNodeVisualizerModule,,,"""^.networkNodeVisualizer"""
General-317-20260718-15:48:02-5193,param,Florasat_Individual_Sats.visualizer.canvasVisualizer.sceneVisualizer,axisLength,,,nan m
General-317-20260718-15:48:02-5193,attr,Florasat_Individual_Sats.visualizer.canvasVisualizer.sceneVisualizer,axisLength,mutable,,
General-317-20260718-15:48:02-5193,attr,Florasat_Individual_Sats.visualizer.canvasVisualizer.sceneVisualizer,axisLength,unit,m,
General-317-20260718-15:48:02-5193,param,Florasat_Individual_Sats.visualizer.canvasVisualizer.sceneVisualizer,animationSpeed,,,0
General-317-20260718-15:48:02-5193,param,Florasat_Individual_Sats.visualizer.canvasVisualizer.sceneVisualizer,sceneMinX,,,nan m
General-317-20260718-15:48:02-5193,attr,Florasat_Individual_Sats.visualizer.canvasVisualizer.sceneVisualizer,sceneMinX,unit,m,
General-317-20260718-15:48:02-5193,param,Florasat_Individual_Sats.visualizer.canvasVisualizer.sceneVisualizer,sceneMinY,,,nan m
General-317-20260718-15:48:02-5193,attr,Florasat_Individual_Sats.visualizer.canvasVisualizer.sceneVisualizer,sceneMinY,unit,m,
General-317-20260718-15:48:02-5193,param,Florasat_Individual_Sats.visualizer.canvasVisualizer.sceneVisualizer,sceneMinZ,,,nan m
General-317-20260718-15:48:02-5193,attr,Florasat_Individual_Sats.visualizer.canvasVisualizer.sceneVisualizer,sceneMinZ,unit,m,
General-317-20260718-15:48:02-5193,param,Florasat_Individual_Sats.visualizer.canvasVisualizer.sceneVisualizer,sceneMaxX,,,nan m
General-317-20260718-15:48:02-5193,attr,Florasat_Individual_Sats.visualizer.canvasVisualizer.sceneVisualizer,sceneMaxX,unit,m,
General-317-20260718-15:48:02-5193,param,Florasat_Individual_Sats.visualizer.canvasVisualizer.sceneVisualizer,sceneMaxY,,,nan m
General-317-20260718-15:48:02-5193,attr,Florasat_Individual_Sats.visualizer.canvasVisualizer.sceneVisualizer,sceneMaxY,unit,m,
General-317-20260718-15:48:02-5193,param,Florasat_Individual_Sats.visualizer.canvasVisualizer.sceneVisualizer,sceneMaxZ,,,nan m
General-317-20260718-15:48:02-5193,attr,Florasat_Individual_Sats.visualizer.canvasVisualizer.sceneVisualizer,sceneMaxZ,unit,m,
General-317-20260718-15:48:02-5193,param,Florasat_Individual_Sats.visualizer.canvasVisualizer.sceneVisualizer,zIndex,,,0
General-317-20260718-15:48:02-5193,param,Florasat_Individual_Sats.visualizer.canvasVisualizer.sceneVisualizer,viewAngle,,,"""x right y down z out"""
General-317-20260718-15:48:02-5193,attr,Florasat_Individual_Sats.visualizer.canvasVisualizer.sceneVisualizer,viewAngle,mutable,,
General-317-20260718-15:48:02-5193,param,Florasat_Individual_Sats.visualizer.canvasVisualizer.sceneVisualizer,viewScale,,,"""1 1"""
General-317-20260718-15:48:02-5193,attr,Florasat_Individual_Sats.visualizer.canvasVisualizer.sceneVisualizer,viewScale,mutable,,
General-317-20260718-15:48:02-5193,param,Florasat_Individual_Sats.visualizer.canvasVisualizer.sceneVisualizer,viewTranslation,,,"""0 0"""
General-317-20260718-15:48:02-5193,attr,Florasat_Individual_Sats.visualizer.canvasVisualizer.sceneVisualizer,viewTranslation,mutable,,
General-317-20260718-15:48:02-5193,param,Florasat_Individual_Sats.visualizer.canvasVisualizer.sceneVisualizer,descriptionFigure,,,""""""
General-317-20260718-15:48:02-5193,param,Florasat_Individual_Sats.visualizer.canvasVisualizer.physicalEnvironmentVisualizer,typename,,,"""inet.visualizer.canvas.environment.PhysicalEnvironmentCanvasVisualizer"""
General-317-20260718-15:48:02-5193,param,Florasat_Individual_Sats.visualizer.canvasVisualizer.physicalEnvironmentVisualizer,visualizationTargetModule,,,"""^.^.^"""
General-317-20260718-15:48:02-5193,param,Florasat_Individual_Sats.visualizer.canvasVisualizer.physicalEnvironmentVisualizer,visualizationSubjectModule,,,"""^.^.^"""
General-317-20260718-15:48:02-5193,param,Florasat_Individual_Sats.visualizer.canvasVisualizer.physicalEnvironmentVisualizer,tags,,,""""""
General-317-20260718-15:48:02-5193,param,Florasat_Individual_Sats.visualizer.canvasVisualizer.physicalEnvironmentVisualizer,physicalEnvironmentModule,,,"""physicalEnvironment"""
General-317-20260718-15:48:02-5193,param,Florasat_Individual_Sats.visualizer.canvasVisualizer.physicalEnvironmentVisualizer,displayObjects,,,true
General-317-20260718-15:48:02-5193,param,Florasat_Individual_Sats.visualizer.canvasVisualizer.physicalEnvironmentVisualizer,zIndex,,,0
General-317-20260718-15:48:02-5193,param,Florasat_Individual_Sats.visualizer.canvasVisualizer.networkNodeVisualizer,typename,,,"""inet.visualizer.canvas.scene.NetworkNodeCanvasVisualizer"""
General-317-20260718-15:48:02-5193,param,Florasat_Individual_Sats.visualizer.canvasVisualizer.networkNodeVisualizer,visualizationTargetModule,,,"""^.^.^"""
General-317-20260718-15:48:02-5193,param,Florasat_Individual_Sats.visualizer.canvasVisualizer.networkNodeVisualizer,visualizationSubjectModule,,,"""^.^.^"""
General-317-20260718-15:48:02-5193,param,Florasat_Individual_Sats.visualizer.canvasVisualizer.networkNodeVisualizer,tags,,,""""""
General-317-20260718-15:48:02-5193,param,Florasat_Individual_Sats.visualizer.canvasVisualizer.networkNodeVisualizer,nodeFilter,,,"""*"""
General-317-20260718-15:48:02-5193,attr,Florasat_Individual_Sats.visualizer.canvasVisualizer.networkNodeVisualizer,nodeFilter,mutable,,
General-317-20260718-15:48:02-5193,param,Florasat_Individual_Sats.visualizer.canvasVisualizer.networkNodeVisualizer,annotationSpacing,,,4
General-317-20260718-15:48:02-5193,param,Florasat_Individual_Sats.visualizer.canvasVisualizer.networkNodeVisualizer,placementPenalty,,,10
General-317-20260718-15:48:02-5193,param,Florasat_Individual_Sats.visualizer.canvasVisualizer.networkNodeVisualizer,zIndex,,,0
General-317-20260718-15:48:02-5193,param,Florasat_Individual_Sats.visualizer.canvasVisualizer.networkConnectionVisualizer,typename,,,"""inet.visualizer.canvas.scene.NetworkConnectionCanvasVisualizer"""
General-317-20260718-15:48:02-5193,param,Florasat_Individual_Sats.visualizer.canvasVisualizer.networkConnectionVisualizer,visualizationTargetModule,,,"""^.^.^"""
General-317-20260718-15:48:02-5193,param,Florasat_Individual_Sats.visualizer.canvasVisualizer.networkConnectionVisualizer,visualizationSubjectModule,,,"""^.^.^"""
General-317-20260718-15:48:02-5193,param,Florasat_Individual_Sats.visualizer.canvasVisualizer.networkConnectionVisualizer,tags,,,""""""
General-317-20260718-15:48:02-5193,param,Florasat_Individual_Sats.visualizer.canvasVisualizer.networkConnectionVisualizer,displayNetworkConnections,,,true
General-317-20260718-15:48:02-5193,param,Florasat_Individual_Sats.visualizer.canvasVisualizer.networkConnectionVisualizer,nodeFilter,,,""""""
General-317-20260718-15:48:02-5193,attr,Florasat_Individual_Sats.visualizer.canvasVisualizer.networkConnectionVisualizer,nodeFilter,mutable,,
General-317-20260718-15:48:02-5193,param,Florasat_Individual_Sats.visualizer.canvasVisualizer.networkConnectionVisualizer,lineColor,,,"""black"""
General-317-20260718-15:48:02-5193,param,Florasat_Individual_Sats.visualizer.canvasVisualizer.networkConnectionVisualizer,lineStyle,,,"""solid"""
General-317-20260718-15:48:02-5193,param,Florasat_Individual_Sats.visualizer.canvasVisualizer.networkConnectionVisualizer,lineWidth,,,1
General-317-20260718-15:48:02-5193,param,Florasat_Individual_Sats.visualizer.canvasVisualizer.networkConnectionVisualizer,zIndex,,,0
General-317-20260718-15:48:02-5193,param,Florasat_Individual_Sats.visualizer.canvasVisualizer.mobilityVisualizer,typename,,,"""inet.visualizer.canvas.mobility.MobilityCanvasVisualizer"""
General-317-20260718-15:48:02-5193,param,Florasat_Individual_Sats.visualizer.canvasVisualizer.mobilityVisualizer,visualizationTargetModule,,,"""^.^.^"""
General-317-20260718-15:48:02-5193,param,Florasat_Individual_Sats.visualizer.canvasVisualizer.mobilityVisualizer,visualizationSubjectModule,,,"""^.^.^"""
General-317-20260718-15:48:02-5193,param,Florasat_Individual_Sats.visualizer.canvasVisualizer.mobilityVisualizer,tags,,,""""""
General-317-20260718-15:48:02-5193,param,Florasat_Individual_Sats.visualizer.canvasVisualizer.mobilityVisualizer,networkNodeVisualizerModule,,,"""^.networkNodeVisualizer"""
General-317-20260718-15:48:02-5193,param,Florasat_Individual_Sats.visualizer.canvasVisualizer.mobilityVisualizer,displayMobility,,,true
General-317-20260718-15:48:02-5193,param,Florasat_Individual_Sats.visualizer.canvasVisualizer.mobilityVisualizer,animationSpeed,,,0
General-317-20260718-15:48:02-5193,param,Florasat_Individual_Sats.visualizer.canvasVisualizer.mobilityVisualizer,moduleFilter,,,"""**.mobility"""
General-317-20260718-15:48:02-5193,attr,Florasat_Individual_Sats.visualizer.canvasVisualizer.mobilityVisualizer,moduleFilter,mutable,,
General-317-20260718-15:48:02-5193,param,Florasat_Individual_Sats.visualizer.canvasVisualizer.mobilityVisualizer,displayPositions,,,false
General-317-20260718-15:48:02-5193,param,Florasat_Individual_Sats.visualizer.canvasVisualizer.mobilityVisualizer,positionCircleRadius,,,4
General-317-20260718-15:48:02-5193,param,Florasat_Individual_Sats.visualizer.canvasVisualizer.mobilityVisualizer,positionCircleLineWidth,,,1
General-317-20260718-15:48:02-5193,param,Florasat_Individual_Sats.visualizer.canvasVisualizer.mobilityVisualizer,positionCircleLineColor,,,"""dark"""
General-317-20260718-15:48:02-5193,param,Florasat_Individual_Sats.visualizer.canvasVisualizer.mobilityVisualizer,positionCircleFillColor,,,"""dark"""
General-317-20260718-15:48:02-5193,param,Florasat_Individual_Sats.visualizer.canvasVisualizer.mobilityVisualizer,displayOrientations,,,false
General-317-20260718-15:48:02-5193,param,Florasat_Individual_Sats.visualizer.canvasVisualizer.mobilityVisualizer,orientationPieRadius,,,32
General-317-20260718-15:48:02-5193,param,Florasat_Individual_Sats.visualizer.canvasVisualizer.mobilityVisualizer,orientationPieSize,,,0.2
General-317-20260718-15:48:02-5193,param,Florasat_Individual_Sats.visualizer.canvasVisualizer.mobilityVisualizer,orientationPieOpacity,,,0.25
General-317-20260718-15:48:02-5193,param,Florasat_Individual_Sats.visualizer.canvasVisualizer.mobilityVisualizer,orientationLineColor,,,"""black"""
General-317-20260718-15:48:02-5193,param,Florasat_Individual_Sats.visualizer.canvasVisualizer.mobilityVisualizer,orientationLineStyle,,,"""solid"""
General-317-20260718-15:48:02-5193,param,Florasat_Individual_Sats.visualizer.canvasVisualizer.mobilityVisualizer,orientationLineWidth,,,1
General-317-20260718-15:48:02-5193,param,Florasat_Individual_Sats.visualizer.canvasVisualizer.mobilityVisualizer,orientationFillColor,,,"""blue"""
General-317-20260718-15:48:02-5193,param,Florasat_Individual_Sats.visualizer.canvasVisualizer.mobilityVisualizer,displayVelocities,,,false
General-317-20260718-15:48:02-5193,param,Florasat_Individual_Sats.visualizer.canvasVisualizer.mobilityVisualizer,velocityArrowScale,,,1
General-317-20260718-15:48:02-5193,param,Florasat_Individual_Sats.visualizer.canvasVisualizer.mobilityVisualizer,velocityLineColor,,,"""black"""
General-317-20260718-15:48:02-5193,param,Florasat_Individual_Sats.visualizer.canvasVisualizer.mobilityVisualizer,velocityLineStyle,,,"""solid"""
General-317-20260718-15:48:02-5193,param,Florasat_Individual_Sats.visualizer.canvasVisualizer.mobilityVisualizer,velocityLineWidth,,,1
General-317-20260718-15:48:02-5193,param,Florasat_Individual_Sats.visualizer.canvasVisualizer.mobilityVisualizer,displayMovementTrails,,,true
General-317-20260718-15:48:02-5193,param,Florasat_Individual_Sats.visualizer.canvasVisualizer.mobilityVisualizer,movementTrailLineColor,,,"""dark"""
General-317-20260718-15:48:02-5193,param,Florasat_Individual_Sats.visualizer.canvasVisualizer.mobilityVisualizer,movementTrailLineStyle,,,"""solid"""
General-317-20260718-15:48:02-5193,param,Florasat_Individual_Sats.visualizer.canvasVisualizer.mobilityVisualizer,movementTrailLineWidth,,,1
General-317-20260718-15:48:02-5193,param,Florasat_Individual_Sats.visualizer.canvasVisualizer.mobilityVisualizer,trailLength,,,3000
General-317-20260718-15:48:02-5193,param,Florasat_Individual_Sats.visualizer.canvasVisualizer.mobilityVisualizer,zIndex,,,0
General-317-20260718-15:48:02-5193,param,Florasat_Individual_Sats.visualizer.canvasVisualizer.statisticVisualizer,typename,,,"""inet.visualizer.canvas.common.StatisticCanvasVisualizer"""
General-317-20260718-15:48:02-5193,param,Florasat_Individual_Sats.visualizer.canvasVisualizer.statisticVisualizer,visualizationTargetModule,,,"""^.^.^"""
General-317-20260718-15:48:02-5193,param,Florasat_Individual_Sats.visualizer.canvasVisualizer.statisticVisualizer,visualizationSubjectModule,,,"""^.^.^"""
General-317-20260718-15:48:02-5193,param,Florasat_Individual_Sats.visualizer.canvasVisualizer.statisticVisualizer,tags,,,""""""
General-317-20260718-15:48:02-5193,param,Florasat_Individual_Sats.visualizer.canvasVisualizer.statisticVisualizer,networkNodeVisualizerModule,,,"""^.networkNodeVisualizer"""
General-317-20260718-15:48:02-5193,param,Florasat_Individual_Sats.visualizer.canvasVisualizer.statisticVisualizer,displayStatistics,,,true
General-317-20260718-15:48:02-5193,param,Florasat_Individual_Sats.visualizer.canvasVisualizer.statisticVisualizer,signalName,,,""""""
General-317-20260718-15:48:02-5193,param,Florasat_Individual_Sats.visualizer.canvasVisualizer.statisticVisualizer,statisticName,,,""""""
General-317-20260718-15:48:02-5193,param,Florasat_Individual_Sats.visualizer.canvasVisualizer.statisticVisualizer,statisticUnit,,,""""""
General-317-20260718-15:48:02-5193,param,Florasat_Individual_Sats.visualizer.canvasVisualizer.statisticVisualizer,statisticExpression,,,""""""
General-317-20260718-15:48:02-5193,param,Florasat_Individual_Sats.visualizer.canvasVisualizer.statisticVisualizer,sourceFilter,,,"""**"""
General-317-20260718-15:48:02-5193,attr,Florasat_Individual_Sats.visualizer.canvasVisualizer.statisticVisualizer,sourceFilter,mutable,,
General-317-20260718-15:48:02-5193,param,Florasat_Individual_Sats.visualizer.canvasVisualizer.statisticVisualizer,format,,,"""%n: %v %u"""
General-317-20260718-15:48:02-5193,attr,Florasat_Individual_Sats.visualizer.canvasVisualizer.statisticVisualizer,format,mutable,,
General-317-20260718-15:48:02-5193,param,Florasat_Individual_Sats.visualizer.canvasVisualizer.statisticVisualizer,unit,,,""""""
General-317-20260718-15:48:02-5193,param,Florasat_Individual_Sats.visualizer.canvasVisualizer.statisticVisualizer,font,,,"""<default>"""
General-317-20260718-15:48:02-5193,param,Florasat_Individual_Sats.visualizer.canvasVisualizer.statisticVisualizer,textColor,,,"""black"""
General-317-20260718-15:48:02-5193,param,Florasat_Individual_Sats.visualizer.canvasVisualizer.statisticVisualizer,backgroundColor,,,"""white"""
General-317-20260718-15:48:02-5193,param,Florasat_Individual_Sats.visualizer.canvasVisualizer.statisticVisualizer,opacity,,,1
General-317-20260718-15:48:02-5193,param,Florasat_Individual_Sats.visualizer.canvasVisualizer.statisticVisualizer,placementHint,,,"""top"""
General-317-20260718-15:48:02-5193,param,Florasat_Individual_Sats.visualizer.canvasVisualizer.statisticVisualizer,placementPriority,,,0
General-317-20260718-15:48:02-5193,param,Florasat_Individual_Sats.visualizer.canvasVisualizer.statisticVisualizer,zIndex,,,10
General-317-20260718-15:48:02-5193,param,Florasat_Individual_Sats.visualizer.canvasVisualizer.statisticVisualizer,propertyName,,,""""""
General-317-20260718-15:48:02-5193,param,Florasat_Individual_Sats.visualizer.canvasVisualizer.statisticVisualizer,propertyIndex,,,""""""
General-317-20260718-15:48:02-5193,param,Florasat_Individual_Sats.visualizer.canvasVisualizer.infoVisualizer,typename,,,"""inet.visualizer.canvas.common.InfoCanvasVisualizer"""
General-317-20260718-15:48:02-5193,param,Florasat_Individual_Sats.visualizer.canvasVisualizer.infoVisualizer,visualizationTargetModule,,,"""^.^.^"""
General-317-20260718-15:48:02-5193,param,Florasat_Individual_Sats.visualizer.canvasVisualizer.infoVisualizer,visualizationSubjectModule,,,"""^.^.^"""
General-317-20260718-15:48:02-5193,param,Florasat_Individual_Sats.visualizer.canvasVisualizer.infoVisualizer,tags,,,""""""
General-317-20260718-15:48:02-5193,param,Florasat_Individual_Sats.visualizer.canvasVisualizer.infoVisualizer,networkNodeVisualizerModule,,,"""^.networkNodeVisualizer"""
General-317-20260718-15:48:02-5193,param,Florasat_Individual_Sats.visualizer.canvasVisualizer.infoVisualizer,displayInfos,,,true
General-317-20260718-15:48:02-5193,param,Florasat_Individual_Sats.visualizer.canvasVisualizer.infoVisualizer,modules,,,""""""
General-317-20260718-15:48:02-5193,attr,Florasat_Individual_Sats.visualizer.canvasVisualizer.infoVisualizer,modules,mutable,,
General-317-20260718-15:48:02-5193,param,Florasat_Individual_Sats.visualizer.canvasVisualizer.infoVisualizer,format,,,"""%t"""
General-317-20260718-15:48:02-5193,attr,Florasat_Individual_Sats.visualizer.canvasVisualizer.infoVisualizer,format,mutable,,
General-317-20260718-15:48:02-5193,param,Florasat_Individual_Sats.visualizer.canvasVisualizer.infoVisualizer,font,,,"""<default>"""
General-317-20260718-15:48:02-5193,param,Florasat_Individual_Sats.visualizer.canvasVisualizer.infoVisualizer,textColor,,,"""black"""
General-317-20260718-15:48:02-5193,param,Florasat_Individual_Sats.visualizer.canvasVisualizer.infoVisualizer,backgroundColor,,,"""white"""
General-317-20260718-15:48:02-5193,param,Florasat_Individual_Sats.visualizer.canvasVisualizer.infoVisualizer,opacity,,,1
General-317-20260718-15:48:02-5193,param,Florasat_Individual_Sats.visualizer.canvasVisualizer.infoVisualizer,placementHint,,,"""top"""
General-317-20260718-15:48:02-5193,param,Florasat_Individual_Sats.visualizer.canvasVisualizer.infoVisualizer,placementPriority,,,0
General-317-20260718-15:48:02-5193,param,Florasat_Individual_Sats.visualizer.canvasVisualizer.infoVisualizer,zIndex,,,10
General-317-20260718-15:48:02-5193,param,Florasat_Individual_Sats.visualizer.canvasVisualizer.energyStorageVisualizer,typename,,,"""inet.visualizer.canvas.power.EnergyStorageCanvasVisualizer"""
General-317-20260718-15:48:02-5193,param,Florasat_Individual_Sats.visualizer.canvasVisualizer.energyStorageVisualizer,visualizationTargetModule,,,"""^.^.^"""
General-317-20260718-15:48:02-5193,param,Florasat_Individual_Sats.visualizer.canvasVisualizer.energyStorageVisualizer,visualizationSubjectModule,,,"""^.^.^"""
General-317-20260718-15:48:02-5193,param,Florasat_Individual_Sats.visualizer.canvasVisualizer.energyStorageVisualizer,tags,,,""""""
General-317-20260718-15:48:02-5193,param,Florasat_Individual_Sats.visualizer.canvasVisualizer.energyStorageVisualizer,networkNodeVisualizerModule,,,"""^.networkNodeVisualizer"""
General-317-20260718-15:48:02-5193,param,Florasat_Individual_Sats.visualizer.canvasVisualizer.energyStorageVisualizer,displayEnergyStorages,,,false
General-317-20260718-15:48:02-5193,param,Florasat_Individual_Sats.visualizer.canvasVisualizer.energyStorageVisualizer,energyStorageFilter,,,"""**"""
General-317-20260718-15:48:02-5193,param,Florasat_Individual_Sats.visualizer.canvasVisualizer.energyStorageVisualizer,color,,,"""green"""
General-317-20260718-15:48:02-5193,param,Florasat_Individual_Sats.visualizer.canvasVisualizer.energyStorageVisualizer,width,,,8
General-317-20260718-15:48:02-5193,param,Florasat_Individual_Sats.visualizer.canvasVisualizer.energyStorageVisualizer,height,,,24
General-317-20260718-15:48:02-5193,param,Florasat_Individual_Sats.visualizer.canvasVisualizer.energyStorageVisualizer,spacing,,,2
General-317-20260718-15:48:02-5193,param,Florasat_Individual_Sats.visualizer.canvasVisualizer.energyStorageVisualizer,placementHint,,,"""right"""
General-317-20260718-15:48:02-5193,param,Florasat_Individual_Sats.visualizer.canvasVisualizer.energyStorageVisualizer,placementPriority,,,0
General-317-20260718-15:48:02-5193,param,Florasat_Individual_Sats.visualizer.canvasVisualizer.energyStorageVisualizer,zIndex,,,10
General-317-20260718-15:48:02-5193,param,Florasat_Individual_Sats.visualizer.canvasVisualizer.obstacleLossVisualizer,typename,,,"""inet.visualizer.canvas.physicallayer.TracingObstacleLossCanvasVisualizer"""
General-317-20260718-15:48:02-5193,param,Florasat_Individual_Sats.visualizer.canvasVisualizer.obstacleLossVisualizer,visualizationTargetModule,,,"""^.^.^"""
General-317-20260718-15:48:02-5193,param,Florasat_Individual_Sats.visualizer.canvasVisualizer.obstacleLossVisualizer,visualizationSubjectModule,,,"""^.^.^"""
General-317-20260718-15:48:02-5193,param,Florasat_Individual_Sats.visualizer.canvasVisualizer.obstacleLossVisualizer,tags,,,""""""
General-317-20260718-15:48:02-5193,param,Florasat_Individual_Sats.visualizer.canvasVisualizer.obstacleLossVisualizer,displayIntersections,,,false
General-317-20260718-15:48:02-5193,param,Florasat_Individual_Sats.visualizer.canvasVisualizer.obstacleLossVisualizer,intersectionLineColor,,,"""red"""
General-317-20260718-15:48:02-5193,param,Florasat_Individual_Sats.visualizer.canvasVisualizer.obstacleLossVisualizer,intersectionLineStyle,,,"""solid"""
General-317-20260718-15:48:02-5193,param,Florasat_Individual_Sats.visualizer.canvasVisualizer.obstacleLossVisualizer,intersectionLineWidth,,,1
General-317-20260718-15:48:02-5193,param,Florasat_Individual_Sats.visualizer.canvasVisualizer.obstacleLossVisualizer,displayFaceNormalVectors,,,false
General-317-20260718-15:48:02-5193,param,Florasat_Individual_Sats.visualizer.canvasVisualizer.obstacleLossVisualizer,faceNormalLineColor,,,"""grey"""
General-317-20260718-15:48:02-5193,param,Florasat_Individual_Sats.visualizer.canvasVisualizer.obstacleLossVisualizer,faceNormalLineStyle,,,"""solid"""
General-317-20260718-15:48:02-5193,param,Florasat_Individual_Sats.visualizer.canvasVisualizer.obstacleLossVisualizer,faceNormalLineWidth,,,1
General-317-20260718-15:48:02-5193,param,Florasat_Individual_Sats.visualizer.canvasVisualizer.obstacleLossVisualizer,fadeOutMode,,,"""realTime"""
General-317-20260718-15:48:02-5193,attr,Florasat_Individual_Sats.visualizer.canvasVisualizer.obstacleLossVisualizer,fadeOutMode,enum,"realTime,animationTime,simulationTime",
General-317-20260718-15:48:02-5193,param,Florasat_Individual_Sats.visualizer.canvasVisualizer.obstacleLossVisualizer,fadeOutTime,,,1s
General-317-20260718-15:48:02-5193,attr,Florasat_Individual_Sats.visualizer.canvasVisualizer.obstacleLossVisualizer,fadeOutTime,unit,s,
General-317-20260718-15:48:02-5193,param,Florasat_Individual_Sats.visualizer.canvasVisualizer.obstacleLossVisualizer,fadeOutAnimationSpeed,,,0
General-317-20260718-15:48:02-5193,param,Florasat_Individual_Sats.visualizer.canvasVisualizer.obstacleLossVisualizer,zIndex,,,0
General-317-20260718-15:48:02-5193,param,Florasat_Individual_Sats.visualizer.canvasVisualizer.packetDropVisualizer,typename,,,"""inet.visualizer.canvas.common.PacketDropCanvasVisualizer"""
General-317-20260718-15:48:02-5193,param,Florasat_Individual_Sats.visualizer.canvasVisualizer.packetDropVisualizer,visualizationTargetModule,,,"""^.^.^"""
General-317-20260718-15:48:02-5193,param,Florasat_Individual_Sats.visualizer.canvasVisualizer.packetDropVisualizer,visualizationSubjectModule,,,"""^.^.^"""
General-317-20260718-15:48:02-5193,param,Florasat_Individual_Sats.visualizer.canvasVisualizer.packetDropVisualizer,tags,,,""""""
General-317-20260718-15:48:02-5193,param,Florasat_Individual_Sats.visualizer.canvasVisualizer.packetDropVisualizer,displayPacketDrops,,,false
General-317-20260718-15:48:02-5193,param,Florasat_Individual_Sats.visualizer.canvasVisualizer.packetDropVisualizer,nodeFilter,,,"""*"""
General-317-20260718-15:48:02-5193,attr,Florasat_Individual_Sats.visualizer.canvasVisualizer.packetDropVisualizer,nodeFilter,mutable,,
General-317-20260718-15:48:02-5193,param,Florasat_Individual_Sats.visualizer.canvasVisualizer.packetDropVisualizer,interfaceFilter,,,"""*"""
General-317-20260718-15:48:02-5193,attr,Florasat_Individual_Sats.visualizer.canvasVisualizer.packetDropVisualizer,interfaceFilter,mutable,,
General-317-20260718-15:48:02-5193,param,Florasat_Individual_Sats.visualizer.canvasVisualizer.packetDropVisualizer,packetFilter,,,"(omnetpp::cValueHolder)holder: ""*"""
General-317-20260718-15:48:02-5193,attr,Florasat_Individual_Sats.visualizer.canvasVisualizer.packetDropVisualizer,packetFilter,mutable,,
General-317-20260718-15:48:02-5193,param,Florasat_Individual_Sats.visualizer.canvasVisualizer.packetDropVisualizer,detailsFilter,,,"""*"""
General-317-20260718-15:48:02-5193,attr,Florasat_Individual_Sats.visualizer.canvasVisualizer.packetDropVisualizer,detailsFilter,mutable,,
General-317-20260718-15:48:02-5193,param,Florasat_Individual_Sats.visualizer.canvasVisualizer.packetDropVisualizer,icon,,,"""msg/packet_s"""
General-317-20260718-15:48:02-5193,param,Florasat_Individual_Sats.visualizer.canvasVisualizer.packetDropVisualizer,iconTintAmount,,,1
General-317-20260718-15:48:02-5193,param,Florasat_Individual_Sats.visualizer.canvasVisualizer.packetDropVisualizer,iconTintColor,,,"""dark"""
General-317-20260718-15:48:02-5193,param,Florasat_Individual_Sats.visualizer.canvasVisualizer.packetDropVisualizer,labelFormat,,,"""%n"""
General-317-20260718-15:48:02-5193,attr,Florasat_Individual_Sats.visualizer.canvasVisualizer.packetDropVisualizer,labelFormat,mutable,,
General-317-20260718-15:48:02-5193,param,Florasat_Individual_Sats.visualizer.canvasVisualizer.packetDropVisualizer,labelFont,,,"""<default>"""
General-317-20260718-15:48:02-5193,param,Florasat_Individual_Sats.visualizer.canvasVisualizer.packetDropVisualizer,labelColor,,,"""black"""
General-317-20260718-15:48:02-5193,param,Florasat_Individual_Sats.visualizer.canvasVisualizer.packetDropVisualizer,fadeOutMode,,,"""realTime"""
General-317-20260718-15:48:02-5193,attr,Florasat_Individual_Sats.visualizer.canvasVisualizer.packetDropVisualizer,fadeOutMode,enum,"realTime,animationTime,simulationTime",
General-317-20260718-15:48:02-5193,param,Florasat_Individual_Sats.visualizer.canvasVisualizer.packetDropVisualizer,fadeOutTime,,,1s
General-317-20260718-15:48:02-5193,attr,Florasat_Individual_Sats.visualizer.canvasVisualizer.packetDropVisualizer,fadeOutTime,unit,s,
General-317-20260718-15:48:02-5193,param,Florasat_Individual_Sats.visualizer.canvasVisualizer.packetDropVisualizer,fadeOutAnimationSpeed,,,0
General-317-20260718-15:48:02-5193,param,Florasat_Individual_Sats.visualizer.canvasVisualizer.packetDropVisualizer,zIndex,,,10
General-317-20260718-15:48:02-5193,param,Florasat_Individual_Sats.visualizer.canvasVisualizer.packetDropVisualizer,dx,,,32
General-317-20260718-15:48:02-5193,param,Florasat_Individual_Sats.visualizer.canvasVisualizer.packetDropVisualizer,dy,,,64
General-317-20260718-15:48:02-5193,param,Florasat_Individual_Sats.visualizer.canvasVisualizer.packetFlowVisualizer,typename,,,"""inet.visualizer.canvas.flow.PacketFlowCanvasVisualizer"""
General-317-20260718-15:48:02-5193,param,Florasat_Individual_Sats.visualizer.canvasVisualizer.packetFlowVisualizer,visualizationTargetModule,,,"""^.^.^"""
General-317-20260718-15:48:02-5193,param,Florasat_Individual_Sats.visualizer.canvasVisualizer.packetFlowVisualizer,visualizationSubjectModule,,,"""^.^.^"""
General-317-20260718-15:48:02-5193,param,Florasat_Individual_Sats.visualizer.canvasVisualizer.packetFlowVisualizer,tags,,,""""""
General-317-20260718-15:48:02-5193,param,Florasat_Individual_Sats.visualizer.canvasVisualizer.packetFlowVisualizer,displayRoutes,,,false
General-317-20260718-15:48:02-5193,param,Florasat_Individual_Sats.visualizer.canvasVisualizer.packetFlowVisualizer,startPathSignal,,,"""packetFlowStarted"""
General-317-20260718-15:48:02-5193,param,Florasat_Individual_Sats.visualizer.canvasVisualizer.packetFlowVisualizer,extendPathSignal,,,"""packetReceivedFromLower"""
General-317-20260718-15:48:02-5193,param,Florasat_Individual_Sats.visualizer.canvasVisualizer.packetFlowVisualizer,endPathSignal,,,"""packetFlowEnded"""
General-317-20260718-15:48:02-5193,param,Florasat_Individual_Sats.visualizer.canvasVisualizer.packetFlowVisualizer,nodeFilter,,,"""*"""
General-317-20260718-15:48:02-5193,attr,Florasat_Individual_Sats.visualizer.canvasVisualizer.packetFlowVisualizer,nodeFilter,mutable,,
General-317-20260718-15:48:02-5193,param,Florasat_Individual_Sats.visualizer.canvasVisualizer.packetFlowVisualizer,packetFilter,,,"(omnetpp::cValueHolder)holder: ""*"""
General-317-20260718-15:48:02-5193,attr,Florasat_Individual_Sats.visualizer.canvasVisualizer.packetFlowVisualizer,packetFilter,mutable,,
General-317-20260718-15:48:02-5193,param,Florasat_Individual_Sats.visualizer.canvasVisualizer.packetFlowVisualizer,lineColor,,,"""dark"""
General-317-20260718-15:48:02-5193,param,Florasat_Individual_Sats.visualizer.canvasVisualizer.packetFlowVisualizer,lineStyle,,,"""dashed"""
General-317-20260718-15:48:02-5193,param,Florasat_Individual_Sats.visualizer.canvasVisualizer.packetFlowVisualizer,lineWidth,,,3
General-317-20260718-15:48:02-5193,param,Florasat_Individual_Sats.visualizer.canvasVisualizer.packetFlowVisualizer,lineSmooth,,,false
General-317-20260718-15:48:02-5193,param,Florasat_Individual_Sats.visualizer.canvasVisualizer.packetFlowVisualizer,lineShift,,,16
General-317-20260718-15:48:02-5193,param,Florasat_Individual_Sats.visualizer.canvasVisualizer.packetFlowVisualizer,lineShiftMode,,,"""normal"""
General-317-20260718-15:48:02-5193,param,Florasat_Individual_Sats.visualizer.canvasVisualizer.packetFlowVisualizer,lineContactSpacing,,,3
General-317-20260718-15:48:02-5193,param,Florasat_Individual_Sats.visualizer.canvasVisualizer.packetFlowVisualizer,lineContactMode,,,"""rectangular"""
General-317-20260718-15:48:02-5193,attr,Florasat_Individual_Sats.visualizer.canvasVisualizer.packetFlowVisualizer,lineContactMode,enum,"circular,rectangular",
General-317-20260718-15:48:02-5193,param,Florasat_Individual_Sats.visualizer.canvasVisualizer.packetFlowVisualizer,labelFormat,,,"""%L %p pk (%l)"""
General-317-20260718-15:48:02-5193,param,Florasat_Individual_Sats.visualizer.canvasVisualizer.packetFlowVisualizer,labelFont,,,"""<default>, 8px"""
General-317-20260718-15:48:02-5193,param,Florasat_Individual_Sats.visualizer.canvasVisualizer.packetFlowVisualizer,labelColor,,,""""""
General-317-20260718-15:48:02-5193,param,Florasat_Individual_Sats.visualizer.canvasVisualizer.packetFlowVisualizer,fadeOutMode,,,"""realTime"""
General-317-20260718-15:48:02-5193,attr,Florasat_Individual_Sats.visualizer.canvasVisualizer.packetFlowVisualizer,fadeOutMode,enum,"realTime,animationTime,simulationTime",
General-317-20260718-15:48:02-5193,param,Florasat_Individual_Sats.visualizer.canvasVisualizer.packetFlowVisualizer,fadeOutTime,,,0s
General-317-20260718-15:48:02-5193,attr,Florasat_Individual_Sats.visualizer.canvasVisualizer.packetFlowVisualizer,fadeOutTime,unit,s,
General-317-20260718-15:48:02-5193,param,Florasat_Individual_Sats.visualizer.canvasVisualizer.packetFlowVisualizer,fadeOutAnimationSpeed,,,0
General-317-20260718-15:48:02-5193,param,Florasat_Individual_Sats.visualizer.canvasVisualizer.packetFlowVisualizer,zIndex,,,4
General-317-20260718-15:48:02-5193,param,Florasat_Individual_Sats.visualizer.canvasVisualizer.queueVisualizer,typename,,,"""inet.visualizer.canvas.common.QueueCanvasVisualizer"""
General-317-20260718-15:48:02-5193,param,Florasat_Individual_Sats.visualizer.canvasVisualizer.queueVisualizer,visualizationTargetModule,,,"""^.^.^"""
General-317-20260718-15:48:02-5193,param,Florasat_Individual_Sats.visualizer.canvasVisualizer.queueVisualizer,visualizationSubjectModule,,,"""^.^.^"""
General-317-20260718-15:48:02-5193,param,Florasat_Individual_Sats.visualizer.canvasVisualizer.queueVisualizer,tags,,,""""""
General-317-20260718-15:48:02-5193,param,Florasat_Individual_Sats.visualizer.canvasVisualizer.queueVisualizer,networkNodeVisualizerModule,,,"""^.networkNodeVisualizer"""
General-317-20260718-15:48:02-5193,param,Florasat_Individual_Sats.visualizer.canvasVisualizer.queueVisualizer,displayQueues,,,false
General-317-20260718-15:48:02-5193,param,Florasat_Individual_Sats.visualizer.canvasVisualizer.queueVisualizer,queueFilter,,,"""**"""
General-317-20260718-15:48:02-5193,param,Florasat_Individual_Sats.visualizer.canvasVisualizer.queueVisualizer,color,,,"""blue"""
General-317-20260718-15:48:02-5193,param,Florasat_Individual_Sats.visualizer.canvasVisualizer.queueVisualizer,width,,,8
General-317-20260718-15:48:02-5193,param,Florasat_Individual_Sats.visualizer.canvasVisualizer.queueVisualizer,height,,,24
General-317-20260718-15:48:02-5193,param,Florasat_Individual_Sats.visualizer.canvasVisualizer.queueVisualizer,spacing,,,2
General-317-20260718-15:48:02-5193,param,Florasat_Individual_Sats.visualizer.canvasVisualizer.queueVisualizer,placementHint,,,"""right"""
General-317-20260718-15:48:02-5193,param,Florasat_Individual_Sats.visualizer.canvasVisualizer.queueVisualizer,placementPriority,,,0
General-317-20260718-15:48:02-5193,param,Florasat_Individual_Sats.visualizer.canvasVisualizer.queueVisualizer,zIndex,,,10
General-317-20260718-15:48:02-5193,param,Florasat_Individual_Sats.visualizer.canvasVisualizer.gateScheduleVisualizer,typename,,,"""inet.visualizer.canvas.common.GateScheduleCanvasVisualizer"""
General-317-20260718-15:48:02-5193,param,Florasat_Individual_Sats.visualizer.canvasVisualizer.gateScheduleVisualizer,visualizationTargetModule,,,"""^.^.^"""
General-317-20260718-15:48:02-5193,param,Florasat_Individual_Sats.visualizer.canvasVisualizer.gateScheduleVisualizer,visualizationSubjectModule,,,"""^.^.^"""
General-317-20260718-15:48:02-5193,param,Florasat_Individual_Sats.visualizer.canvasVisualizer.gateScheduleVisualizer,tags,,,""""""
General-317-20260718-15:48:02-5193,param,Florasat_Individual_Sats.visualizer.canvasVisualizer.gateScheduleVisualizer,networkNodeVisualizerModule,,,"""^.networkNodeVisualizer"""
General-317-20260718-15:48:02-5193,param,Florasat_Individual_Sats.visualizer.canvasVisualizer.gateScheduleVisualizer,displayGateSchedules,,,false
General-317-20260718-15:48:02-5193,param,Florasat_Individual_Sats.visualizer.canvasVisualizer.gateScheduleVisualizer,labelFormat,,,"""%i %D"""
General-317-20260718-15:48:02-5193,param,Florasat_Individual_Sats.visualizer.canvasVisualizer.gateScheduleVisualizer,gateFilter,,,"""**"""
General-317-20260718-15:48:02-5193,param,Florasat_Individual_Sats.visualizer.canvasVisualizer.gateScheduleVisualizer,width,,,100
General-317-20260718-15:48:02-5193,param,Florasat_Individual_Sats.visualizer.canvasVisualizer.gateScheduleVisualizer,height,,,8
General-317-20260718-15:48:02-5193,param,Florasat_Individual_Sats.visualizer.canvasVisualizer.gateScheduleVisualizer,spacing,,,2
General-317-20260718-15:48:02-5193,param,Florasat_Individual_Sats.visualizer.canvasVisualizer.gateScheduleVisualizer,placementHint,,,"""right"""
General-317-20260718-15:48:02-5193,param,Florasat_Individual_Sats.visualizer.canvasVisualizer.gateScheduleVisualizer,placementPriority,,,0
General-317-20260718-15:48:02-5193,param,Florasat_Individual_Sats.visualizer.canvasVisualizer.gateScheduleVisualizer,displayDuration,,,0s
General-317-20260718-15:48:02-5193,attr,Florasat_Individual_Sats.visualizer.canvasVisualizer.gateScheduleVisualizer,displayDuration,mutable,,
General-317-20260718-15:48:02-5193,attr,Florasat_Individual_Sats.visualizer.canvasVisualizer.gateScheduleVisualizer,displayDuration,unit,s,
General-317-20260718-15:48:02-5193,param,Florasat_Individual_Sats.visualizer.canvasVisualizer.gateScheduleVisualizer,currentTimePosition,,,50
General-317-20260718-15:48:02-5193,param,Florasat_Individual_Sats.visualizer.canvasVisualizer.gateScheduleVisualizer,zIndex,,,10
General-317-20260718-15:48:02-5193,param,Florasat_Individual_Sats.visualizer.canvasVisualizer.radioVisualizer,typename,,,"""inet.visualizer.canvas.physicallayer.RadioCanvasVisualizer"""
General-317-20260718-15:48:02-5193,param,Florasat_Individual_Sats.visualizer.canvasVisualizer.radioVisualizer,visualizationTargetModule,,,"""^.^.^"""
General-317-20260718-15:48:02-5193,param,Florasat_Individual_Sats.visualizer.canvasVisualizer.radioVisualizer,visualizationSubjectModule,,,"""^.^.^"""
General-317-20260718-15:48:02-5193,param,Florasat_Individual_Sats.visualizer.canvasVisualizer.radioVisualizer,tags,,,""""""
General-317-20260718-15:48:02-5193,param,Florasat_Individual_Sats.visualizer.canvasVisualizer.radioVisualizer,networkNodeVisualizerModule,,,"""^.networkNodeVisualizer"""
General-317-20260718-15:48:02-5193,param,Florasat_Individual_Sats.visualizer.canvasVisualizer.radioVisualizer,displayRadios,,,false
General-317-20260718-15:48:02-5193,param,Florasat_Individual_Sats.visualizer.canvasVisualizer.radioVisualizer,displayRadioMode,,,true
General-317-20260718-15:48:02-5193,param,Florasat_Individual_Sats.visualizer.canvasVisualizer.radioVisualizer,displayReceptionState,,,true
General-317-20260718-15:48:02-5193,param,Florasat_Individual_Sats.visualizer.canvasVisualizer.radioVisualizer,displayTransmissionState,,,true
General-317-20260718-15:48:02-5193,param,Florasat_Individual_Sats.visualizer.canvasVisualizer.radioVisualizer,displayAntennaLobes,,,true
General-317-20260718-15:48:02-5193,param,Florasat_Individual_Sats.visualizer.canvasVisualizer.radioVisualizer,radioFilter,,,"""**"""
General-317-20260718-15:48:02-5193,attr,Florasat_Individual_Sats.visualizer.canvasVisualizer.radioVisualizer,radioFilter,mutable,,
General-317-20260718-15:48:02-5193,param,Florasat_Individual_Sats.visualizer.canvasVisualizer.radioVisualizer,radioModeImages,,,"""block/process_vs block/timer_vs block/wrx_vs block/wtx_vs block/wrxtx_vs block/cogwheel_vs"""
General-317-20260718-15:48:02-5193,param,Florasat_Individual_Sats.visualizer.canvasVisualizer.radioVisualizer,receptionStateImages,,,"""- - misc/receiving misc/receiving"""
General-317-20260718-15:48:02-5193,param,Florasat_Individual_Sats.visualizer.canvasVisualizer.radioVisualizer,transmissionStateImages,,,"""- - misc/transmitting"""
General-317-20260718-15:48:02-5193,param,Florasat_Individual_Sats.visualizer.canvasVisualizer.radioVisualizer,width,,,16
General-317-20260718-15:48:02-5193,param,Florasat_Individual_Sats.visualizer.canvasVisualizer.radioVisualizer,height,,,16
General-317-20260718-15:48:02-5193,param,Florasat_Individual_Sats.visualizer.canvasVisualizer.radioVisualizer,placementHint,,,"""bottomRight"""
General-317-20260718-15:48:02-5193,param,Florasat_Individual_Sats.visualizer.canvasVisualizer.radioVisualizer,placementPriority,,,0
General-317-20260718-15:48:02-5193,param,Florasat_Individual_Sats.visualizer.canvasVisualizer.radioVisualizer,antennaLobeNormalize,,,false
General-317-20260718-15:48:02-5193,param,Florasat_Individual_Sats.visualizer.canvasVisualizer.radioVisualizer,antennaLobeRelativeLabels,,,false
General-317-20260718-15:48:02-5193,param,Florasat_Individual_Sats.visualizer.canvasVisualizer.radioVisualizer,antennaLobePlaneGlobal,,,true
General-317-20260718-15:48:02-5193,param,Florasat_Individual_Sats.visualizer.canvasVisualizer.radioVisualizer,antennaLobePlane,,,"""view"""
General-317-20260718-15:48:02-5193,attr,Florasat_Individual_Sats.visualizer.canvasVisualizer.radioVisualizer,antennaLobePlane,enum,"view,xy,xz,yz",
General-317-20260718-15:48:02-5193,param,Florasat_Individual_Sats.visualizer.canvasVisualizer.radioVisualizer,antennaLobeMode,,,"""logarithmic"""
General-317-20260718-15:48:02-5193,attr,Florasat_Individual_Sats.visualizer.canvasVisualizer.radioVisualizer,antennaLobeMode,enum,"logarithmic,linear",
General-317-20260718-15:48:02-5193,param,Florasat_Individual_Sats.visualizer.canvasVisualizer.radioVisualizer,antennaLobeLogarithmicBase,,,10
General-317-20260718-15:48:02-5193,param,Florasat_Individual_Sats.visualizer.canvasVisualizer.radioVisualizer,antennaLobeLogarithmicScale,,,100
General-317-20260718-15:48:02-5193,param,Florasat_Individual_Sats.visualizer.canvasVisualizer.radioVisualizer,antennaLobeRadius,,,100
General-317-20260718-15:48:02-5193,param,Florasat_Individual_Sats.visualizer.canvasVisualizer.radioVisualizer,antennaLobeStep,,,10deg
General-317-20260718-15:48:02-5193,attr,Florasat_Individual_Sats.visualizer.canvasVisualizer.radioVisualizer,antennaLobeStep,unit,deg,
General-317-20260718-15:48:02-5193,param,Florasat_Individual_Sats.visualizer.canvasVisualizer.radioVisualizer,antennaLobeOpacity,,,0.25
General-317-20260718-15:48:02-5193,param,Florasat_Individual_Sats.visualizer.canvasVisualizer.radioVisualizer,antennaLobeLineSmooth,,,true
General-317-20260718-15:48:02-5193,param,Florasat_Individual_Sats.visualizer.canvasVisualizer.radioVisualizer,antennaLobeLineColor,,,"""black"""
General-317-20260718-15:48:02-5193,param,Florasat_Individual_Sats.visualizer.canvasVisualizer.radioVisualizer,antennaLobeLineStyle,,,"""solid"""
General-317-20260718-15:48:02-5193,param,Florasat_Individual_Sats.visualizer.canvasVisualizer.radioVisualizer,antennaLobeLineWidth,,,1
General-317-20260718-15:48:02-5193,param,Florasat_Individual_Sats.visualizer.canvasVisualizer.radioVisualizer,antennaLobeFillColor,,,"""white"""
General-317-20260718-15:48:02-5193,param,Florasat_Individual_Sats.visualizer.canvasVisualizer.radioVisualizer,zIndex,,,10
General-317-20260718-15:48:02-5193,param,Florasat_Individual_Sats.visualizer.canvasVisualizer.physicalLinkVisualizer,typename,,,"""inet.visualizer.canvas.physicallayer.PhysicalLinkCanvasVisualizer"""
General-317-20260718-15:48:02-5193,param,Florasat_Individual_Sats.visualizer.canvasVisualizer.physicalLinkVisualizer,visualizationTargetModule,,,"""^.^.^"""
General-317-20260718-15:48:02-5193,param,Florasat_Individual_Sats.visualizer.canvasVisualizer.physicalLinkVisualizer,visualizationSubjectModule,,,"""^.^.^"""
General-317-20260718-15:48:02-5193,param,Florasat_Individual_Sats.visualizer.canvasVisualizer.physicalLinkVisualizer,tags,,,""""""
General-317-20260718-15:48:02-5193,param,Florasat_Individual_Sats.visualizer.canvasVisualizer.physicalLinkVisualizer,displayLinks,,,false
General-317-20260718-15:48:02-5193,param,Florasat_Individual_Sats.visualizer.canvasVisualizer.physicalLinkVisualizer,activityLevel,,,"""service"""
General-317-20260718-15:48:02-5193,attr,Florasat_Individual_Sats.visualizer.canvasVisualizer.physicalLinkVisualizer,activityLevel,enum,"service,peer,protocol",
General-317-20260718-15:48:02-5193,param,Florasat_Individual_Sats.visualizer.canvasVisualizer.physicalLinkVisualizer,nodeFilter,,,"""*"""
General-317-20260718-15:48:02-5193,attr,Florasat_Individual_Sats.visualizer.canvasVisualizer.physicalLinkVisualizer,nodeFilter,mutable,,
General-317-20260718-15:48:02-5193,param,Florasat_Individual_Sats.visualizer.canvasVisualizer.physicalLinkVisualizer,interfaceFilter,,,"""*"""
General-317-20260718-15:48:02-5193,attr,Florasat_Individual_Sats.visualizer.canvasVisualizer.physicalLinkVisualizer,interfaceFilter,mutable,,
General-317-20260718-15:48:02-5193,param,Florasat_Individual_Sats.visualizer.canvasVisualizer.physicalLinkVisualizer,packetFilter,,,"(omnetpp::cValueHolder)holder: ""*"""
General-317-20260718-15:48:02-5193,attr,Florasat_Individual_Sats.visualizer.canvasVisualizer.physicalLinkVisualizer,packetFilter,mutable,,
General-317-20260718-15:48:02-5193,param,Florasat_Individual_Sats.visualizer.canvasVisualizer.physicalLinkVisualizer,lineColor,,,"""olive"""
General-317-20260718-15:48:02-5193,param,Florasat_Individual_Sats.visualizer.canvasVisualizer.physicalLinkVisualizer,lineStyle,,,"""dotted"""
General-317-20260718-15:48:02-5193,param,Florasat_Individual_Sats.visualizer.canvasVisualizer.physicalLinkVisualizer,lineWidth,,,3
General-317-20260718-15:48:02-5193,param,Florasat_Individual_Sats.visualizer.canvasVisualizer.physicalLinkVisualizer,lineShift,,,16
General-317-20260718-15:48:02-5193,param,Florasat_Individual_Sats.visualizer.canvasVisualizer.physicalLinkVisualizer,lineShiftMode,,,"""normal"""
General-317-20260718-15:48:02-5193,param,Florasat_Individual_Sats.visualizer.canvasVisualizer.physicalLinkVisualizer,lineContactSpacing,,,3
General-317-20260718-15:48:02-5193,param,Florasat_Individual_Sats.visualizer.canvasVisualizer.physicalLinkVisualizer,lineContactMode,,,"""rectangular"""
General-317-20260718-15:48:02-5193,attr,Florasat_Individual_Sats.visualizer.canvasVisualizer.physicalLinkVisualizer,lineContactMode,enum,"circular,rectangular",
General-317-20260718-15:48:02-5193,param,Florasat_Individual_Sats.visualizer.canvasVisualizer.physicalLinkVisualizer,labelFormat,,,"""%n"""
General-317-20260718-15:48:02-5193,param,Florasat_Individual_Sats.visualizer.canvasVisualizer.physicalLinkVisualizer,labelFont,,,"""<default>, 8px"""
General-317-20260718-15:48:02-5193,param,Florasat_Individual_Sats.visualizer.canvasVisualizer.physicalLinkVisualizer,labelColor,,,"""olive"""
General-317-20260718-15:48:02-5193,param,Florasat_Individual_Sats.visualizer.canvasVisualizer.physicalLinkVisualizer,fadeOutMode,,,"""realTime"""
General-317-20260718-15:48:02-5193,attr,Florasat_Individual_Sats.visualizer.canvasVisualizer.physicalLinkVisualizer,fadeOutMode,enum,"realTime,animationTime,simulationTime",
General-317-20260718-15:48:02-5193,param,Florasat_Individual_Sats.visualizer.canvasVisualizer.physicalLinkVisualizer,fadeOutTime,,,1s
General-317-20260718-15:48:02-5193,attr,Florasat_Individual_Sats.visualizer.canvasVisualizer.physicalLinkVisualizer,fadeOutTime,unit,s,
General-317-20260718-15:48:02-5193,param,Florasat_Individual_Sats.visualizer.canvasVisualizer.physicalLinkVisualizer,fadeOutAnimationSpeed,,,0
General-317-20260718-15:48:02-5193,param,Florasat_Individual_Sats.visualizer.canvasVisualizer.physicalLinkVisualizer,holdAnimationTime,,,0s
General-317-20260718-15:48:02-5193,attr,Florasat_Individual_Sats.visualizer.canvasVisualizer.physicalLinkVisualizer,holdAnimationTime,unit,s,
General-317-20260718-15:48:02-5193,param,Florasat_Individual_Sats.visualizer.canvasVisualizer.physicalLinkVisualizer,zIndex,,,1
General-317-20260718-15:48:02-5193,param,Florasat_Individual_Sats.visualizer.canvasVisualizer.interfaceTableVisualizer,typename,,,"""inet.visualizer.canvas.linklayer.InterfaceTableCanvasVisualizer"""
General-317-20260718-15:48:02-5193,param,Florasat_Individual_Sats.visualizer.canvasVisualizer.interfaceTableVisualizer,visualizationTargetModule,,,"""^.^.^"""
General-317-20260718-15:48:02-5193,param,Florasat_Individual_Sats.visualizer.canvasVisualizer.interfaceTableVisualizer,visualizationSubjectModule,,,"""^.^.^"""
General-317-20260718-15:48:02-5193,param,Florasat_Individual_Sats.visualizer.canvasVisualizer.interfaceTableVisualizer,tags,,,""""""
General-317-20260718-15:48:02-5193,param,Florasat_Individual_Sats.visualizer.canvasVisualizer.interfaceTableVisualizer,networkNodeVisualizerModule,,,"""^.networkNodeVisualizer"""
General-317-20260718-15:48:02-5193,param,Florasat_Individual_Sats.visualizer.canvasVisualizer.interfaceTableVisualizer,displayInterfaceTables,,,false
General-317-20260718-15:48:02-5193,param,Florasat_Individual_Sats.visualizer.canvasVisualizer.interfaceTableVisualizer,displayWiredInterfacesAtConnections,,,true
General-317-20260718-15:48:02-5193,param,Florasat_Individual_Sats.visualizer.canvasVisualizer.interfaceTableVisualizer,displayBackground,,,false
General-317-20260718-15:48:02-5193,param,Florasat_Individual_Sats.visualizer.canvasVisualizer.interfaceTableVisualizer,nodeFilter,,,"""*"""
General-317-20260718-15:48:02-5193,attr,Florasat_Individual_Sats.visualizer.canvasVisualizer.interfaceTableVisualizer,nodeFilter,mutable,,
General-317-20260718-15:48:02-5193,param,Florasat_Individual_Sats.visualizer.canvasVisualizer.interfaceTableVisualizer,interfaceFilter,,,"""not(lo*)"""
General-317-20260718-15:48:02-5193,attr,Florasat_Individual_Sats.visualizer.canvasVisualizer.interfaceTableVisualizer,interfaceFilter,mutable,,
General-317-20260718-15:48:02-5193,param,Florasat_Individual_Sats.visualizer.canvasVisualizer.interfaceTableVisualizer,format,,,"""%N %\\%a%/%l"""
General-317-20260718-15:48:02-5193,attr,Florasat_Individual_Sats.visualizer.canvasVisualizer.interfaceTableVisualizer,format,mutable,,
General-317-20260718-15:48:02-5193,param,Florasat_Individual_Sats.visualizer.canvasVisualizer.interfaceTableVisualizer,placementHint,,,"""top"""
General-317-20260718-15:48:02-5193,param,Florasat_Individual_Sats.visualizer.canvasVisualizer.interfaceTableVisualizer,placementPriority,,,0
General-317-20260718-15:48:02-5193,param,Florasat_Individual_Sats.visualizer.canvasVisualizer.interfaceTableVisualizer,font,,,"""<default>"""
General-317-20260718-15:48:02-5193,param,Florasat_Individual_Sats.visualizer.canvasVisualizer.interfaceTableVisualizer,textColor,,,"""#005030"""
General-317-20260718-15:48:02-5193,param,Florasat_Individual_Sats.visualizer.canvasVisualizer.interfaceTableVisualizer,backgroundColor,,,"""white"""
General-317-20260718-15:48:02-5193,param,Florasat_Individual_Sats.visualizer.canvasVisualizer.interfaceTableVisualizer,opacity,,,1
General-317-20260718-15:48:02-5193,param,Florasat_Individual_Sats.visualizer.canvasVisualizer.interfaceTableVisualizer,zIndex,,,10
General-317-20260718-15:48:02-5193,param,Florasat_Individual_Sats.visualizer.canvasVisualizer.dataLinkVisualizer,typename,,,"""inet.visualizer.canvas.linklayer.DataLinkCanvasVisualizer"""
General-317-20260718-15:48:02-5193,param,Florasat_Individual_Sats.visualizer.canvasVisualizer.dataLinkVisualizer,visualizationTargetModule,,,"""^.^.^"""
General-317-20260718-15:48:02-5193,param,Florasat_Individual_Sats.visualizer.canvasVisualizer.dataLinkVisualizer,visualizationSubjectModule,,,"""^.^.^"""
General-317-20260718-15:48:02-5193,param,Florasat_Individual_Sats.visualizer.canvasVisualizer.dataLinkVisualizer,tags,,,""""""
General-317-20260718-15:48:02-5193,param,Florasat_Individual_Sats.visualizer.canvasVisualizer.dataLinkVisualizer,displayLinks,,,true
General-317-20260718-15:48:02-5193,param,Florasat_Individual_Sats.visualizer.canvasVisualizer.dataLinkVisualizer,activityLevel,,,"""service"""
General-317-20260718-15:48:02-5193,attr,Florasat_Individual_Sats.visualizer.canvasVisualizer.dataLinkVisualizer,activityLevel,enum,"service,peer,protocol",
General-317-20260718-15:48:02-5193,param,Florasat_Individual_Sats.visualizer.canvasVisualizer.dataLinkVisualizer,nodeFilter,,,"""*"""
General-317-20260718-15:48:02-5193,attr,Florasat_Individual_Sats.visualizer.canvasVisualizer.dataLinkVisualizer,nodeFilter,mutable,,
General-317-20260718-15:48:02-5193,param,Florasat_Individual_Sats.visualizer.canvasVisualizer.dataLinkVisualizer,interfaceFilter,,,"""*"""
General-317-20260718-15:48:02-5193,attr,Florasat_Individual_Sats.visualizer.canvasVisualizer.dataLinkVisualizer,interfaceFilter,mutable,,
General-317-20260718-15:48:02-5193,param,Florasat_Individual_Sats.visualizer.canvasVisualizer.dataLinkVisualizer,packetFilter,,,"(omnetpp::cValueHolder)holder: ""*"""
General-317-20260718-15:48:02-5193,attr,Florasat_Individual_Sats.visualizer.canvasVisualizer.dataLinkVisualizer,packetFilter,mutable,,
General-317-20260718-15:48:02-5193,param,Florasat_Individual_Sats.visualizer.canvasVisualizer.dataLinkVisualizer,lineColor,,,"""darkcyan"""
General-317-20260718-15:48:02-5193,param,Florasat_Individual_Sats.visualizer.canvasVisualizer.dataLinkVisualizer,lineStyle,,,"""solid"""
General-317-20260718-15:48:02-5193,param,Florasat_Individual_Sats.visualizer.canvasVisualizer.dataLinkVisualizer,lineWidth,,,3
General-317-20260718-15:48:02-5193,param,Florasat_Individual_Sats.visualizer.canvasVisualizer.dataLinkVisualizer,lineShift,,,16
General-317-20260718-15:48:02-5193,param,Florasat_Individual_Sats.visualizer.canvasVisualizer.dataLinkVisualizer,lineShiftMode,,,"""normal"""
General-317-20260718-15:48:02-5193,param,Florasat_Individual_Sats.visualizer.canvasVisualizer.dataLinkVisualizer,lineContactSpacing,,,3
General-317-20260718-15:48:02-5193,param,Florasat_Individual_Sats.visualizer.canvasVisualizer.dataLinkVisualizer,lineContactMode,,,"""rectangular"""
General-317-20260718-15:48:02-5193,attr,Florasat_Individual_Sats.visualizer.canvasVisualizer.dataLinkVisualizer,lineContactMode,enum,"circular,rectangular",
General-317-20260718-15:48:02-5193,param,Florasat_Individual_Sats.visualizer.canvasVisualizer.dataLinkVisualizer,labelFormat,,,"""%n"""
General-317-20260718-15:48:02-5193,param,Florasat_Individual_Sats.visualizer.canvasVisualizer.dataLinkVisualizer,labelFont,,,"""<default>, 8px"""
General-317-20260718-15:48:02-5193,param,Florasat_Individual_Sats.visualizer.canvasVisualizer.dataLinkVisualizer,labelColor,,,"""darkcyan"""
General-317-20260718-15:48:02-5193,param,Florasat_Individual_Sats.visualizer.canvasVisualizer.dataLinkVisualizer,fadeOutMode,,,"""realTime"""
General-317-20260718-15:48:02-5193,attr,Florasat_Individual_Sats.visualizer.canvasVisualizer.dataLinkVisualizer,fadeOutMode,enum,"realTime,animationTime,simulationTime",
General-317-20260718-15:48:02-5193,param,Florasat_Individual_Sats.visualizer.canvasVisualizer.dataLinkVisualizer,fadeOutTime,,,1s
General-317-20260718-15:48:02-5193,attr,Florasat_Individual_Sats.visualizer.canvasVisualizer.dataLinkVisualizer,fadeOutTime,unit,s,
General-317-20260718-15:48:02-5193,param,Florasat_Individual_Sats.visualizer.canvasVisualizer.dataLinkVisualizer,fadeOutAnimationSpeed,,,0
General-317-20260718-15:48:02-5193,param,Florasat_Individual_Sats.visualizer.canvasVisualizer.dataLinkVisualizer,holdAnimationTime,,,0s
General-317-20260718-15:48:02-5193,attr,Florasat_Individual_Sats.visualizer.canvasVisualizer.dataLinkVisualizer,holdAnimationTime,unit,s,
General-317-20260718-15:48:02-5193,param,Florasat_Individual_Sats.visualizer.canvasVisualizer.dataLinkVisualizer,zIndex,,,2
General-317-20260718-15:48:02-5193,param,Florasat_Individual_Sats.visualizer.canvasVisualizer.linkBreakVisualizer,typename,,,"""inet.visualizer.canvas.linklayer.LinkBreakCanvasVisualizer"""
General-317-20260718-15:48:02-5193,param,Florasat_Individual_Sats.visualizer.canvasVisualizer.linkBreakVisualizer,visualizationTargetModule,,,"""^.^.^"""
General-317-20260718-15:48:02-5193,param,Florasat_Individual_Sats.visualizer.canvasVisualizer.linkBreakVisualizer,visualizationSubjectModule,,,"""^.^.^"""
General-317-20260718-15:48:02-5193,param,Florasat_Individual_Sats.visualizer.canvasVisualizer.linkBreakVisualizer,tags,,,""""""
General-317-20260718-15:48:02-5193,param,Florasat_Individual_Sats.visualizer.canvasVisualizer.linkBreakVisualizer,displayLinkBreaks,,,false
General-317-20260718-15:48:02-5193,param,Florasat_Individual_Sats.visualizer.canvasVisualizer.linkBreakVisualizer,nodeFilter,,,"""*"""
General-317-20260718-15:48:02-5193,attr,Florasat_Individual_Sats.visualizer.canvasVisualizer.linkBreakVisualizer,nodeFilter,mutable,,
General-317-20260718-15:48:02-5193,param,Florasat_Individual_Sats.visualizer.canvasVisualizer.linkBreakVisualizer,interfaceFilter,,,"""*"""
General-317-20260718-15:48:02-5193,attr,Florasat_Individual_Sats.visualizer.canvasVisualizer.linkBreakVisualizer,interfaceFilter,mutable,,
General-317-20260718-15:48:02-5193,param,Florasat_Individual_Sats.visualizer.canvasVisualizer.linkBreakVisualizer,packetFilter,,,"(omnetpp::cValueHolder)holder: ""*"""
General-317-20260718-15:48:02-5193,attr,Florasat_Individual_Sats.visualizer.canvasVisualizer.linkBreakVisualizer,packetFilter,mutable,,
General-317-20260718-15:48:02-5193,param,Florasat_Individual_Sats.visualizer.canvasVisualizer.linkBreakVisualizer,icon,,,"""status/stop"""
General-317-20260718-15:48:02-5193,param,Florasat_Individual_Sats.visualizer.canvasVisualizer.linkBreakVisualizer,iconTintAmount,,,0
General-317-20260718-15:48:02-5193,param,Florasat_Individual_Sats.visualizer.canvasVisualizer.linkBreakVisualizer,iconTintColor,,,""""""
General-317-20260718-15:48:02-5193,param,Florasat_Individual_Sats.visualizer.canvasVisualizer.linkBreakVisualizer,fadeOutMode,,,"""realTime"""
General-317-20260718-15:48:02-5193,attr,Florasat_Individual_Sats.visualizer.canvasVisualizer.linkBreakVisualizer,fadeOutMode,enum,"realTime,animationTime,simulationTime",
General-317-20260718-15:48:02-5193,param,Florasat_Individual_Sats.visualizer.canvasVisualizer.linkBreakVisualizer,fadeOutTime,,,1s
General-317-20260718-15:48:02-5193,attr,Florasat_Individual_Sats.visualizer.canvasVisualizer.linkBreakVisualizer,fadeOutTime,unit,s,
General-317-20260718-15:48:02-5193,param,Florasat_Individual_Sats.visualizer.canvasVisualizer.linkBreakVisualizer,fadeOutAnimationSpeed,,,0
General-317-20260718-15:48:02-5193,param,Florasat_Individual_Sats.visualizer.canvasVisualizer.linkBreakVisualizer,zIndex,,,2
General-317-20260718-15:48:02-5193,param,Florasat_Individual_Sats.visualizer.canvasVisualizer.ieee80211Visualizer,typename,,,"""inet.visualizer.canvas.linklayer.Ieee80211CanvasVisualizer"""
General-317-20260718-15:48:02-5193,param,Florasat_Individual_Sats.visualizer.canvasVisualizer.ieee80211Visualizer,visualizationTargetModule,,,"""^.^.^"""
General-317-20260718-15:48:02-5193,param,Florasat_Individual_Sats.visualizer.canvasVisualizer.ieee80211Visualizer,visualizationSubjectModule,,,"""^.^.^"""
General-317-20260718-15:48:02-5193,param,Florasat_Individual_Sats.visualizer.canvasVisualizer.ieee80211Visualizer,tags,,,""""""
General-317-20260718-15:48:02-5193,param,Florasat_Individual_Sats.visualizer.canvasVisualizer.ieee80211Visualizer,networkNodeVisualizerModule,,,"""^.networkNodeVisualizer"""
General-317-20260718-15:48:02-5193,param,Florasat_Individual_Sats.visualizer.canvasVisualizer.ieee80211Visualizer,displayAssociations,,,false
General-317-20260718-15:48:02-5193,param,Florasat_Individual_Sats.visualizer.canvasVisualizer.ieee80211Visualizer,nodeFilter,,,"""*"""
General-317-20260718-15:48:02-5193,attr,Florasat_Individual_Sats.visualizer.canvasVisualizer.ieee80211Visualizer,nodeFilter,mutable,,
General-317-20260718-15:48:02-5193,param,Florasat_Individual_Sats.visualizer.canvasVisualizer.ieee80211Visualizer,interfaceFilter,,,"""*"""
General-317-20260718-15:48:02-5193,attr,Florasat_Individual_Sats.visualizer.canvasVisualizer.ieee80211Visualizer,interfaceFilter,mutable,,
General-317-20260718-15:48:02-5193,param,Florasat_Individual_Sats.visualizer.canvasVisualizer.ieee80211Visualizer,minPower,,,-85dBm
General-317-20260718-15:48:02-5193,attr,Florasat_Individual_Sats.visualizer.canvasVisualizer.ieee80211Visualizer,minPower,unit,dBm,
General-317-20260718-15:48:02-5193,param,Florasat_Individual_Sats.visualizer.canvasVisualizer.ieee80211Visualizer,maxPower,,,-50dBm
General-317-20260718-15:48:02-5193,attr,Florasat_Individual_Sats.visualizer.canvasVisualizer.ieee80211Visualizer,maxPower,unit,dBm,
General-317-20260718-15:48:02-5193,param,Florasat_Individual_Sats.visualizer.canvasVisualizer.ieee80211Visualizer,icons,,,"""misc/signal_power_0 misc/signal_power_1 misc/signal_power_2 misc/signal_power_3"""
General-317-20260718-15:48:02-5193,param,Florasat_Individual_Sats.visualizer.canvasVisualizer.ieee80211Visualizer,iconColor,,,"""dark"""
General-317-20260718-15:48:02-5193,param,Florasat_Individual_Sats.visualizer.canvasVisualizer.ieee80211Visualizer,labelFont,,,"""<default>"""
General-317-20260718-15:48:02-5193,param,Florasat_Individual_Sats.visualizer.canvasVisualizer.ieee80211Visualizer,labelColor,,,"""black"""
General-317-20260718-15:48:02-5193,param,Florasat_Individual_Sats.visualizer.canvasVisualizer.ieee80211Visualizer,placementHint,,,"""top"""
General-317-20260718-15:48:02-5193,param,Florasat_Individual_Sats.visualizer.canvasVisualizer.ieee80211Visualizer,placementPriority,,,0
General-317-20260718-15:48:02-5193,param,Florasat_Individual_Sats.visualizer.canvasVisualizer.ieee80211Visualizer,zIndex,,,2
General-317-20260718-15:48:02-5193,param,Florasat_Individual_Sats.visualizer.canvasVisualizer.networkRouteVisualizer,typename,,,"""inet.visualizer.canvas.networklayer.NetworkRouteCanvasVisualizer"""
General-317-20260718-15:48:02-5193,param,Florasat_Individual_Sats.visualizer.canvasVisualizer.networkRouteVisualizer,visualizationTargetModule,,,"""^.^.^"""
General-317-20260718-15:48:02-5193,param,Florasat_Individual_Sats.visualizer.canvasVisualizer.networkRouteVisualizer,visualizationSubjectModule,,,"""^.^.^"""
General-317-20260718-15:48:02-5193,param,Florasat_Individual_Sats.visualizer.canvasVisualizer.networkRouteVisualizer,tags,,,""""""
General-317-20260718-15:48:02-5193,param,Florasat_Individual_Sats.visualizer.canvasVisualizer.networkRouteVisualizer,displayRoutes,,,false
General-317-20260718-15:48:02-5193,param,Florasat_Individual_Sats.visualizer.canvasVisualizer.networkRouteVisualizer,startPathSignal,,,"""packetReceivedFromUpper"""
General-317-20260718-15:48:02-5193,param,Florasat_Individual_Sats.visualizer.canvasVisualizer.networkRouteVisualizer,extendPathSignal,,,"""packetReceivedFromLower"""
General-317-20260718-15:48:02-5193,param,Florasat_Individual_Sats.visualizer.canvasVisualizer.networkRouteVisualizer,endPathSignal,,,"""packetSentToUpper"""
General-317-20260718-15:48:02-5193,param,Florasat_Individual_Sats.visualizer.canvasVisualizer.networkRouteVisualizer,nodeFilter,,,"""*"""
General-317-20260718-15:48:02-5193,attr,Florasat_Individual_Sats.visualizer.canvasVisualizer.networkRouteVisualizer,nodeFilter,mutable,,
General-317-20260718-15:48:02-5193,param,Florasat_Individual_Sats.visualizer.canvasVisualizer.networkRouteVisualizer,packetFilter,,,"(omnetpp::cValueHolder)holder: ""*"""
General-317-20260718-15:48:02-5193,attr,Florasat_Individual_Sats.visualizer.canvasVisualizer.networkRouteVisualizer,packetFilter,mutable,,
General-317-20260718-15:48:02-5193,param,Florasat_Individual_Sats.visualizer.canvasVisualizer.networkRouteVisualizer,lineColor,,,"""dark"""
General-317-20260718-15:48:02-5193,param,Florasat_Individual_Sats.visualizer.canvasVisualizer.networkRouteVisualizer,lineStyle,,,"""solid"""
General-317-20260718-15:48:02-5193,param,Florasat_Individual_Sats.visualizer.canvasVisualizer.networkRouteVisualizer,lineWidth,,,3
General-317-20260718-15:48:02-5193,param,Florasat_Individual_Sats.visualizer.canvasVisualizer.networkRouteVisualizer,lineSmooth,,,false
General-317-20260718-15:48:02-5193,param,Florasat_Individual_Sats.visualizer.canvasVisualizer.networkRouteVisualizer,lineShift,,,16
General-317-20260718-15:48:02-5193,param,Florasat_Individual_Sats.visualizer.canvasVisualizer.networkRouteVisualizer,lineShiftMode,,,"""normal"""
General-317-20260718-15:48:02-5193,param,Florasat_Individual_Sats.visualizer.canvasVisualizer.networkRouteVisualizer,lineContactSpacing,,,3
General-317-20260718-15:48:02-5193,param,Florasat_Individual_Sats.visualizer.canvasVisualizer.networkRouteVisualizer,lineContactMode,,,"""rectangular"""
General-317-20260718-15:48:02-5193,attr,Florasat_Individual_Sats.visualizer.canvasVisualizer.networkRouteVisualizer,lineContactMode,enum,"circular,rectangular",
General-317-20260718-15:48:02-5193,param,Florasat_Individual_Sats.visualizer.canvasVisualizer.networkRouteVisualizer,labelFormat,,,"""%n"""
General-317-20260718-15:48:02-5193,param,Florasat_Individual_Sats.visualizer.canvasVisualizer.networkRouteVisualizer,labelFont,,,"""<default>, 8px"""
General-317-20260718-15:48:02-5193,param,Florasat_Individual_Sats.visualizer.canvasVisualizer.networkRouteVisualizer,labelColor,,,""""""
General-317-20260718-15:48:02-5193,param,Florasat_Individual_Sats.visualizer.canvasVisualizer.networkRouteVisualizer,fadeOutMode,,,"""realTime"""
General-317-20260718-15:48:02-5193,attr,Florasat_Individual_Sats.visualizer.canvasVisualizer.networkRouteVisualizer,fadeOutMode,enum,"realTime,animationTime,simulationTime",
General-317-20260718-15:48:02-5193,param,Florasat_Individual_Sats.visualizer.canvasVisualizer.networkRouteVisualizer,fadeOutTime,,,1s
General-317-20260718-15:48:02-5193,attr,Florasat_Individual_Sats.visualizer.canvasVisualizer.networkRouteVisualizer,fadeOutTime,unit,s,
General-317-20260718-15:48:02-5193,param,Florasat_Individual_Sats.visualizer.canvasVisualizer.networkRouteVisualizer,fadeOutAnimationSpeed,,,0
General-317-20260718-15:48:02-5193,param,Florasat_Individual_Sats.visualizer.canvasVisualizer.networkRouteVisualizer,zIndex,,,3
General-317-20260718-15:48:02-5193,param,Florasat_Individual_Sats.visualizer.canvasVisualizer.routingTableVisualizer,typename,,,"""inet.visualizer.canvas.networklayer.RoutingTableCanvasVisualizer"""
General-317-20260718-15:48:02-5193,param,Florasat_Individual_Sats.visualizer.canvasVisualizer.routingTableVisualizer,visualizationTargetModule,,,"""^.^.^"""
General-317-20260718-15:48:02-5193,param,Florasat_Individual_Sats.visualizer.canvasVisualizer.routingTableVisualizer,visualizationSubjectModule,,,"""^.^.^"""
General-317-20260718-15:48:02-5193,param,Florasat_Individual_Sats.visualizer.canvasVisualizer.routingTableVisualizer,tags,,,""""""
General-317-20260718-15:48:02-5193,param,Florasat_Individual_Sats.visualizer.canvasVisualizer.routingTableVisualizer,displayRoutingTables,,,false
General-317-20260718-15:48:02-5193,param,Florasat_Individual_Sats.visualizer.canvasVisualizer.routingTableVisualizer,displayRoutesIndividually,,,true
General-317-20260718-15:48:02-5193,param,Florasat_Individual_Sats.visualizer.canvasVisualizer.routingTableVisualizer,displayLabels,,,true
General-317-20260718-15:48:02-5193,param,Florasat_Individual_Sats.visualizer.canvasVisualizer.routingTableVisualizer,destinationFilter,,,"""*"""
General-317-20260718-15:48:02-5193,attr,Florasat_Individual_Sats.visualizer.canvasVisualizer.routingTableVisualizer,destinationFilter,mutable,,
General-317-20260718-15:48:02-5193,param,Florasat_Individual_Sats.visualizer.canvasVisualizer.routingTableVisualizer,nodeFilter,,,"""*"""
General-317-20260718-15:48:02-5193,attr,Florasat_Individual_Sats.visualizer.canvasVisualizer.routingTableVisualizer,nodeFilter,mutable,,
General-317-20260718-15:48:02-5193,param,Florasat_Individual_Sats.visualizer.canvasVisualizer.routingTableVisualizer,lineColor,,,"""black"""
General-317-20260718-15:48:02-5193,param,Florasat_Individual_Sats.visualizer.canvasVisualizer.routingTableVisualizer,lineStyle,,,"""solid"""
General-317-20260718-15:48:02-5193,param,Florasat_Individual_Sats.visualizer.canvasVisualizer.routingTableVisualizer,lineWidth,,,2
General-317-20260718-15:48:02-5193,param,Florasat_Individual_Sats.visualizer.canvasVisualizer.routingTableVisualizer,lineShift,,,16
General-317-20260718-15:48:02-5193,param,Florasat_Individual_Sats.visualizer.canvasVisualizer.routingTableVisualizer,lineShiftMode,,,"""normal"""
General-317-20260718-15:48:02-5193,param,Florasat_Individual_Sats.visualizer.canvasVisualizer.routingTableVisualizer,lineContactSpacing,,,3
General-317-20260718-15:48:02-5193,param,Florasat_Individual_Sats.visualizer.canvasVisualizer.routingTableVisualizer,lineContactMode,,,"""rectangular"""
General-317-20260718-15:48:02-5193,attr,Florasat_Individual_Sats.visualizer.canvasVisualizer.routingTableVisualizer,lineContactMode,enum,"circular,rectangular",
General-317-20260718-15:48:02-5193,param,Florasat_Individual_Sats.visualizer.canvasVisualizer.routingTableVisualizer,labelFormat,,,"""%d/%m -> %g (%n)"""
General-317-20260718-15:48:02-5193,attr,Florasat_Individual_Sats.visualizer.canvasVisualizer.routingTableVisualizer,labelFormat,mutable,,
General-317-20260718-15:48:02-5193,param,Florasat_Individual_Sats.visualizer.canvasVisualizer.routingTableVisualizer,labelFont,,,"""<default>, 8px"""
General-317-20260718-15:48:02-5193,param,Florasat_Individual_Sats.visualizer.canvasVisualizer.routingTableVisualizer,labelColor,,,"""black"""
General-317-20260718-15:48:02-5193,param,Florasat_Individual_Sats.visualizer.canvasVisualizer.routingTableVisualizer,zIndex,,,0
General-317-20260718-15:48:02-5193,param,Florasat_Individual_Sats.visualizer.canvasVisualizer.transportRouteVisualizer,typename,,,"""inet.visualizer.canvas.transportlayer.TransportRouteCanvasVisualizer"""
General-317-20260718-15:48:02-5193,param,Florasat_Individual_Sats.visualizer.canvasVisualizer.transportRouteVisualizer,visualizationTargetModule,,,"""^.^.^"""
General-317-20260718-15:48:02-5193,param,Florasat_Individual_Sats.visualizer.canvasVisualizer.transportRouteVisualizer,visualizationSubjectModule,,,"""^.^.^"""
General-317-20260718-15:48:02-5193,param,Florasat_Individual_Sats.visualizer.canvasVisualizer.transportRouteVisualizer,tags,,,""""""
General-317-20260718-15:48:02-5193,param,Florasat_Individual_Sats.visualizer.canvasVisualizer.transportRouteVisualizer,displayRoutes,,,false
General-317-20260718-15:48:02-5193,param,Florasat_Individual_Sats.visualizer.canvasVisualizer.transportRouteVisualizer,startPathSignal,,,"""packetReceivedFromUpper"""
General-317-20260718-15:48:02-5193,param,Florasat_Individual_Sats.visualizer.canvasVisualizer.transportRouteVisualizer,extendPathSignal,,,"""packetReceivedFromLower"""
General-317-20260718-15:48:02-5193,param,Florasat_Individual_Sats.visualizer.canvasVisualizer.transportRouteVisualizer,endPathSignal,,,"""packetSentToUpper"""
General-317-20260718-15:48:02-5193,param,Florasat_Individual_Sats.visualizer.canvasVisualizer.transportRouteVisualizer,nodeFilter,,,"""*"""
General-317-20260718-15:48:02-5193,attr,Florasat_Individual_Sats.visualizer.canvasVisualizer.transportRouteVisualizer,nodeFilter,mutable,,
General-317-20260718-15:48:02-5193,param,Florasat_Individual_Sats.visualizer.canvasVisualizer.transportRouteVisualizer,packetFilter,,,"(omnetpp::cValueHolder)holder: ""*"""
General-317-20260718-15:48:02-5193,attr,Florasat_Individual_Sats.visualizer.canvasVisualizer.transportRouteVisualizer,packetFilter,mutable,,
General-317-20260718-15:48:02-5193,param,Florasat_Individual_Sats.visualizer.canvasVisualizer.transportRouteVisualizer,lineColor,,,"""dark"""
General-317-20260718-15:48:02-5193,param,Florasat_Individual_Sats.visualizer.canvasVisualizer.transportRouteVisualizer,lineStyle,,,"""solid"""
General-317-20260718-15:48:02-5193,param,Florasat_Individual_Sats.visualizer.canvasVisualizer.transportRouteVisualizer,lineWidth,,,3
General-317-20260718-15:48:02-5193,param,Florasat_Individual_Sats.visualizer.canvasVisualizer.transportRouteVisualizer,lineSmooth,,,false
General-317-20260718-15:48:02-5193,param,Florasat_Individual_Sats.visualizer.canvasVisualizer.transportRouteVisualizer,lineShift,,,16
General-317-20260718-15:48:02-5193,param,Florasat_Individual_Sats.visualizer.canvasVisualizer.transportRouteVisualizer,lineShiftMode,,,"""normal"""
General-317-20260718-15:48:02-5193,param,Florasat_Individual_Sats.visualizer.canvasVisualizer.transportRouteVisualizer,lineContactSpacing,,,3
General-317-20260718-15:48:02-5193,param,Florasat_Individual_Sats.visualizer.canvasVisualizer.transportRouteVisualizer,lineContactMode,,,"""rectangular"""
General-317-20260718-15:48:02-5193,attr,Florasat_Individual_Sats.visualizer.canvasVisualizer.transportRouteVisualizer,lineContactMode,enum,"circular,rectangular",
General-317-20260718-15:48:02-5193,param,Florasat_Individual_Sats.visualizer.canvasVisualizer.transportRouteVisualizer,labelFormat,,,"""%n"""
General-317-20260718-15:48:02-5193,param,Florasat_Individual_Sats.visualizer.canvasVisualizer.transportRouteVisualizer,labelFont,,,"""<default>, 8px"""
General-317-20260718-15:48:02-5193,param,Florasat_Individual_Sats.visualizer.canvasVisualizer.transportRouteVisualizer,labelColor,,,""""""
General-317-20260718-15:48:02-5193,param,Florasat_Individual_Sats.visualizer.canvasVisualizer.transportRouteVisualizer,fadeOutMode,,,"""realTime"""
General-317-20260718-15:48:02-5193,attr,Florasat_Individual_Sats.visualizer.canvasVisualizer.transportRouteVisualizer,fadeOutMode,enum,"realTime,animationTime,simulationTime",
General-317-20260718-15:48:02-5193,param,Florasat_Individual_Sats.visualizer.canvasVisualizer.transportRouteVisualizer,fadeOutTime,,,1s
General-317-20260718-15:48:02-5193,attr,Florasat_Individual_Sats.visualizer.canvasVisualizer.transportRouteVisualizer,fadeOutTime,unit,s,
General-317-20260718-15:48:02-5193,param,Florasat_Individual_Sats.visualizer.canvasVisualizer.transportRouteVisualizer,fadeOutAnimationSpeed,,,0
General-317-20260718-15:48:02-5193,param,Florasat_Individual_Sats.visualizer.canvasVisualizer.transportRouteVisualizer,zIndex,,,4
General-317-20260718-15:48:02-5193,param,Florasat_Individual_Sats.visualizer.canvasVisualizer.transportConnectionVisualizer,typename,,,"""inet.visualizer.canvas.transportlayer.TransportConnectionCanvasVisualizer"""
General-317-20260718-15:48:02-5193,param,Florasat_Individual_Sats.visualizer.canvasVisualizer.transportConnectionVisualizer,visualizationTargetModule,,,"""^.^.^"""
General-317-20260718-15:48:02-5193,param,Florasat_Individual_Sats.visualizer.canvasVisualizer.transportConnectionVisualizer,visualizationSubjectModule,,,"""^.^.^"""
General-317-20260718-15:48:02-5193,param,Florasat_Individual_Sats.visualizer.canvasVisualizer.transportConnectionVisualizer,tags,,,""""""
General-317-20260718-15:48:02-5193,param,Florasat_Individual_Sats.visualizer.canvasVisualizer.transportConnectionVisualizer,networkNodeVisualizerModule,,,"""^.networkNodeVisualizer"""
General-317-20260718-15:48:02-5193,param,Florasat_Individual_Sats.visualizer.canvasVisualizer.transportConnectionVisualizer,displayTransportConnections,,,false
General-317-20260718-15:48:02-5193,param,Florasat_Individual_Sats.visualizer.canvasVisualizer.transportConnectionVisualizer,sourceNodeFilter,,,"""*"""
General-317-20260718-15:48:02-5193,attr,Florasat_Individual_Sats.visualizer.canvasVisualizer.transportConnectionVisualizer,sourceNodeFilter,mutable,,
General-317-20260718-15:48:02-5193,param,Florasat_Individual_Sats.visualizer.canvasVisualizer.transportConnectionVisualizer,sourcePortFilter,,,"""*"""
General-317-20260718-15:48:02-5193,attr,Florasat_Individual_Sats.visualizer.canvasVisualizer.transportConnectionVisualizer,sourcePortFilter,mutable,,
General-317-20260718-15:48:02-5193,param,Florasat_Individual_Sats.visualizer.canvasVisualizer.transportConnectionVisualizer,destinationNodeFilter,,,"""*"""
General-317-20260718-15:48:02-5193,attr,Florasat_Individual_Sats.visualizer.canvasVisualizer.transportConnectionVisualizer,destinationNodeFilter,mutable,,
General-317-20260718-15:48:02-5193,param,Florasat_Individual_Sats.visualizer.canvasVisualizer.transportConnectionVisualizer,destinationPortFilter,,,"""*"""
General-317-20260718-15:48:02-5193,attr,Florasat_Individual_Sats.visualizer.canvasVisualizer.transportConnectionVisualizer,destinationPortFilter,mutable,,
General-317-20260718-15:48:02-5193,param,Florasat_Individual_Sats.visualizer.canvasVisualizer.transportConnectionVisualizer,icon,,,"""misc/marker_s"""
General-317-20260718-15:48:02-5193,param,Florasat_Individual_Sats.visualizer.canvasVisualizer.transportConnectionVisualizer,iconColor,,,"""dark"""
General-317-20260718-15:48:02-5193,param,Florasat_Individual_Sats.visualizer.canvasVisualizer.transportConnectionVisualizer,labelFont,,,"""<default>"""
General-317-20260718-15:48:02-5193,param,Florasat_Individual_Sats.visualizer.canvasVisualizer.transportConnectionVisualizer,labelColor,,,"""black"""
General-317-20260718-15:48:02-5193,param,Florasat_Individual_Sats.visualizer.canvasVisualizer.transportConnectionVisualizer,placementHint,,,"""top"""
General-317-20260718-15:48:02-5193,param,Florasat_Individual_Sats.visualizer.canvasVisualizer.transportConnectionVisualizer,placementPriority,,,0
General-317-20260718-15:48:02-5193,param,Florasat_Individual_Sats.visualizer.canvasVisualizer.transportConnectionVisualizer,zIndex,,,4
General-317-20260718-15:48:02-5193,param,Florasat_Individual_Sats.visualizer.canvasVisualizer.failureProtectionConfigurationVisualizer,typename,,,"""inet.visualizer.canvas.configurator.FailureProtectionConfigurationCanvasVisualizer"""
General-317-20260718-15:48:02-5193,param,Florasat_Individual_Sats.visualizer.canvasVisualizer.failureProtectionConfigurationVisualizer,visualizationTargetModule,,,"""^.^.^"""
General-317-20260718-15:48:02-5193,param,Florasat_Individual_Sats.visualizer.canvasVisualizer.failureProtectionConfigurationVisualizer,visualizationSubjectModule,,,"""^.^.^"""
General-317-20260718-15:48:02-5193,param,Florasat_Individual_Sats.visualizer.canvasVisualizer.failureProtectionConfigurationVisualizer,tags,,,""""""
General-317-20260718-15:48:02-5193,param,Florasat_Individual_Sats.visualizer.canvasVisualizer.failureProtectionConfigurationVisualizer,displayTrees,,,false
General-317-20260718-15:48:02-5193,param,Florasat_Individual_Sats.visualizer.canvasVisualizer.failureProtectionConfigurationVisualizer,lineColor,,,"""dark"""
General-317-20260718-15:48:02-5193,param,Florasat_Individual_Sats.visualizer.canvasVisualizer.failureProtectionConfigurationVisualizer,lineStyle,,,"""solid"""
General-317-20260718-15:48:02-5193,param,Florasat_Individual_Sats.visualizer.canvasVisualizer.failureProtectionConfigurationVisualizer,lineWidth,,,3
General-317-20260718-15:48:02-5193,param,Florasat_Individual_Sats.visualizer.canvasVisualizer.failureProtectionConfigurationVisualizer,lineSmooth,,,false
General-317-20260718-15:48:02-5193,param,Florasat_Individual_Sats.visualizer.canvasVisualizer.failureProtectionConfigurationVisualizer,lineShift,,,16
General-317-20260718-15:48:02-5193,param,Florasat_Individual_Sats.visualizer.canvasVisualizer.failureProtectionConfigurationVisualizer,lineShiftMode,,,"""normal"""
General-317-20260718-15:48:02-5193,param,Florasat_Individual_Sats.visualizer.canvasVisualizer.failureProtectionConfigurationVisualizer,lineContactSpacing,,,3
General-317-20260718-15:48:02-5193,param,Florasat_Individual_Sats.visualizer.canvasVisualizer.failureProtectionConfigurationVisualizer,lineContactMode,,,"""rectangular"""
General-317-20260718-15:48:02-5193,attr,Florasat_Individual_Sats.visualizer.canvasVisualizer.failureProtectionConfigurationVisualizer,lineContactMode,enum,"circular,rectangular",
General-317-20260718-15:48:02-5193,param,Florasat_Individual_Sats.visualizer.canvasVisualizer.failureProtectionConfigurationVisualizer,failureProtectionConfiguratorModule,,,"""failureProtectionConfigurator"""
General-317-20260718-15:48:02-5193,param,Florasat_Individual_Sats.visualizer.canvasVisualizer.failureProtectionConfigurationVisualizer,streamFilter,,,"""*"""
General-317-20260718-15:48:02-5193,param,Florasat_Individual_Sats.visualizer.canvasVisualizer.failureProtectionConfigurationVisualizer,zIndex,,,3
General-317-20260718-15:48:02-5193,param,Florasat_Individual_Sats.visualizer.canvasVisualizer.streamRedundancyConfigurationVisualizer,typename,,,"""inet.visualizer.canvas.configurator.StreamRedundancyConfigurationCanvasVisualizer"""
General-317-20260718-15:48:02-5193,param,Florasat_Individual_Sats.visualizer.canvasVisualizer.streamRedundancyConfigurationVisualizer,visualizationTargetModule,,,"""^.^.^"""
General-317-20260718-15:48:02-5193,param,Florasat_Individual_Sats.visualizer.canvasVisualizer.streamRedundancyConfigurationVisualizer,visualizationSubjectModule,,,"""^.^.^"""
General-317-20260718-15:48:02-5193,param,Florasat_Individual_Sats.visualizer.canvasVisualizer.streamRedundancyConfigurationVisualizer,tags,,,""""""
General-317-20260718-15:48:02-5193,param,Florasat_Individual_Sats.visualizer.canvasVisualizer.streamRedundancyConfigurationVisualizer,displayTrees,,,false
General-317-20260718-15:48:02-5193,param,Florasat_Individual_Sats.visualizer.canvasVisualizer.streamRedundancyConfigurationVisualizer,lineColor,,,"""dark"""
General-317-20260718-15:48:02-5193,param,Florasat_Individual_Sats.visualizer.canvasVisualizer.streamRedundancyConfigurationVisualizer,lineStyle,,,"""solid"""
General-317-20260718-15:48:02-5193,param,Florasat_Individual_Sats.visualizer.canvasVisualizer.streamRedundancyConfigurationVisualizer,lineWidth,,,3
General-317-20260718-15:48:02-5193,param,Florasat_Individual_Sats.visualizer.canvasVisualizer.streamRedundancyConfigurationVisualizer,lineSmooth,,,false
General-317-20260718-15:48:02-5193,param,Florasat_Individual_Sats.visualizer.canvasVisualizer.streamRedundancyConfigurationVisualizer,lineShift,,,16
General-317-20260718-15:48:02-5193,param,Florasat_Individual_Sats.visualizer.canvasVisualizer.streamRedundancyConfigurationVisualizer,lineShiftMode,,,"""normal"""
General-317-20260718-15:48:02-5193,param,Florasat_Individual_Sats.visualizer.canvasVisualizer.streamRedundancyConfigurationVisualizer,lineContactSpacing,,,3
General-317-20260718-15:48:02-5193,param,Florasat_Individual_Sats.visualizer.canvasVisualizer.streamRedundancyConfigurationVisualizer,lineContactMode,,,"""rectangular"""
General-317-20260718-15:48:02-5193,attr,Florasat_Individual_Sats.visualizer.canvasVisualizer.streamRedundancyConfigurationVisualizer,lineContactMode,enum,"circular,rectangular",
General-317-20260718-15:48:02-5193,param,Florasat_Individual_Sats.visualizer.canvasVisualizer.streamRedundancyConfigurationVisualizer,streamRedundancyConfiguratorModule,,,"""streamRedundancyConfigurator"""
General-317-20260718-15:48:02-5193,param,Florasat_Individual_Sats.visualizer.canvasVisualizer.streamRedundancyConfigurationVisualizer,streamFilter,,,"""*"""
General-317-20260718-15:48:02-5193,param,Florasat_Individual_Sats.visualizer.canvasVisualizer.streamRedundancyConfigurationVisualizer,zIndex,,,3
General-317-20260718-15:48:02-5193,param,Florasat_Individual_Sats.visualizer.canvasVisualizer,typename,,,"""inet.visualizer.canvas.integrated.IntegratedCanvasVisualizer"""
General-317-20260718-15:48:02-5193,param,Florasat_Individual_Sats.visualizer,typename,,,"""inet.visualizer.common.IntegratedVisualizer"""
General-317-20260718-15:48:02-5193,param,Florasat_Individual_Sats.configurator,typename,,,"""inet.networklayer.configurator.ipv4.Ipv4NetworkConfigurator"""
General-317-20260718-15:48:02-5193,param,Florasat_Individual_Sats.configurator,minLinkWeight,,,0.001
General-317-20260718-15:48:02-5193,param,Florasat_Individual_Sats.configurator,configureIsolatedNetworksSeparatly,,,false
General-317-20260718-15:48:02-5193,param,Florasat_Individual_Sats.configurator,config,,,<config>...</config> at content:1
General-317-20260718-15:48:02-5193,param,Florasat_Individual_Sats.configurator,assignAddresses,,,true
General-317-20260718-15:48:02-5193,param,Florasat_Individual_Sats.configurator,assignUniqueAddresses,,,true
General-317-20260718-15:48:02-5193,param,Florasat_Individual_Sats.configurator,assignDisjunctSubnetAddresses,,,true
General-317-20260718-15:48:02-5193,param,Florasat_Individual_Sats.configurator,addStaticRoutes,,,true
General-317-20260718-15:48:02-5193,param,Florasat_Individual_Sats.configurator,addDefaultRoutes,,,true
General-317-20260718-15:48:02-5193,param,Florasat_Individual_Sats.configurator,addSubnetRoutes,,,true
General-317-20260718-15:48:02-5193,param,Florasat_Individual_Sats.configurator,addDirectRoutes,,,true
General-317-20260718-15:48:02-5193,param,Florasat_Individual_Sats.configurator,optimizeRoutes,,,true
General-317-20260718-15:48:02-5193,param,Florasat_Individual_Sats.configurator,dumpTopology,,,false
General-317-20260718-15:48:02-5193,param,Florasat_Individual_Sats.configurator,dumpLinks,,,false
General-317-20260718-15:48:02-5193,param,Florasat_Individual_Sats.configurator,dumpAddresses,,,false
General-317-20260718-15:48:02-5193,param,Florasat_Individual_Sats.configurator,dumpRoutes,,,false
General-317-20260718-15:48:02-5193,param,Florasat_Individual_Sats.configurator,dumpConfig,,,""""""
General-317-20260718-15:48:02-5193,param,Florasat_Individual_Sats.transmissionStatistics,typename,,,"""Global.Statistics.TransmissionStatistics.TransmissionStatistics"""
General-317-20260718-15:48:02-5193,param,Florasat_Individual_Sats.transmissionPredictor,typename,,,"""Global.Transmission_Predictor.Transmission_Predictor"""
General-317-20260718-15:48:02-5193,param,Florasat_Individual_Sats.transmissionPredictor,modelPath,,,""""""
General-317-20260718-15:48:02-5193,param,Florasat_Individual_Sats.transmissionPredictor,threshold,,,0.5
General-317-20260718-15:48:02-5193,param,Florasat_Individual_Sats.transmissionPredictor,scalerPath,,,""""""
General-317-20260718-15:48:02-5193,param,Florasat_Individual_Sats,typename,,,"""Florasat.Test_Individual.Florasat_Individual_Sats"""
General-317-20260718-15:48:02-5193,param,Florasat_Individual_Sats,numTerminals,,,60
General-317-20260718-15:48:02-5193,param,Florasat_Individual_Sats,numSatellites,,,1
General-317-20260718-15:48:02-5193,param,Florasat_Individual_Sats,numStations,,,3
General-317-20260718-15:48:02-5193,param,Florasat_Individual_Sats,stats_altitude,,,670
General-317-20260718-15:48:02-5193,param,Florasat_Individual_Sats,stats_raan,,,185
General-317-20260718-15:48:02-5193,param,Florasat_Individual_Sats,train_or_test,,,""""""
